11111111111111111111111111111111111111111111111111111111111111111111111111111111111111111111111111111111111111111111111111111111
11111111111111111111111111111111111111111111111111111111111111111111111111111111111111111111111111111111111111111111111111111111
11111111111111111111111111111111111111111111111111111111111111111111111111111111101111111110011111111111111111111111111111111111
11111111111111111111111111111111111111111111111111111111111111111111111111111111101111111110011111110111111111111111111111111111
11111111111111111111111111111111111111111111111111111111111111111111111111111110001111111100011111110000111111111111111111110111
11111111111111111111111111111111111111111111111111111111111111111111111111111000000111111000001111110000111111111111111111110111
11111111111111111111111111111111111111111111111111111111111111111111111111111000000111111000001111110000111111111111111111110111
11111111111111111111111111111111111111111111111111111111111111111111111111111000000111111000001111110000111111111111111111110111
11111111111111111111111111111111111111111111111111111111111111111111101111111000000111110000001111100000111111111111111111110111
11111111111111111111111111111111111111111111111111111111111111111111101111111000000111110000001111100000111111111111111111110111
11111111111111111111111111111111111111111111111011111111111111111111101111111000000111110000001111100000111111111111111111100111
11111111111111011111111111111111111111111111111011111111111111111111001111111000000111110000001111100000111111111111111111100111
11111111111111011111111111111111111111111111111011111111111111111111001111111000000111110000001111100000111111111111111111100111
11111111111110011111111110111111111111111111110011111111111111111111001111111100000111110000001111100000111111111111111111100111
11111111111110001111111110111111111111111111110011111111111111111111000111111100000111110000001111100000111111111111111111100111
11111111111110001111111110111111111111111111110011111111111111111111000111111100000111111000001111100000111111111111111111100111
11111111111110001111111110111111111111111111110001111111111111111111000111111100000111111000001111100000111111111111111111100111
11111111111100001111111100011111111111111111110001111111111111111111000111111100000111111000001111100000111111111111111111100111
11111111111100001111111100011111111111111111110001111111111111111111000111111100000111111000001111100000111111111111111111100111
11111111111100001111111100011111111111111111110001111111111111111111000111111100000111111000001111100001111111111111111111100111
11111111111100001111111100011111111111111111110001111111111111111111000111111100000111111000001111100001111111111111111111100111
11111111111100011111111100011111111111111111110001111111111111111111000111111100000111111100001111100011111111111111111111100111
11111111111100011111111100011111111111111111110001111111111111111111000111111110000111111100001111100011111111111111111111100111
11111111111100011111111100011111111111111111110001111111111111111111000111111110000111111100001111100011111111111111111111000111
11111111111100011111111100011111111111111111110001111111111111111111000111111110000111111100001111100011111111111111111111000111
11111111111100111111111100011111111111111111110001111111111111111111000111111110000111111100001111100011111111111111111111000111
11111111111100111111111100011111111111111111110001111111111111111110000111111110000111111100001111100011111111111111111111000111
11111111111100111111111100011111111111111111110001111111111111111110000111111110000111111100001111100011111111111111111111000111
11111111111100111111111100011111111111111111110001111111111111111110000111111110000111111100001111100011111111111111111111000111
11111111111100111111111100011111111101111111110001111111111111111110000111111110000111111100001111100011111111111111111111000111
11111111111100111111111100011111111101111111110001111111111111111110000111111110000111111100001111100011111111111111111111000111
11111111111100111111111100011111111001111111110001111111111111111111000111111110000111111100001111100011111111111111111111000111
11111111111100111111111100011111111001111111110001111111111111111111000111111110000111111100001111100011111111111111111111000111
11111111111100111111111100011111111001111111110001111111111111111111000111111110000111111100011111100011111111111111111111000111
11111111111100111111111100011111111001111111110001111111111111111111000111111110001111111100011111100011111111111111111110000111
11111111111100111111111100011111111001111111110001111111111111111111000111111110001111111100011111100011111111111111111110000111
11111111111100111111111100011111111001111111110001111111111111111111000111111110001111111100011111100011111111111111111110000111
11111111111100111111111100011111111001111111110001111111111111111111000111111110001111111100011111100011111111111111111110000111
11111111111100111111111100011111111001111111110001111111111111111111000111111110001111111100011111100011111111111111111110000111
11111111111100111111111100011111111001111111110001111111111111111111000111111110001111111100011111100011111111111111111110000111
11111111111100111111111100011111110001111111110001111111111111111111000111111110001111111100011111100011111111111111111110000111
11111111111100111111111100011111110001111111110001111111111111111111000111111110001111111100011111100001111111111111111110000111
11111111111100111111111100011111110001111111110001111111111111111111000111111110001111111100011111100001111111111111111110000111
11111111111100111111111100011111110001111111110001111111111111111111000111111110001111111100011111100001111111111111111110000111
11111111111100111111111100011111110001111111110001111111111111111111000111111110001111111100011111100001111111111111111110000111
11111111111100111111111100011111110001111111110001111111111111111111000111111110001111111100011111100001111111111111111110000111
11111111111100111111111100011111110001111111110001111111111111111111000111111110001111111100011111100001111111111111111100000111
11111111111100111111111100011111110001111111110001111111111111111111000111111110001111111100011111100000111111111111111100000111
11111111111100111111111100011111110001111111111001111111111111111111100111111110001111111100011111100000111111111111111100000111
11111111111100011111111110011111110001111111111001111111111111111111100111111110001111111100011111100000111111111111111100000011
11111111111100011111111110011111110000111111111001111111111111111111100111111110001111111100011111100000111111110001111100000011
11111111111100011111111110011111110000111111111001111111111111111111100111111110001111111100011111100000111111110001111100000011
11111111111100011111111110011111110000111111111001111111111111111111100111111110001111111100011111110000111111000001111100000011
11111111111100011111111110011111110000111111111001111111111111111111100111111110001111111100011111110000111111000000111100000011
11111111111100011111111110011111110000111111111001111111111111111111100111111110001111111100011111110000111111000000111100000011
11111111111100011111111110011111110000111111111001111111111011111111100111111110001111111100011111110000111111000000111100000011
11111111111100001111111110011111110000111111111001111111000001111111100111111110000111111100011111110000111110000000111100000011
11111111111100001111111110011111110000111111111001111111000001111111100111111110000111111100011111110000111110000000111100000011
11111111111110001111111110011111110000111111111001111111000001111111100111111110000111111100011111110000111110000000111100000011
11111111111110001111111110011111100000011111111001111111000001111111100111111110000111111100001111110000011110000000111100000001
11111111111110001111111110011111100000011111111001111111000001111111100111111110000111111100001111110000011110000000111100000001
11000111111110001111111110011111100000011111111001111111000001111111100111111110000111111100001111111000011110000000111100000001
11000111111110001111111110011111100000011111111001111110000001111111100111111110000111111100001111111000011110000000111100000001
11000111111111001111111110011111100000011111111001111111000001111111100111111110000111111110001111111100011110000000111100000001
11000011111111001111111110011111100000011111111001111111000001111111100111111111000111111110001111111100011110000000111100000001
10000011111111000111111110011111100000011111111001111111000001111111100111111111000111111110001111111100011110000000111100000001
10000011111111000111111110011111100000011111111001111111000001111111100111111111000111111110001111111100011110000000111100000001
10000011111111100111111110011111100000011111111001111111000001111111100111111111000111111110001111111100011111000000111100010001
10000011111111100111111110011111100000011111111001111111000001111111100111111111000111111110001111111100011111000000111100010001
10000011111111100111111110011111100010011111111001111111000001111111100111111111000111111111001111111100011111000000111100010001
10000011111111100111111110011111100010011111111001111111000001111111100111111111100111111111001111111110011111000000111100011001
10000011111111100111111110011111100010001111111001111111000001111111100111111111100011111111001111111110011111000000111100011001
11000011111111100111111110011111100110001111111001111111000001111111100111111111100011111111001111111110011111000000111100011001
11000011111111100111111110011111100110001111111001111111111001111111100111111111100011111111001111111110011111000000111100111001
11000011111111100111111110011111100110001111111001111111111001111111100111111111100011111111000111111110011111000000111100111001
11000111111111100111111110011111100111001111111001111111111111111111100111111111100011111111000111111110011111111011111100111001
11111111111111110111111110011111100111001111111001111111111111111111100111111111100011111111000111111110011111111111111100111001
11111111111111110111111110011111100111001111111001111111111111111111100111111111100011111111000111111110011111111111111100111001
11111111111111110111111110011111100111001111111001111111111111111111100111111111100011111111000111111110011111111111111100111001
11111111111111110111111110011111101111001111111001111111111111111111100111111111100011111111000111111110011111111111111100111001
11111111111111110111111110011111101111001111111001111111111111111111100111111111100011111111000111111110011111111111111100111001
11111111111111110111111110011111101111001111111001111111111111111111100111111111110011111111000111111110011111111111111100111001
11111111111111110111111110011111101111001111111001111111111111111111100111111111110011111111000111111110011111111111111100111001
11111111111111110111111110011111101111001111111001111111111111111111100111111111110011111111000111111110011111111111111100111001
11111111111111110111111110011111101111001111111001111111111111111111100111111111110011111111000111111110011111111111111100111001
11111111111111110111111110011111101111001111111001111111111111111111100111111111110011111111000111111110011111111111111100111001
11111111111111110111111110011111101111001111111001111111111111111111100111111111110011111111000111111110011111111111111100111001
11111111111111110111111110011111101111001111111001111111111111111111100111111111110011111111000111111110011111111111111100111001
11111111111111110111111110011111101111001111111001111111111111111111100111111111110011111111000111111110011111111111111100111001
11111111111111110111111110011111101111001111111001111111111111111111100111111111110011111111000111111110011111111111111100111001
11111111111111110111111111011111101111001111111001111111111111111111100111111111110011111111000111111110011111111111111100111001
11111111111111110111111111011111101111001111111001111111111111111111100111111111110011111111000111111110011111111111111100111001
11111111111111110111111111011111101111001111111001111111111111111111100111111111110011111111000111111110011111111111111100111001
11111111111111110111111111011111101111011111111001111111111111111111100111111111110011111111000111111110011111111111111100111001
11111111111111111111111110011111101111011111111001111111111111111111100111111111110011111111000111111110011111111111111100111001
11111111111111111111111110011111100111011111111001111111111111111111100111111111110011111111000111111110011111111111111100111001
11111111111111111111111110011111100111011111111001111111111111111111100111111111110011111111000111111110011111111111111100111001
11111111111111111111111110011111100111011111111001111111111111111111100111111111100011111111000111111110011111111111111100011001
11111111111111111111111110011111100111011111111001111111111111111111100111111111100011111111000111111100011111111111111100011001
11111111111111111111111110111111100111011111111001111111111111111111100111111111100011111111000111111100011111111111111100011001
11111111111111111111111110111111100111011111111001111111111111111111100111111111100011111111000111111100011111111111111100011001
11111111111111111111111110111111100111011111111001111111111111111111100111111111100011111111000111111100011111111111111100010001
11111111111111111111111110111111100111011111111001111111111111111111100111111111100111111111001111111100011111111111111100010001
11111111111111111111111110111111100111011111111001111111111111111111100111111111100111111111001111111100011111111111111100000001
11111111111111111111111110111111100111011111111001111111111111111111100111111111100111111111001111111100011111111111111100000001
11111111111111111111111111111111100111011111111001111111111111111111100111111111100111111111001111111100111111111111111100000001
11111111111111111111111111111111100111111111111001111111111111111111100111111111100111110110001111111000111111111111111100000001
11111111111111111111111111111111100111111111111001111111111111111111100111111111000111110000001111111000111111111111111100000001
11111111111111111111111111111111100111111111111011111111111111111111100111111111000111110000001111111000111111111111111100000001
11111111111111111111111111111111100011111111111011111111111111111111100111111111000111110000001111110000111111111111111100000001
11111111111111111111111111111111100011111111111011111111111111111111100111111110000111110000001111110000111111111111111100000001
11111111111111111111111111111111110011111111111011111111111111111111100111111110000111110000001111110000111111111111111110000001
11111111111111111111111111111111110011111111111011111111111111111111100111111000000111110000001111110001111111111111111110000011
11111111111111111111111111111111110011111111111011111111111111111111100111111000000111110000001111110001111111111111111110000011
11111111111111111111111111111111110011111111111111111111111111111111100111111000000111110000011111110001111111111111111110000011
11111111111111111111111111111111110000111111111111111111111111111111111111111000000111110000011111100001111111111111111110000011
11111111111111111111111111111111110000111111111111111111111111111111111111111000000111110000011111100001111111111111111110000011
11111111111111111111111111111111110000111111111111111111111111111111111111111000001111110000011111110001111111111111111110000011
11111111111111111111111111111111110000111111111111111111111111111111111111111000001111110000011111110011111111111111111110000011
11111111111111111111111111111111111000111111111111111111111111111111111111111000001111110000011111110011111111111111111110000011
11111111111111111111111111111111111001111111111111111111111111111111111111111100001111110000011111110011111111111111111111000011
11111111111111111111111111111111111001111111111111111111111111111111111111111100011111110000111111110011111111111111111111000111
11111111111111111111111111111111111001111111111111111111111111111111111111111100011111110000111111110011111111111111111111000111
11111111111111111111111111111111111101111111111111111111111111111111111111111100111111111001111111110111111111111111111111000111
11111111111111111111111111111111111101111111111111111111111111111111111111111111111111111011111111111111111111111111111111100111
11111111111111111111111111111111111101111111111111111111111111111111111111111111111111111011111111111111111111111111111111100111
11111111111111111111111111111111111111111111111111111111111111111111111111111111111111111111111111111111111111111111111111101111
11111111111111111111111111111111111111111111111111111111111111111111111111111111111111111111111111111111111111111111111111101111