11111111111111111111111111111111111111011111111111111111011111111111111111111111111111111111111100111111111000111111111111111111
11111111111111111111111111111111111111011111111111111111011111111111111111111111111111111111111100111111111000111111111111111111
11111111111111111111111111111111111110011111111111111100011111111111111111111111111111111111111100111111111000111111111111111111
11111111111111111111111111111111111110011111111111111100011111111111111111111111111111111111111100111111111000111111111111111111
11111111111111111111111111111110011110011110111111111100011111111111111110111111111111111100111000111111111000111101111111111011
11111111111111111111111111111110011110011110111111111100011111111110111100111110111111111100111000111111111000111001111111111011
11111111111111111111111111111110011110011110111111111100011111111110111100111110111111111100111000111111111000111001111111111011
11111111111111111111111111111110011100011110011111111100011111111110111100111110111111111100111000111111111000111001111111111001
11111111111111111111111111111110011100011110011111111100011111111110111100111110111111111100111000111111111000111001111111111001
11111111111111111111111111111110011100001110011111111100011111111110111100111110111111111100111000111101111000111001111111111001
10111110111111111111111111111110011100001110011111111100011111111110111100011110111111111100111000111101111000111000111111110001
10111110111111111111111111111110011100001110011111111100011111111110111100011110111111111100111000111101111000111000111111110001
10111110011100011111111111111100011100001100011111111100011111111110111100011110111111111000111000111101111000111000111111110001
10111110011100011111111111111100011100001100011111111100011111111110111100011110111111111000111000111101111000111000111111110001
10111110011100011111111111111100011100001100011111111100011111111110111100011110111111111000011000111101111000111000111111110001
10011110011100011101111111111100011100001100011111111100011111111110111100011110111111111000011000111101111000111000111111110001
10011110011100011101111111111100011100001100011111111100011111111110111100011110111111111000011000111101111000111000111111110001
10011110011100011101111111111100001100001100011111111100011111111100111100011110111111111000011000111101111000111000111111110001
10011110011100011101111111111100001110001100011111111100011111111100111100011110111111111000011000111101111000111000111111110001
10011110011100011101111111111100001110001100011111111100011111111100111100011110111111111000011100111101111100111000111111110001
10011110011100011101111111111100001110001100011111111110011111111100111100011110111111111000011100111101111100110000111111110001
10011110011100011101111111111100001110001100011111111110011111111100111101011110111111111000011100111101111100110000111111110001
10011110011100011101101111111100001110001100011111111110011111111100111001011100111111111000011100111101111100110000111111110000
10011110011100011101101111111100001110001100011111111110011111111100111001011100111111111010011100111101111100110000111111110000
10011110011100001101101111111100001110001100011111111110011111111100111001011100111111111010011100111101111100110010111111110000
10011100011100001100101111111100001110001100011111111111011111111100111001011100111111111010011100111101111100110010111111110000
10011100011100001100101111111101001111001100011111111111011111111100111001011100111111111011011100111101111110110010111111110000
10011100011100001100101111111101001111001100011111111111011111111100111001011100111111111011011100111101111110110010111111110000
10011100011100001100101111111101001111001100011111111111011111111100111001011100111111111011011100111101111110110010111111110100
10011100011100001100101111111101101111011100011111111111011111111100111001011100111111111011011100111101111110110010111111110100
10011100011100001100101111111101101111011100011111111111011111111100111001011100111111111011011100111101111110110010111111110100
10111100111100001100101111111101101111011100011111111111011111111100111001011100111111111011011100111101111110110110111111110100
10111100111100001100101111111101101111011100011111111111011111111100111001011100111111111011011100111101111110110110111111110100
10111100111100001100101111111101101111011100011111111111011111111100111001011100111111111011011100111101111110110110111111110100
10111100111101001100101111111101101111011100011111111111011111111100111001011100111111111011011100111001111110110110111111110110
10111100111101001100101111111101101111011100011111111111011111111100111001011100111111111011011100111001111110110110111111110110
10111100111101001100101111111101101111011100011111111111011111111100111011011100111111111011011100111001111110110110111111110110
10111100111101001100101111111101101111011100011111111111011111111100111011011100111111111011011100111001111110110110111111110110
10111100111101001100101111111101101111011100011111111111011111111100111011011100111111111011011100111001111110110110111111110110
10111100111101001100101111111101101111011100011111111111011111111100111011011100111111111011011100111001111100110110111111110110
10111100111101001100001111111101101111011100011111111111011111111100111011011100111111111011011100111001111100110110111111110110
10111100111101001100001111111101101111011100011111111111011111111100111011011100111111111011011100111001111100110110111111110110
10111100111101001100001111111101101111011100011111111111011111111100111011011100111111111011011100111001111100110110111111110110
10111100111101001100001111111101101111011100011111111111011111111110111011011100111111111011011100111001111100110110111111110110
10111100111101001100001111111101101111011100011111111111011111111110111011011100111111111011011100111001111100110110111111110110
10111100111101001100001111111101101111011100011111111111011111111110111011011100111111111011011100111001111100110110111111110110
10111100111101001100001111111101101111011100011111111111011111111110111011011100111111111011011100111001111100110110111111110110
10111100111101001100001111111101101111011100011111111111011111111110111011011100111111111011011100111000111100110110111111110110
10111100111101001100001111111101101111011100011111111111011111111110111011011100111111111011011100111000111101110110111111110110
10111110111101001100001111111101101111011100011111111110011111111110111011001000111111111011011100111000111101110110111111110110
10111110111101001100001111111101101111011100011111111110011111111110111011001000111111111011011100111000111101110110111111110110
10111110111101001100001111111101101111011100011111111110111111111110111011001000111111111011011100111000111101110110111111110110
10111110111101001100001111111101101111011100011111111110111111111110111011001000111101111011011100111000111101110010111111110110
10111110111101001100001111111101101111011100011111111110111111111110111011001000111101111011011100111000111101110010111111110110
10111110111101001100001111111101001111011100011110111110111110011110111011001000011100111011011100111000111101110010111111110110
10111110111100001100001111111101001110011100011110011110111100011110111011001000011100111011011100111000111101110010111001110100
10111110111100001100001111111101001110011100011110011110111100011110111011001000011100111011011100111000111101110010111001110100
10111110111100001100001111111101001110011100011100011110111100011110111011001000011100011011011100111000111101110010110001110100
10111110111100001100001111111101001110111100011100011110111100011110111011001000011100011011011100111000111101110010110001110100
10111110111100001100001111111100001110111100011100011110111100011110111011001000011100011011011100111000111101110010110000110100
10111110011100001100001111111100001110111100011100011110111100011110111011001000011100011011011100111000111101110000110000110100
10111110011100001100001111111100001110111100011100011110111100011110111011001000011100011011011100111000111101110000110000110100
10111110011100001100001111111100001110111100011100011110111100011110111011001000011000011011011100111000111101110000110000110000
10111110011100001100001111111100001110111100011100011110111100011110111011001000011000011011011100111000111101111000110000110000
10111110011100001100001111111100001110111100011100011110111100011110111011001000011000011011011100011000111101111000110000110000
10111110011100001100001111111100001110111100011100011110111100011110111011001000011000011011011100011000011101111000110000110000
10111110011100001100001111111100001110111100011100011110111100011110111011001000011000011011011110011000011101111000110000110000
10111110011100001100001111111100001110111100011100011110111100011110111011001000011000011011011110011000011101111000110000110000
10111110011100001100001111111100001110111100011100011110111100011110111011001000011100011011011110011010011101111000110000110000
10111110011100001100001111111100001110111100001100011110111100011110111011001001011100011011011110011010011101111000110000110000
10111110011100001100001111111100001110111100001100011110111100011110111011001001011100011011011110011010011101111000110000110000
10111111011100001100001111111110001110111100001100011110111100011110111011001001011100011011011110011010011101111000111000110000
10111111011100001100001111111110001110111100001100011110111100011110111011001001011100011011011110011010011101111000111000110000
10111111011100001100001111111110001110111100001100011110111100011110111011001001011100111011011110011010011101111000111000110000
10111111011100001100001111111110001110111100001111111110111101111110111011001001011111111011011110011010011101111000111001111000
10111111011100001100001111111110001110111100001111111110111101111110111011001001011111111011011110011010011101111000111001111000
10111111011101001100001111111110001110111100001111111110111111111110111011001011011111111011011110011010011101111000111111111000
10111111011101001100001111111110001110111100001111111110111111111110111011001011011111111011011110011010011001111000111111111000
10111111011101001100001111111110001110111100001111111110111111111110111011001011011111111011011110011010011001111000111111111001
10111111011101001100001111111110001110111100001111111110111111111110111011001011011111111011011110011010011001111000111111111001
10111111001101001100001111111110001110111100001111111110111111111110111011001011011111111011011110011010011001111000111111111001
10111111001101001100001111111110011110111101001111111110111111111110111011001011011111111011011110011010011001111100111111111001
10111111001101001100001111111110011110111101001111111110111111111110111011001011011111111011011110011010011001111100111111111001
10111111001101001100001111111110011110111101001111111110111111111110111011011011011111111011011111011010011001111100111111111001
10111111001101101101001111111110011110111101001111111110111111111110111011011011011111111011011111011010011001111100111111111001
10111111001101101101001111111110011110111101001111111110111111111110111011011011011111111011011111011010011001111100111111111001
10111111001101101101001111111110011110111101001111111110111111111110111011011011011111111011011111011011011001111100111111111001
10111111001101101101001111111110011110111101001111111110111111111110111011011011011111111011011111011011011001111100111111111001
10111111001101101101001111111110011110111101101111111110111111111110111011011011011111111011011111011011011001111100111111111001
10111111001101101101001111111110011110111101101111111110111111111110111001011011011111111011011111011010011011111100111111111001
10111111001101101101001111111110011110111101101111111110111111111110111001011011011111111011011111011010011011111100111111111001
10111111001101101101001111111110011110111101101111111110111111111110111001011011011111111011011111011010011011111100111111111001
10111111001101001101001111111110011110111101101111111110111111111110111001011011011111111011011111011010011011111100111111111001
10111111001101001101001111111110011110111101101111111110111111111110111001011011011111111011011111011010011011111100111111111001
10111110001101001101001111111110011110111101001111111100111111111110111001011011011111111011011110011010011011111101111111111001
10111110001101001101001111111110011110111101001111111100111111111110111001011001011111111011011110011010011011111101111111111001
10111110001101001101001111111110011110111101001111111101111111111110111001011001011111111011011110011010011011111101111111111001
10011110001101001101001111111110011110111101001111111101111111111110111001011001011111111011011110011010011011111101111111111001
10011110001101001101001111111110011110111101001111111101111111111110111001011001011111111011011110011010011011111101111111111001
10011110001101001101001111111110011110111101001111111101111111111110111001011001011111111011011110011010011011111101111111111001
10011110001101001101001111111110011110111101001111111101111111111110111001011001011111111011011110011010011011111101111111111001
10011110001101001101001111111110011110111101001111111101111111111110111001011001011111111011011110011010011011111101111111111001
10011100001101001101001111111110011110111101001111111101111111111110111001011001011111111011011110011010011011111101111111111001
10011100011101001101001111111110011110111101001111111101111111111110111001011001011111111011011110011010011011111101111111111001
10011110011101001101001111111110011110111100001111111101111111111110111101011000011111111000011110011000011011111101111111111001
10011110011100001101001111111110011110111100001111111101111111111110111101011000011111111000011110011000011011111101111111111001
10011110011100001101101111111110011110111100001111111111111111111110111101011000011111111000011110011000111011111101111111111001
10011110011100001101101111111110011110111100001111111111111111111110111100011000011111111000011110011000111011111101111111111001
10011110011100001101101111111110111110111100001111111111111111111110111100011000011111111000011110011000111011111101111111111011
10011110011100011101101111111110111111111100001111111111111111111110111100011100011111111000011100111000111011111101111111111011
10011110011100011101101111111110111111111100001111111111111111111110111100011100011111111000011000111000111011111101111111111011
10011110011100011111101111111110111111111100001111111111111111111110111100011100011111111000011000111000111011111101111111111011
10011110011100011111101111111110111111111100001111111111111111111110111100011100011111111000011000111000111011111101111111111011
10011110011100011111101111111110111111111100001111111111111111111110111100011100011111111000011000111000111011111101111111111011
10011110011100011111101111111110111111111100001111111111111111111110111100011100011111111100011000111000111011111101111111111011
10011110011100011111101111111110111111111100001111111111111111111110111100011100011111111100011000111000111011111101111111111011
10111110011100011111111111111110111111111100011111111111111111111111111100011100011111111100111000111100111011111101111111111011
10111110011100011111111111111110111111111100011111111111111111111111111100011100011111111100111000111100111011111101111111111011
10111110011100011111111111111110111111111110011111111111111111111111111100011100111111111100111000111100111111111111111111111011
10111111011100011111111111111110111111111110011111111111111111111111111100011100111111111100111000111100111111111111111111111011
10111111011100011111111111111110111111111110011111111111111111111111111100011100111111111100111000111100111111111111111111111011
11111111111110111111111111111111111111111110011111111111111111111111111100011100111111111100111000111100111111111111111111111011
11111111111110111111111111111111111111111110011111111111111111111111111100011100111111111100111000111100111111111111111111111011
11111111111111111111111111111111111111111110011111111111111111111111111100111100111111111100111100111101111111111111111111111011
11111111111111111111111111111111111111111110011111111111111111111111111110111111111111111100111101111111111111111111111111111011
11111111111111111111111111111111111111111110011111111111111111111111111110111111111111111100111101111111111111111111111111111011
11111111111111111111111111111111111111111110011111111111111111111111111110111111111111111101111101111111111111111111111111111111
11111111111111111111111111111111111111111110011111111111111111111111111110111111111111111101111101111111111111111111111111111111