10000011111111111111111101111111100011111111111111111111111111100011111110011111111111111111111111111111101111111111111111111111
10000011111111111111111101111111100011111111111111111111111111100011111110011111111111111111111111111111101111111111111111111111
10000001111111111111111101111111100011111111011111111111111111100011111100011111111110111111110111111111101111111111111111111111
10000001111111111111111101111111100011111111011111111111111111000011111100001111111110111111110111111111101111111111111111111111
10000001111111111111111101111111100011111111011111111111111111000011111100001111111110111111110111111111101111111111111111111111
10000001111111111111111101111111000011111111011111111111111111000001111100001111111110111111110111111111101111111111111111111111
10000001111111111111111001111111000001111111011111111111111111000001111000001111111110111111110111111111101111111111111110111111
10000001111111111111111001111111000001111111011111111111111111000001111000001111111110111111110111111111101111111111111110111111
10000001111111111111111001111111000001111110011111111111111111000001111000001111111110111111110111111111101111111111111110111101
10000001111111111111111001111111000001111110011111111111111111000001111000001111111110111111110111111111001111111111111110111101
10000001111111111111111001111111000001111110011111111111111111000001111000001111111110111111110111111111001111111111111110111101
10000001111111111111111001111111000001111110011111111111111111000001111000000111111101111111110111111111001111111111111110011101
10000001111111111111111001111111000001111110011111111111111111000001111000000111111101111111110111111111001111111111111110011101
11110001111111111111111001111111000001111110011111111111111111011001111001100111111101111111110111111111011111111111111110011101
11111001111111111111111001111111011001111110011111111111111110011101111001100111111101111111110111111111011111111111111110011101
11111001111111111111111001111110011001111110011111111111111110011101111001100111111101111111110111111111011111111111111110011101
11111001111111111111111001111110011101111110011111111111111110011101111011100111111101111111110111111111011111111111111110011101
11111001111111111111110001111110111101111110011111111111111110111101111011100111111101111111110111111111011111111111111111011101
11111001111111111111110001111110111101111100011111111111111110111101111011100111111101111111110111111111011111111111111111011101
11111001111111111111110001111110111101111100011111111111111110111101111011100111111101111111111111111111011111111111111111011101
11111001111111111111110001111110111101111100011111111111111110111101111111110111111101111111111111111111011111111111111111011101
11111001111111111111110001111110111101111100011111111111111110111101111111110111111101111111101111111111011111111111111111011101
11111001111111111111110001111110111101111100011111111111111110111101111111110111111101111111101111111111011111111111111111011101
11111001111111111111110001111110111101111100011111111111111110111101111111110111111111111111101111111110111111111111111111011101
11111001111111111111100001111110111101111100011111111111111110111101111111110111111011111111101111111110111111111111111111011101
11111001111111111111100001111110111101111100011111111111111110111101111111110111111011111111101111111110111111111111111111011101
11111001111111111111100101111110111101111001011111111111111110111100111111110111111011111111101111111110111111111111111111011101
11111001111111111111100101111110111101111001011111111111111110111100111111110111111011111111101111111110111111111111111111011101
11111001111111111111100101111110111101111001011111111111111110111100111111110111111011111111101111111110111111111111111111011101
11111011111111111111100101111110111101111001011111111111111110111100111111110111111011111111101111111110111111111111111111001101
11111011111111111111100101111110111100111001011111111111111110111100111111110111111011111111101111111110111111111111111111001001
11111011111111111111100101111110111100111001011111111111111110111100111111110111111011111111101111111110111111111111111111001001
11111011111111111111101101111110111110111001011111111111111110111110111111110111111011111111101111111110111111111111111111001001
11111011111111111111101101111110111110111001011111111111111110111110111111110111111011111111101111111110111111111111111111001001
11111011111111111111101101111110111110111011011111111111111110111110111111110111111011111111101111111110111111111111111111001011
11111011111111111111101101111110111110111011011111111111111110111110111111110111111011111111101111111110111111111111111111101011
11111011111111111111101101111110111110111011011111111111111110111110111111110111111011111111101111111100111111111111111111101011
11111011111111111111101101111110111110111011011111111111111110111110111111110111111011111111101111111100111111111111111111101011
11111011111111111111101101111110111110111011011111111111111110111110111111110111110011111111101111111100111111111111111111101011
11111011111111111111101101111110111110111011011111111111111110111110111111110111110011111111101111111100111111111111111111100011
11111011111111111111101101111110111110111111011111111111111110111110111111110111110011111111101111111100111111111111111111100011
11111011111111111111111101111110111110111111011111111111111110111110111111110111110011111111101111111100111111111111111111100011
11110011111111111111111101111110111110111111011111111111111110111110111111110111110011111111101111111100111111111111111111100011
11110011111111111111111101111110111110111111011111111111111110111110111111110111110011111111101111111100111111111111111111100011
11110111111111111111111101111110111110111111011111111111111110111110111111110111110001111111101111111100011111111111111111100011
11110111111111111111111101111110111110111111011111111111111110111110111111110111110001111111101111111100011111111111111111100011
11110111111111111111111101111110111110111111011111111111111110111110111111110111110001111111111111111100011111111111111111100011
11110111111111111111111101111110111110111111011111111111111110111110111111110111110001111111011111111100001111111111111111100011
11110111111111111111111101111110111110111111011111111111111110111110111111110111110000111111011111111100001111111111111111100011
11110111111111111111111101111110111110111111011111111111111110111110111111110111110000111111011111111100001111111111111111100011
11110111111111111111111101111110111110111111011111111111111110111110111111110111110000111111011111111100001111111111111111100011
11110111111111111111111101111110111110111111011111111111111110111110111111100111110000111111011111111100001111111111111111100011
11110111111111111111111101111110111110111111011111111111111110111110111111100111100000111111011111111100001111111111111111100011
11110111111111111111111101111110111110111111011111111111111110111110111111100111100000111111011111111000001111111111111111100011
11110111111111111111111101111110111110111111011111111111111110111110111111100111100000111111011111111000000111111111111111100011
11110111111111111111111101111110111110111111011111111111111110111110111111101111100000111111011111111000000111111111111111100011
11110111111111111111111101111110111110111111011111111111111110111110111111101111100000011111011111111000000111111111111111100011
11110111111111111111111101111110111110111111011111111111111110111110111111001111100000011111011111111000000111111111111111100011
11110111111111111111111101111110111110111111011111111111111110111110111111001111100000011111011111111000000111111111111111100011
11110111111111111111111101111110111110111111011111111111111110111110111111001111100010011111011111111001100111111111111111110011
11100111111111111111111101111110111110111111011111111111111110111110111111001111100010011111011011111001100111111111111111110011
11100111111111111111111101111110111110111111011111111111111110111110111111001111100110011111011011111001100111111111111111110011
11100111111111111111111101111110111110111111011111111111111110111110111111001111100111011111011011111001100111111111011111110011
11100111111110101111111101111110111110111111011111101010011110111110111111001111100111011111011011111001100111100000011111100011
11101111111000000011111101111110111110111111011111000000001110111110111111001111100111011111011011111001110111100000001111100011
11101111111000000011111101111110111110111111011111000000001110111110111111011111101111011111011011111001110111100000001111100011
11101111111000000011111101111110111110111111011111000000001110111110111110011111101111011111011011111011110111100000001111100011
11101111110000000011111101111110111110111111011111000000001110111110111110011111101111011111011001111011110111100000001111100011
11101111110000000011111101111110111110111111011111000000001110111110111110011111101111011111011001111011110111100000001111100011
11101111110000000011111101111110111110111111011111000000001110111110111110011111101111001111011001111011110011000000001111100011
11101111110000000011111101111110111110111111011111000000001110111110111110011111101111001111011001111011110011000000001111100011
11101111110000000011111101111110111110111111011111000000001110111110111110011111101111001111011001111011110011000000001111100011
11101111110000000011111101111110111110111111011111000000001110111110111110111111101111001111011001111011110011100000001111100011
11101111110000000011111101111110111110111111011111000000001110111110111110111111101111001110011001111011110011100000001111100011
11101111111000000011111101111110111110111111011111100000011110111110111110111111101111001110011001111011110011100000011111100011
11101111111000100111111101111110111110111111011111111101111110111110111100111111101111001110011001111011111011111111111111100011
11101111111000100111111101111110111110111111011111111101111110111110111100111111101111001110011001111011111011111111111111100011
11101111111111111111111101111110111110111111011111111111111110111110111100111111101111101110011001111011111011111111111111100011
11101111111111111111111101111110111110111111011111111111111110111110111100111111101111101110011001111011111011111111111111100011
11101111111111111111111101111110111110111111011111111111111110111110111100111111101111101110011001111011111011111111111111100011
11101111111111111111111101111110111110111111011111111111111110111110111100111111101111101110011001111011111011111111111111100011
11101111111111111111111101111110111110111111011111111111111110111110111101111111101111101110011001111011111011111111111111100011
11101111111111111111111101111110111110111111011111111111111110111110111101111111101111101110001001111011111011111111111111100011
11101111111111111111111101111110111110111111011111111111111110111110111101111111101111101110001001111011111011111111111111100011
11011111111111111111111101111110111110111111011111111111111110111110111101111111101111101110001001111011111011111111111111100011
11011111111111111111111101111110111110111111011111111111111110111110111101111111101111101110001001111011111011111111111111100011
11011111111111111111111101111110111110111111011111111111111110111110111101111111101111101110001001111011111011111111111111100011
11011111111111111111111101111110111110111111011111111111111110111110111001111111101111101110000000111011111011111111111111100011
11011111111111111111111101111110111110111111011111111111111110111110111001111111101111101110000000111011111011111111111111100011
11011111111111111111111101111110111110111111011111111111111110111110111001111111101111101110000000111011111011111111111111100011
11011111111111111111111101111110111110111111011111111111111110111110111001111111101111101110000000111011111011111111111111100011
11011111111111111111111101111110111110111111011111111111111110111110111001111111101111101110000000111011111011111111111111100011
11011111111111111111111101111110111110111111011111111111111110111110111001111111101111101110000000111011111011111111111111100011
11011111111111111111111101111110111110111111011111111111111110111110111011111111101111101110000001111011111011111111111111101001
11011111111111111111111101111110111110111111011111111111111110111110111011111111101111101110000001111011111011111111111111101001
11011111111111111111111101111110111111111111011111111111111110111110111011111111101111101110000001111011111011111111111111101001
11011111111111111111111101111110111111111111011111111111111110111111111011111111101111101111000001111011111011111111111111001001
11011111111111111111111101111110111111111111011111111111111110111111111011111111101111101111000001111011111011111111111111001001
11011111111111111111111101111110111111111111011111111111111110111111111011111111101111111111100001111011111011111111111111011001
11011111111111111111111101111110111111111111011111111111111110111111111011111111101111111111110001111011110011111111111111011001
11011111111111111111111101111110111101111111011111111111111110111111111011111111101111011111110001111001110011111111111111011001
11011111111111111111111101111110111101111111011111111111111110111111111011111111101111011111110001111001110111111111111111011001
11011111111111111111111101111110111101111111011111111111111110011101111011111111101111011111111011111001110111111111111111011001
11011111111111111111111101111110111101111111011111111111111110011101111011111111100111011111111011111001110111111111111111011001
11011111111111111111111101111110111101111111011111111111111110011101111011111111100111011111111011111001110111111111111111011101
11011111111111111111111101111110011101111111011111111111111110011101111011111111100111011111111011111001110111111111111111011101
11011111111111111111111101111110011101111111011111111111111110011101111011111111100111011111111011111001110111111111111111011101
11011111111111111111111101111110011101111111011111111111111110011101111011111111100111011111111011111001110111111111111111011101
11011111111111111111111101111110011101111111011111111111111110011101111011111111110111011111111011111001110111111111111111011101
11011111111111111111111101111110011101111111011111111111111110011101111001111111110111011111111011111001110111111111111111011101
11011111111111111111111101111110011101111111011111111111111110011101111001111111110111011111111011111101110111111111111111011101
11011111111111111111111101111110011101111111011111111111111110011101111001111111110111011111111011111101100111111111111111011101
11011111111111111111111101111110011101111111011111111111111110000101111001111111110000011111111011111100000111111111111111011101
11011111111111111111111101111110011101111111011111111111111111000101111001111111110000011111111011111100000111111111111111011101
11011111111111111111111101111111001001111111011111111111111111000001111000011111110000111111111011111100000111111111111111011101
11011111111111111111111101111111000001111111011111111111111111000001111000000111110000111111111011111100000111111111111111011100
11011111111111111111111101111111000001111111011111111111111111000001111000000111110000111111111011111100001111111111111111011100
11011111111111111111111101111111000001111111011111111111111111000001111000000111110000111111111011111100001111111111111111011100
11011111111111111111111101111111000001111111011111111111111111000001111000000111110000111111111011111100001111111111111110011100
11011111111111111111111101111111000001111111011111111111111111000001111000000111110000111111111011111100001111111111111110111100
11011111111111111111111101111111000011111111011111111111111111000011111000000111111000111111111011111110001111111111111110111110
11011111111111111111111101111111000011111111011111111111111111000011111000000111111000111111111011111110001111111111111110111110
11011111111111111111111101111111000011111111011111111111111111000011111000000111111000111111111111111110001111111111111111111110
11011111111111111111111101111111000011111111011111111111111111000011111000000111111001111111111111111110001111111111111111111110
11011111111111111111111101111111000011111111011111111111111111000011111000000111111001111111111111111110001111111111111111111110
11011111111111111111111101111111100011111111011111111111111111100111111000000111111001111111111111111110011111111111111111111111
11111111111111111111111111111111100111111111111111111111111111100111111110000111111001111111111111111111111111111111111111111111
11111111111111111111111111111111100111111111111111111111111111100111111110000111111001111111111111111111111111111111111111111111