11101111111111111111111111111111111111111111111110011111111111111111111111111111111111111111111111111110111111111111111111111111
11101111111111111111111111111111111111111111111110011111111111111111111111111111111111111111111111111110111111111111111111111111
11101111101111111100111111111111100111111111111110011111111111111111111100111111111111100011111001111110111111101111111111111111
11100111100001111100111111111111000001111111111110011111110111111111111100111111111111100001111001111100011110000111111111111001
11100111100001111100111111111111000001111111111110011111110111111111111100111111111111100001111001111100011110000111111111111001
11000111100000111100011111111111000001111111111110001111110111111111111100111111001111000001111001111100011110000111111111110001
11000111100000111100011111111111000001111111111110001111110111111111111100011111001111000001110001111100011110000111111111110001
11000111100000111100011111111111000001111111111100001111100111111111111000011111001111000001110001111100011100000111111111110001
11000111100000111100011111111111000001111111111100001111100111111111111000011111001111000001110001111100011100000111111111110001
11000111100000111000011111111111000001111111111100001111100111111111111000011111001111000001110001111100011100000111111111110001
11000111100000111000011111111111000001111111111100001111100111111111111000011111001111000001110001111000011100000111111111110001
11000111100000111000011111111111000001111111111100001111100111111111111000011111001111000001110001111000011100000111111111110001
11000011100000111000011111111111000001111111111100001111100111111111111000011111001111000001110000111000011100000111111111110001
11000011100000111000011111111111000001111111111100001111100111111111111000011111001111000001110000111000011100000111111111110001
11000011100000111000011111111111000001111111111100001111100111111111111000011111001111000001110000111000011100000111111111110001
11000011100000111000011111111111000001111111111100001111100111111111111000011111001111000001110000111000011100000111111111110001
10000011100000111000011111111111000001111111111100001111100111111111111000011111001111000001110000111000011110000111111111110001
10000011111100111000011111111111110001111111111100101111100111111111111001011110001111111001110000111000011110000111111111110001
10000011111100111000011111111111110001111111111100101111000111111111111001011110001111111001110000111000011110000111111111110001
10010011111100111001011111111111111001111111111101101111000111111111111001011110001111111001110000111001011111000111111111110001
10010011111100111001011111111111111001111111111101101111000111111111111011011110001111111001110100111011011111000111111111110111
10010011111100111001011111111111111001111111111101101111000111111111111011011110001111111001110100111011011111000111111111110111
10011011111100111011011111111111111001111111111101101111000111111111111011011110001111111011110100111011011111100111111111110111
10011011111100111011011111111111111001111111111101101111000111111111111011011110001111111011110100111011011111100111111111110111
10111011111100111011011111111111111001111111111101101111000111111111111011011110001111111011110100111011001111100111111111110111
10111011111100111011011111111111111001111111111101101111000111111111111011011110001111111011110100111011001111100111111111110111
10111011111100111011011111111111111001111111111101101111000111111111111011011110001111111011110100111011001111101111111111110111
10111011111100111011011111111111111001111111111101100111000111111111111011011110001111111011110100111011001111101111111111110111
10111011111100111011011111111111111001111111111101100111000111111111111011011110001111111011110100111011001111101111111111110111
10111011111100111011011111111111111001111111111101100111000111111111111011001110001111111011110100111011001111101111111111110111
10111011111100111011011111111111111001111111111101100111000111111111111011001110001111111011110100111011001111101111111111110111
10111011111101111011011111111111111001111111111101100111000111111111111011001110001111111011110100111011001111101111111111110111
10111011111101111011011111111111111001111111111101100111000111111111111011001110001111111011110100111011001111001111111111110111
10111011111101111011011111111111111001111111111101100111000111111111111011011110001111111011110100111011001111001111111111110111
10111011111101111011011111111111111001111111111101100111000111111111111011011110001111111011110100111011001111001111111111110111
10111011111101111011011111111111111001111111111101100111000111111111111011011110001111111011110100111011001111001111111111110111
10111011111101111011011111111111111001111111111101100111000111111111111011011110001111110011110100111011001111001111111111110111
10111011111101111011011111111111111001111111111101100111000111111111111011011110001111110011110100111011001111001111111111110111
10111011111101111011011111111111111011111111111101100111010111111111110011001111001111110011110100111011001111001111111111110111
10111011111101111011011111111111111011111111111101100111110111111111110011001111001111110011110100111011001111001111111111110111
10111011111101111011011111111111111011111111111101100111110111111111110011001111001111110011110100111011001111001111111111110011
10111011111101111011011111111111111011111111111101100111110111111111110011001111001111110011110100111011001111001111111111110011
10111011111101111001011111111111111011111111111101100111110111111111110011001111001111110011110100111011001111001111111111110011
10111011111101111001011111111111111011111111111101100111110111111111110011001111001111110011110000111011001111001111111111110011
10111011111001111001011111111111111011111111111101100111110111111111110011001111001111110011110000111011001111001111111111100011
10111011111001111000011111111111111011111111111101100111110111111111110011001111001111110011110000111011001111001111111111100011
10111011111001111000011111111111111011111111111101100111110111111111110011001111001111110111110000111011101111001111111111100011
10111011111001111000011111111111111011111111111101100111110111111111110011001111001111110111110000111011101111001111111111100011
10111011111001111000011111111111111011111111111101100111110111111111110011001111001111110111110001111011101111001111111111100011
10111011111001111000011111111111110011111111111101100111110111111111110011001111001111110111110001111011101110001111111111100001
10111011111001111000011111111111110011111111111101100111110111111111110111001111001111110111110001111011101110001111111111100001
10111011111001111000011111111111110011111111111101100111110111111111110111001111001111110111110001111011101110001111111011100001
10111011111001111000011111111111110011111111111101100111110111111111110111001111001111110111110001111011101110001111111011100001
10111011111011111000011110101111110011110000111001100111110111110001110111001111001111110111110001111011101110001111100011100001
10111011111011111000011110000111110011110000011001100111110111100000110011001111001111110111110001111011101110001111000011100001
10111011111011111100011110000111110011110000011001100111110111100000110111001111001111110111110001111011101110001111000011110001
10111011111011111100011110000111110011110000011001100111110111100000110111001111001111110111110001111011101110001111000011110001
10111011111011111100011110000111110111110000011001100111110111100000110111001111001111110111110001111011101110001111000011111001
10011011111011111000011100000111110111110000011001100111110111100000110111001111001111110111110001111011101110001111000011111001
10011011111011111000011100000111110111110000011001100111110111100000110111001111001111110111110001111011101110001111000011111001
10010011111011111000011100000111110111110000011001100111110111100000110111001111001111110111110001111011101111001111000011111101
10010011111011111000011100000111110111110000011001100111110111100000110111001111001111100111110001111011101111001111000011111101
10010011111011111000011100000111110111110000011001100111110111100000110111001111001111100111110001110011101111001111000011111101
10010011111011111000011100000111110111110000011001100111110111100000110111001111001111100111110001110011101111001111000011111101
10010011111011111000011100000111110111110000011001100111110111100000110111001111001111100111110001110011101111001111000011111101
10000011111011111000011100000111110111110000011001100111110111100000110111001111001111100111110001110011101111000111000011111101
10000011111011111000011100000111110111110000011001100111110111100000110111001111001111100111110001110011101111100111000011111101
10000011110011111000011100000111110111110000011001100111110111100000110111001111001111101111110000110011101111100111000011111101
10000011110011111000011100000111110111110000011001100111110111100000110111001111001111101111110000110011101111100111000011111101
10000011110011111000011100000111110111110000011001100111110111100000110111001111001111101111110000110011101111100111000011111101
11000011110011111000011110000111110111110000011001110111110111100000110111001111001111101111110000110011101111100111000011111101
11000011110011111000011110000111110111110000011001110111110111110000110111001111001111101111110100110011101111100111111011111100
11000011110011111000011110001111110111110000111001110111110111111110110111001111001111101111110100110011101111100111111111111100
11000011110011111000011110001111110111110000111001110111110111111110110111001111001111101111100100110011101111100111111111111100
11000011110011111001011110111111110111111111111001110111110111111111110111001111001111101111100100110011101111110111111111111100
11000011110111111011001111111111110111111111111001110111110111111111110111001111001111101111100100110011101111110111111111111100
11000011110111111011001111111111100111111111111001110111110111111111110111001111001111101111100100110011101111110111111111111100
11000011110111111011001111111111100111111111111001110111110111111111110111001111001111101111100100110011101111110111111111111100
11000011110111111011001111111111100111111111111001110111110111111111110111001111001111101111100100110011101111110111111111111100
11000011110111111011001111111111100111111111111001110111110111111111110111001111001111101111100110110011001111110111111111111100
11000011110111111011001111111111100111111111111001100111110111111111110111001111001111101111100110110011001111110111111111111100
11100011110111111011001111111111100111111111111001100111110111111111110111001111001111101111100110110011001111110111111111111100
11100011110111111011001111111111100111111111111001100111110111111111110111001111001111101111101110110011001111110111111111111100
11100111110111111011001111111111100111111111111001100111110111111111110111001111001111101111101110110011001111110111111111111100
11100111110111111011001111111111100111111111111101100111110111111111110111001111001111101111101110110011001111110111111111111100
11100111110111111011001111111111100111111111111101100111110111111111110111001111001111101111101110110011001111110111111111111100
11110111110111110011001111111111100111111111111101100111110111111111110111001111001111101111101110110011001111110111111111111100
11110111110111110011001111111111100111111111111101100111110111111111110111001111001111101111101110110011001111110111111111111100
11110111110111110011001111111111100111111111111101100111110111111111110111011111001111101111101110110011001111110111111111111100
11110111110111110011001111111111101111111111111101100111110111111111110111011111001111101111101110110011001111110111111111111100
11110111110111110011001111111111101111111111111101100111110111111111110111011111001111101111101110111011001111110111111111111100
11100111110111110011001111111111101111111111111101100111110111111111110111011111001111101111101110111011001111110111111111111100
11100111110111110011001111111111101111111111111101100111110111111111110111011111011111101111101110111011001111110111111111111100
11100111110111110011001111111111101111111111111101100111110111111111110111011111011111101111101110111011001111110111111111111100
11100111110111110011001111111111101111111111111101100111110111111111110111011111011111101111101110111011001111100111111111111100
11100111110111110011001111111111101111111111111101100111110111111111110011011111011111101111101110111011001111100111111111111100
11100111110111110011001111111111101111111111111101100111110111111111111011011111011111101111101110111011001111100111111111111100
11100111110111110011001111111111101111111111111101100111110111111111111011011111011111101111101110111011011111100111111111111100
11100111110111110011001111111111101111111111111101100111110111111111111011011111011111101111101110111011011111100111111111111100
11100111110111110011001111111111101111111111111101100111110111111111111011011111011111101111101110111011011111100111111111111100
11100111110111110011001111111111101111111111111101101111110111111111111011011111011111101111101110111011011111100111111111111101
11100111110111110011001111111111101111111111111101101111110111111111111011011111011111101111101100111011011111100111111111111101
11100111110111110011001111111111101111111111111101101111110111111111111011011111011111101111101100111011011111100111111111111001
11100111110111111011001111111111101111111111111101101111110111111111111011011111011111101111101100111011011111100111111111111001
11101111110111111011001111111111101111111111111101101111110111111111111011011111011111101111100100111011011111100111111111111001
11101111110111111011001111111111101111111111111101101111110111111111111011011111011111101111100100111011011111000111111111111001
11101111110111111011001111111111101111111111111101101111110111111111111010011111011111101111100000111010011111000111111111111001
11101111110111111011001111111111101111111111111101101111110111111111111010011111011111101111100000111010011111000111111111111001
11101111110111111001001111111111101111111111111101101111110111111111111010011111011111101111100000111000011100000111111111110001
11101111110111111000001111111111101111111111111100001111110111111111111000011111011111101111100000111000011100000111111111110001
11101111110111111000011111111111101111111111111100001111110111111111111000011111011111101111100000111000011100000111111111110001
11001111110111111000011111111111101111111111111100001111110111111111111000011111011111101111100000111000011100001111111111110001
11001111110111111000011111111111101111111111111100001111110111111111111000011111011111101111110000111000011100001111111111110001
11001111110111111000011111111111101111111111111100001111110111111111111000011111001111101111110000111000011100001111111111100001
11001111110111111000011111111111101111111111111100001111110111111111111000011111001111101111110000111000011100001111111111100011
11001111110111111000011111111111101111111111111100001111110111111111111000011111011111101111110001111000011100001111111111100011
11001111110111111000011111111111101111111111111100001111110111111111111000011111011111101111110001111000011100001111111111100011
11001111110111111000011111111111101111111111111100001111110111111111111000011111011111101111110001111000011100001111111111100011
11001111110111111000011111111111101111111111111100001111110111111111111000011111011111111111110001111000011100001111111111100011
11011111110111111000011111111111101111111111111100001111110111111111111000011111111111111111110001111000011100001111111111100111
11011111110111111000011111111111101111111111111100001111110111111111111000011111111111111111110001111000011100001111111111100111
11011111110111111100011111111111101111111111111100001111111111111111111000111111111111111111110001111100111110011111111111110111
11011111110111111100111111111111101111111111111110011111111111111111111100111111111111111111111011111100111110011111111111111111
11011111110111111100111111111111111111111111111110011111111111111111111100111111111111111111111011111100111111111111111111111111
11011111110111111100111111111111111111111111111110011111111111111111111100111111111111111111111011111100111111111111111111111111
11011111110111111100111111111111111111111111111111011111111111111111111100111111111111111111111111111111111111111111111111111111
11111111111111111110111111111111111111111111111111111111111111111111111111111111111111111111111111111111111111111111111111111111
11111111111111111110111111111111111111111111111111111111111111111111111111111111111111111111111111111111111111111111111111111111