11111111111111111111111111111111111111111111111111111111111111111111111111111110111111000111111111111111111111011111111111111001
11111111111111111111111111111111111111111111111111111111111111111111111111111110111111000111111111111111111111011111111111111001
11111111111111111111111111111111111111111111111111111111111111111111111111111110011110000011111011111111111111011111111111111001
11111111111111111111111111111111000011111111111111111111101111110111111111111100011110000011110011111110111111011111111111110001
11111111111111111111111111111111000011111111111111111111101111110111111111111100011110000011110011111110111111011111111111110001
11111111111111111101111111111111000011111111111110111111101111100011111111111100011110000011110011111110111111011111111111110001
11111111100011111101111111111110000011111111111110111111001111100011111111111100001110000011110001111100111111001111111111110001
11111111100011111101111111111110000011111111111110111111001111100011111111111100001110000011110001111100111111001111111111110001
11101111100001111001111111111110000011111111111110111111001111100011111111111100001110000011110001111100111111001111111111110000
11001111100001111001111111111110000011111111111100111111001111100011111111111100001110000011100001111100111111001111111111110000
11001111100001111001111111111110000011111111111100111111001111100011111111111100001110000011100001111100111111001111111111110000
11001111100001111000111111111110000011111111111100111111001111100011111111111100001110000011100001111100111111001111111111110000
11001111100001111000111111111110000011111111111100111111001111100011111111111100001110000011100001111100111110001111111111110000
11001111100001111000111111111110000011111111111100111111001111100011111111111100001110000011100001111100111110001111111111110000
10001111100001111000111111111111000011111111111100111111001111100001111111111101001111000011100001111100111110001111111111110000
10001111100001111000111111111111000011111111111100111111001111000001111111111101001111000011100001111100111110001111111111110000
10001111100001111000111111111111100011111111111100111111001111000001111111111101001111110011100001111100111110001111111111110000
10001111111001111000111111111111110011111111111100111110001111001001111111111101101111110011100101111100111110001111111111110000
10001111111001111000111111111111110011111111111100111110001111001001111111111101101111110011100101111000111110001111111111100000
10011111111101111010111111111111111011111111111100111110001111001001111111111101101111110011101101111000111110001111111111100100
10110111111101111010111111111111111011111111111100111110001111001001111111111101101111110011101100111000111110001111111111100100
10110111111101111010111111111111111011111111111100111110001111001001111111111101101111110011101100111000111110001111111111100100
10110111111101111010111111111111111011111111111100111110001111011101111111111101101111110011101100111000111110001111111111100110
10110111111101110111111111111111111011111111111100111110001111011101111111111101101111110011101100111000111110001111111111100110
10110111111101110111111111111111111011111111111000111110001111011101111111111001101111110011101100111000111110001111111111100110
10110111111101110111111111111111111011111111111000111110001111011101111111111011101111110011101100111000111110001111111111100110
10110111111101110111111111111111111011111111111000111110001111011101111111111011101111110011101100111000111110001111111111100110
10110111111101110111111111111111111011111111111000111110001111011101111111111011101111110011101100111000111110001111111111100110
10111111111101110111111111111111111011111111111000111110001111011101111111111011101111110011101110111000111110001111111111100110
10111111111101110111111111111111111011111111111000111110001111011101111111111011101111110011101110111000111100001111111111100110
10111111111101110111111111111111111011111111111000111110001111011101111111111011101111110011101110111000111100001111111111100110
10111111111101110111111111111111111011111111111000111110001111011101111111111011101111110011101110111000111100001111111111100110
11111111111101110111111111111111111011111111111000111110001111011101111111111011101111110011101110111000111100001111111111100110
11111111111101110111111111111111111011111111111000111110001111011101111111111011101111110011101110111000111100001111111111100110
11111111111101110111111111111111111011111111111010111110001111011101111111111011101111110011101110111010111100001111111111100110
11111111111101110111111111111111111011111111111110111110001111011101111111111011101111110111101110111010111110001111111111100110
11111111111001110111111111111111110011111111111110111110001111011101111111111011101111110111101110111010111110001111111111100110
11111111111011110111111111111111110111111111111110111110001111011101111111111011101111110111101110111110111110001111111111100110
11111111111011110111111111111111110111111111111110111111001111011101111111111011101111110111101110111110111110001111111111100110
11111111111011110111111111111111110111111111111110111111001111011101111111111011101111110111101110111110111110001111111111100110
11111111111011111111111111111111110111111111111110111111001111011101111111111011101111110111101110111110111110001111111111100110
11111111111011111111111111111111110111111111111110111111001111011101111111111011101111110111101110111110111111001111111111100110
11111111111011111110111111111111110111111111111110111111001111011101111111111011101111110111101110111110111111001111111111100110
11111111111011111110111111111111110111111111111110111111101111011101111111111011101111110111101110111110111111001111111111100110
11111111111011111110111111111111110111111111111110111111101111011101111111111011101111110111101110111110111111001111111111100110
11111111111011111010111111111111110111111111111110111111101111011101111111111011101111110111101110111110111111001111111111100110
11111111111011111010111111111111110111111111111110111111101111011101111111111011101111110111101110111110111111001111111111100110
11111111111011111010111111111111110111111111111110111111101111011101111111111011101111110111101110111110111111001111111111100110
11111111111011111010111111111111110111111111111110111111101111011101111111111011101111110111101110111110111111001111111111100110
11111111111011111010111111111111110111111111111110111111101111011101111111111011101111110111101110111110111111001111111111100110
11111111111011111000111111111111110111111111111110111111101111011101111111111011101111100111101110111110111111001111111111100110
11111111111011111000111111111111110111111111111110111111101111011101111111111011101111100111101110111110111111001111000111100110
11111111111011111000111111111111110111111111111110111111101111011101111111111011101111101111101110111110111111001111000111100110
11111111111011111000111111111111110111111111111110111111101111011101111111111011101111101111101100111110111111001111000011100110
11111111111011111000111111111111110111111111111110111111101111011101111000111011101111101111101100111110111111001111000011100110
11111111111011111000111111111111110111111111111110111111101111011101111000111011101111101111101100111110111111001111000011100110
11110111111111111000111111111111111111110001111110111111101111011101110000111011101111101111101100111110111111001111000001101110
11110111111111111000111110001111101111100000111110111111101111001101110000011011101111101111101100111110111111001111000001101110
11110111111111111000111110001111101111100000111110111111101111001001110000011011101111101111101100111110111111001111000001101110
11110111111111111000111100001111101111100000111110111111101111001001110000011011101111101111100100111110111111001111000001101110
11110111111111111000111100001111101111100000111110111111101111001001110000011011101111101111100100111110111111001110000001101110
11110111111111111000111100001111101111100000111110111111101111001001110000011011101111101111100100111110111111001110000001101110
11110111111111111000111100001111101111100000111110111111101111000001110000011011101111101111100000111110111111001111000001101110
11110111111111111000111100001111101111100000111110111111101111000001110000011011101111101111100000111110111111001111000001101110
10110111111111111000111100001111101111100000111110111111101111000001110000011011101111101111100000111110111111001111000001101110
10110111111111111000111100001111101111100000111110111111101111100001110000011011101111101111100000111110111111001111000001101110
10110111110111111000111100001111101111100000111110111111101111100001110000011011101111101111100000111110111111001111000001101110
10110111110111111000111100001111101111100000111110111111101111100001110000011011101111101111100000111110111111001111000001101110
11110111110111111000111100001111101111100000111110111111101111100001110000011011101111101111100000111110111111001111000001101110
11100111110111111000111100001111101111100000111110111111101111100001110000111011101111101111100001111110111111001111000011101110
11000111110111111000111100001111101111100000111110111111101111100001110000111011101111101111100001111110111111001111000011101110
11000111110111111010111100001111101111100000111110111111101111100001111000111011101111101111110001111110111111001111000011101110
11000111110111111010111100001111101111111101111110111111101111100001111111111011101111101111110001111110111111001111000011101110
11000111110111111010111100001111101111111101111110111111101111100001111111111011101111101111110001111110111111001111000011101110
11000111110111111010111111111111101111111111111110111111101111100001111111111011101111101111110001111110111111001111000111101110
11000111110111111110111111111111101111111111111110111111101111100001111111111011101111101111110001111110111111001111111111101110
11000111110111110110111111111111101111111111111110111111101111100001111111111011100111101111110001111110111111001111111111101110
11000111110111110111111111111111101111111111111110111111101111110011111111111011100111101111110001111110111111001111111111101110
11000111110111110111111111111111101111111111111110111111101111110011111111111011100111001111111001111110111111001111111111101110
11000111110111110111011111111111101111111111111110111111101111110011111111111011100111001111111001111110111111001111111111101110
11100111110111110111011111111111111111111111111110111111101111110011111111111011100111001111111001111110111111001111111111101110
11100111110111110111011111111111111111111111111110111111101111110011111111111011100111001111111001111110111111001111111111101110
11100111110111110111011111111111111111111111111110111111101111110011111111111011100111001111111001111110111111001111111111100110
11100111110111110111011111111111111111111111111110111111101111110011111111111011100111001111111001111110111111001111111111100110
11100111110111110111011111111111111111111111111110111111101111110011111111111011100111001111111001111110111111001111111111100110
11100111110111110111011111111111111111111111111110111111101111110011111111111011100111001111111001111110111111001111111111100110
11101111111111110111011111111111111111111111111110111111101111110011111111111011100111011111111001111110111111001111111111100110
11101111111111110111011111111111111111111111111110111111101111111011111111111011100111011111111001111110111111001111111111100110
11101111111111110111011111111111111111111111111110111111101111111011111111111011100111011111111001111110111111001111111111100110
11101111111111110111011111111111111111111111111110111111101111111011111111111011100111011111111001111110111111001111111111100110
11101111111111110111011111111111111111111111111110111111101111111011111111111011100111011111111001111110111111001111111111100110
11101111111111110111011111111111111111111111111110111111101111111011111111111011100111011111111001111110111111001111111111100110
11101111111111110111011111111111111111111111111110111111101111111011111111111011101111011111111001111110111111001111111111100110
11101111111111110111011111111111111111111111111110111111101111111011111111111011101111011111111011111110111111001111111111100110
11101111111111110111011111111111111111111111111110111111101111111011111111111011101111011111111011111110111111001111111111100110
11101111111111110111011111111111111111111111111110111111101111111011111111111011101111011111111011111110111111001111111111100110
11101111111111110111011111111111111111111111111110111111101111110011111111111011101111011111111011111110111111001111111111100110
11101111111111110111011111111111111111111111111110111111101111110011111111111001101111011111111011111110111111001111111111100110
11101111111111110111011111111111111111111111111110111111101111110011111111111001101111011111111011111110111111001111111111100110
11101111111111110111011111111111111111111111111110111111101111110111111111111001101111011111111011111110111111001111111111100110
11101111111111110111011111111111111111111111111110111111101111110111111111111001101111011111111011111110111111001111111111100110
11101111111111110111011111111111111111111111111110111111101111110111111111111001101111011111111011111110111111001111111111100110
11101111111111110111011111111111111111111111111110111111101111110111111111111001101111011111110011111110111111001111111111100110
11101111111111110111011111111111111111111111111110111111101111110111111111111001101111011111110011111110111111001111111111100110
11101111111111110111011111111111111111111111111110111111101111110111111111111101101111011111110011111110111111001111111111100110
11101111111111110111011111111111111111111111111110111111101111110111111111111101101111011111110011111110111111001111111111100110
11101111111111110111011111111111111111111111111110111111101111110111111111111101101111011111110011111110111111001111111111100100
11101111111111110111011111111111111111111111111110111111101111110111111111111101101111011111110011111110111111001111111111100100
11101111111111110111011111111111111111111111111110111111101111110111111111111101101111011111110011111110111111001111111111100000
11101111111111110110011111111111111111111111111110111111101111110111111111111101001111011111110011111110111111001111111111100000
11111111111111110110011111111111111111111111111110111111101111110111111111111101001111011111110011111110111111001111111111110000
11011111111111110110011111111111111111111111111110111111101111110111111111111100001111011111110011111110111111001111111111110000
11011111111111110110011111111111111111111111111110111111101111100111111111111100001111011111110011111110111111001111111111110000
11011111111111110110011111111111111111111111111110111111101111100111111111111100001111011111110111111110111111001111111111110000
11011111111111111010111111111111111111111111111110111111101111100111111111111100001111011111110111111110111111001111111111110000
11011111111111111000111111111111111111111111111110111111101111100111111111111100001111011111110111111110111111001111111111110000
11011111111111111000111111111111111111111111111111111111101111100111111111111100001111011111110111111110111111001111111111110000
11011111111111111000111111111111111111111111111111111111101111101111111111111100001111011111110111111110111111001111111111110000
11011111111111111000111111111111111111111111111111111111101111101111111111111100001111011111110111111110111111001111111111110000
11011111111111111000111111111111111111111111111111111111101111101111111111111100011111011111110111111110111111001111111111110000
11011111111111111000111111111111111111111111111111111111101111101111111111111100011111111111110111111110111111101111111111110001
11011111111111111000111111111111111111111111111111111111101111101111111111111100011111111111110111111110111111101111111111110001
11011111111111111000111111111111111111111111111111111111111111101111111111111110011111111111110111111111111111111111111111110001
11111111111111111001111111111111111111111111111111111111111111111111111111111110011111111111111111111111111111111111111111111001
11111111111111111001111111111111111111111111111111111111111111111111111111111110011111111111111111111111111111111111111111111001
11111111111111111001111111111111111111111111111111111111111111111111111111111110111111111111111111111111111111111111111111111001
11111111111111111101111111111111111111111111111111111111111111111111111111111111111111111111111111111111111111111111111111111011
11111111111111111101111111111111111111111111111111111111111111111111111111111111111111111111111111111111111111111111111111111011