11111111111111111111111111111011111111111111111111111001111111111111111111111111111111111111111111111111111111111111111111111111
11111111111111111111111111111011111111111111111111111001111111111111111111111111111111111111111111111111111111111111111111111111
11111111111111111111111111111011110001111011111111110000111111111011111111111111111111111111111111111111111111111111111111111111
11111111111111111111111111111011110001111001111111110000111111110001111001111111111111111111111111111111111111111111111111111111
11111111111111111111111111111011110001111001111111110000111111110001111001111111111111111111111111111111111111111111111111111111
11111111111111111111111111110001110001110001111111110000111111110001111001111101111011111111111111111111111111111111111111111111
11111111111111111111111111110001110001110001111111110000111111110000111001111101111001111111111111111011111111111111111111111111
11111111111111111111111111110001110001110001111111110000111111110000111001111101111001111111111111111011111111111111111111111111
11111111011111111111111111110001110001110001111111110000111111110000111001111101111001111111111111111001111111111111111111111111
11011111011111001111111111110001100000110001111111110000111111110000111001111001111001111111111111111001111111111111111111111111
11011111011111001111111111110001110000110001111111110000111111110000111001111001111001111111111111111001111111111111111111111111
10001111001110001111111111110001110000110001111111110000111111110000110001111001110001111111111001111001111111111111111111111001
10001111001110001110010111110001110000110001111111110000111111110000110000111001110001111111111001111001111111111111111111111001
10001111001110001110010111110001110000110001111111110000111111110000110000111001110001111111111001111001111111111111111111111001
10001111001110001110010111110001110000110001111111110000111111110000110000111001110001111111111001110001111111111111111111111001
10001111001110001110010111110001110000110001111111110000111111110000110000111001110001111111111001110001111111111111111111111001
10001111001110001110010111110001110000110001111111110000111111110000110000111001110001111111111001110001111111111111111111111001
10001110001110000110010111110001110000110000111111110000111111110000110000111001110001111111111001110001111111111111111111111001
10001110001110000110010111110001110000110000111111110000111111110000110000111001110001111111111001110001111011111111111111111001
10001110001110000110010111110001110000110000111111110000111111110001110000111001110001111111111001110001111011111111111111111001
10001110001110000110010111110101111000110000111111110000111111110001110000111011110000111111111001110001111011111111111111111001
10001110001110000110010111110101111100110000111111110000111111110001110000111011110000111111111001110001111011111011111111110001
10001110001110000110010111110101111101110000111111111000111111110011110000111011110000111111111001110001111011111011111111110001
10001110001110000110010111110101111101110100111111111100111111110011110000111011110100111111111001110101111011111011111111110000
10001110001110000110010111100101111101110100111111111100111111110011110000111011110100111111111001110100111011111011111111110000
10001110001110000110010111100101111101110100111111111100111111110011110100111011110100111111111001110100111011111011111111110000
10001110001110000110010111100101111101110100111111111100111111110011110110111011110100111111111001110110111011111011111111110000
10001110000110000110010111100100111101110100111111111100111111110011110110111011110100111111111001110110111011111011111111110000
10001110000110000110010111100100111101110100111111111100111111110011110110111011110110111111111001110110111011111011111111110110
10001110000110000110010111100100111101110100111111111100111111110011110110111011110110111111110001110110111011111011111111110110
10001110000110000110010111100100111101110100111111111100111111110011110110111011110110111111110001110110111011111011111111110110
10001110000110000110010111100100111101110100111111111100111111110011110110111011110110111111110001110110111011111011111111110110
11001110000110110110010111100100111101110100111111111100111111110011110110111011111110111111110001110110111011111011111111110110
11001110000110110110000111100100111101110100111111111100111111110011110110111011111110111111110001110110111011111011111111110110
11011110000110110110000111100100111101110100111111111100111111110011110110111011111110111111110001110110111011111011111111110110
11011110000110110110000111100100111101110100111111111100111111110011110110111011111110111111110001110110111011111011111111110110
11011110000110110110000111100100111101110100111111111100111111110011110110111011111110111111110001110110111011111011111111110110
11011110000110110110000111100100111101110100111111111101111111110011110110111011111110111111110001110110111011111011111111110110
11011110000110110110000111100100111101110100111111111101111111110011110110111011111110111111110001110110111011111011111111110110
11011110000110110110000111100100111101110000111111111101111111110011110110111011111110111111110001110110111011111011111111110110
11011110000110110110000111100100111101110000111111111101111111110011110110111011111110111111110001110110111011111011111111110110
11011110000110110110000111100100111101110000111111111101111111110011110110111011111110111111110101110110111011111011111111110110
11011110000110110110000111100100111101110000111111111101111111110011110110111011111110111111110101110110111011111011111111110110
11011110010110110110000111100100111101110000111111111101111111110011110110111011111110111111110101110110111011111011111111110110
11011110011110110110000111100100111101110000111111111001111111110001110110111011111110111111110101110110111011111011111111110110
11011110011110110110000111100100111101110000111111111001111111110001110110111011111110111111110101110110111011111011111111110110
11011110011110110110000111100100111001110000111111111001111111110001110110111011111110111111110101110110111011111011111111110110
11011110011110110110000111100100111001110001111111111001111111110001110110111011111110111111111101110110111011111011111111110110
11011110011110110110000111100100111001110001111111111001111111110001110110111011111110111111111101110110111011111011111111110110
11011110011110110110000111100100111001110001111111111001111111110001110110111011111110111111111101110110111011111011111111110110
11011110011110110110000111100100111001110001111111111001111111110001110110110011111100111111111101110110111011111011111111110110
11011110011110110110000111100100111001110001110001111001111101110001110110110011111100111111111101110110111011111011111111110110
11011110011110110110000111100100111001110001110001111001111101110001110110110011111100111111111101110110111011111011111111110110
11011110011110110110000111100100111001110001110001111001111001110001110110110011111101111111111101110110111011111011111111110110
11011110011110010110000111100100111001110001110000111001110000110001110110110011111101111111111101110110111011111011111111110110
11011110011110010110000111100100111011110001110000111001110000110001110110110011111101111111111101110110111011111011111111110110
11011110011110010110000111100100111011110001110000111001110000110001110110110011111101110101111101110110111011111011111111110110
11011110001110000110000111100100111011110001110000111001110000110001110110110011111101110000111101110110111011110011111111110110
11011110001110000110000111110100111011110001110000111001110000110001110110110011111101110000111101110110111011110011111111110110
11011110001110000110000111110100111011110001110000111001110000110001110110110001111101110000111101110110110011110111111111110110
11011110001110000110000111110000111011110001110000111001110000110000110110110001111101110000111101110110110011110111111001110110
11011110001110000110000111110000111011110001110000111001110000110000110110110001111101110000111101110110110011110111111001110110
11011110001110000110000111110000111011110001110000111001110000110100110110110001111101110000111101110110110101110111110000110110
11011110001110000110000111110000111011110001110000111001110000110100110110110001111101110000111101110110110101110101110000110110
11011110001110000110000111110000111011110001110000111011110000110100110110110001111001110000111101110110110101110101110000110110
11011110001110000110000111110000111011110001110000111011110000111100110110110001111001110000111101110110110101110101110000110110
11011111001110000110000111110001111011110001110000111011110000111100110110110101111001110000111101110110110101110101110000110000
11011111001110000110000111110001111011110000110000111011110000111100110110110101111001110000111101110110110101110101110000110000
11011111001110000110000111110001111011110000110000111011110000111100110110110101111001110000111101110110110101110101110000110000
11011111001110000110000111110001111011110000110000111011110000111100110110110101111001110000111101110110110101110101110000110000
11011111001110000110000111110001111011110000110000111011110000111100110110110101111001110000111101110110110101110101110000110000
11011111001110000110000111110001111011110000110000111011110000111100110110110101111001110000111101110110110101110101110000110000
11011111001110000110000111110001111011110000110000111011110000111110110110110101111001110000111101110110110101110101110000111000
11011111000110000110000111110001111011110000110000111011110000111110110110110101111001110000111101110110110101110101110000111000
11011111000110000110000111110001111011110100110000111011110001111110110110110101111001110000111101110110110101110101110000111000
11011111000110000110000111110001111011110100111001111011111001111110110110110101111011111111111101110110110101110101111000111000
11011111000110000110000111110001111011110100111001111011111001111110110110110101111011111111111101110110110101110101111000111000
11011111000110000110000111110001111011110100111101111011111111111110110110110101111011111111111101110110110101110101111111111000
11011111100110100110000111110001111011110100111111111011111111111110110110110101111011111111111101110110110101110101111111111000
11011111100110100110000111110001111011110100111111111011111111111110110110110001110011111111111101110110110101110101111111111000
11011111100110110110000111110001111011110100111111111011111111111110110110110001110011111111111101110110110101110101111111111000
11011111100110110110000111111001111011110100111111111011111111111110110110110001110011111111111101110110110101110101111111111001
11011111100110110110000111111001111011110100111111111011111111111110110110110000110011111111111101110110110101110101111111111001
11011111100110110110000111111001111011110100111111111011111111111110110110110000110011111111111101110110110101110101111111111001
11011111100110110110000111111001111011110100111111111011111111111110110110110000110011111111111101110110110101110101111111111001
11011111100110110110000111111001110011110100111111111011111111111110110110110000110011111111111101110110110001110001111111111001
11011111100110110110000111111001110011110100111111111011111111111110110110110000110011111111111101110110110001110001111111111001
11011110100110110110000111111001110011110100111111111011111111111110110110110000110011111111111101110110110001110000111111111101
11011110100110110110000111111001110011110100111111111011111111111110110110110000110011111111111101110110110000110000111111111101
11011110100110110110000111111001110011110100111111111011111111111110110110110000110011111111111101110110110000110000111111111101
11011110100110110110000111111001110011110100111111110011111111111110110110110000110111111111111101110110110000110000111111111101
11011110100110110110000111111001110011110100111111110011111111111100110110110000110111111111111101110110110000110000111111111101
11011110100110110110000111111001110011110100111111110011111111111100110110110000110111111111111101110110110000110000111111111101
11011110100110110110000111111001110011110100111111110011111111111100110110110000110111111111111101110110110000110000111111111101
11011110100110110110000111111001110011110100111111110011111111111100110110110000110111111111111101110110110000110000111111111101
11011110100110110110000111111001110011110100111111110011111111111100110110110000110111111111111101110110110000110000111111111101
11011110100110110110000111111001110011110100111111110011111111111100110110110000110111111111111101110110110000110000111111111101
11011110000110110110000111111001110011110100111111110011111111111100110110110000110111111111111101110110110000110000111111111101
11011110000110110110000111111001110011110100111111110011111111111100110110110000110111111111111101110110110000110000111111111101
11001110000110110110000111111001110011110100111111110011111111111100110110110000110111111111111101110110110000110000111111111101
11001110000110100110000111111001110011110100111111110011111111111100110110110000110111111111111101110110110000110000111111111101
11001110000110100110000111111011110011110100111111110011111111111100110110111100110111111111111101110110111000110100111111111101
11001110000110000110000111111011110011110100111111110011111111111100110110111101110111111111111101110110111101111101111111111101
11001110000110000110000111111011110011110100111111110011111111111000110100111101110111111111111101110110111101111101111111111101
11001110000110000110000111111011110011110100111111110011111111111000110100111101110111111111111101110110111101111101111111111101
10001110000110000110000111111011110011110000111111110011111111111001110100111101110011111111111101110110111101111101111111111101
10001110000110000110000111111011110011110000111111110011111111111001110000111101110011111111111101110110111101111101111111111101
10001110000110000110000111111011110111110000111111110011111111111001110000111101110011111111111101110110111101111101111111111101
10001110000110000110010111110011110111110000111111110011111111110001110000111101110011111111111101110111111101111101111111111001
10001110000110000110010111110011110111110000111111110011111111110001110000111101110001111111111101110101111101111101111111111001
10001110000110000110010111110011110111110000111111110011111111110001110000111101110001111111111101110101111101111101111111111011
10001110000110000110010111110011110111110000111111110011111111110001110000111101110001111111111101110001111101111101111111111011
10001110000110000110010111110011110111110000111111110011111111110001110000111101110000111111111101110001111101111101111111111011
10001110000110000110010111110011110111110000111111110011111111110001110000111101110000111111111101110001111101111101111111111011
10001110001110000110010111110011110111110000111111110011111111110001110000111101110000111111111101110001111101111101111111111011
10001110001110000110010111110011110111110000111111110011111111110001110000111101110000111111111101110001111101111101111111111011
10001110001110000110010111110011110111110001111111111011111111110001110001111101110000111111111101110001111101111101111111111011
10001110001110000110010111110011110111110001111111111011111111110001110001111101110000111111111101110001111101111101111111111011
10001110001110000110010111110011110111110001111111111011111111110001110001111101110000111111111101110001111101111101111111111011
10001110001110000110110111110011110111110001111111111011111111110001111001111101110000111111111101110001111101111101111111111011
10001110001110000110110111110011110111110001111111111011111111110011111001111101110000111111111101111001111101111101111111111011
10001110001110000110110111110011110111110001111111111011111111110011111001111101110000111111111101111001111101111101111111111011
10001111001110001110110111110011111111110001111111111011111111110011111001111101110001111111111101111001111101111101111111111011
10001111011110001110110111110111111111111001111111111011111111110011111001111101110001111111111111111001111101111101111111111011
10001111011110001110110111110111111111111001111111111011111111110011111001111101110001111111111111111001111101111101111111111011
11001111011110001111110111111111111111111001111111111011111111110011111001111111110001111111111111111001111101111101111111111011
11101111111111011111111111111111111111111011111111111111111111111111111111111111111111111111111111111111111111111111111111111011
11101111111111011111111111111111111111111011111111111111111111111111111111111111111111111111111111111111111111111111111111111011