11111111111101111111111111111111000011111111111100111111111111111111111101111111011111110111111111111110111111111111111111111111
11111111111101111111111111111111000011111111111100111111111111111111111101111111011111110111111111111110111111111111111111111111
11111111101001111101111111111111000011111111111100111111111111111111111000111110011111100111111111111110111111111111111111111111
11111111101001111101111111111111000011111111111100111111111111111111111000111110011111100111111111111110111111111111111111111111
11101111100001111100111111111111000011111111111100111111111111111111111000111110001111100111111111111100111111111111111111111111
11001111100001111000111111111111000011111111111100011111111111111111111000111110001111100111111111111100011111111111111111111111
11001111100001111000111111111111000011111111111100011111111111111111111000111110001111100111111111111100011111111111111111111111
11000111100001111000111111111111000011111111111100011111001111111111111000111110001111100111111111111100011111101111111111111101
11000111100001111000111111111111000011111111111100011111001111111111111000111110001111000011111111111100011111101111111111111100
11000111100001111000111111111111000011111111111100011111001111111111111000111110001111000011111111111100011111101111111111111100
11000111100001111000111111111111000011111111111100011111001111111111111000111100001111000011111111111100011111101111111111111100
11000111100001111000111111111111000011111111111000011111001111111111111000111100001111000011111111111100011111101111111111111100
11000111100001111000111111111111000011111111111000011111001111111111111000111100001111000011111111111100011111101111111111111100
11000111100001111000111111111111000011111111111000011111001111111111110000111100001111000011111111111100011111101111111111111100
11000111100001111000111111111111000011111111111000011111001111111111110010111101101111010011111111111100011111101111111111111100
10000111100001111000111111111111110011111111111011011111001111111111110110111101101111010011111011111001011111101111111111111100
10000111100001111000111111111111110011111111111011011111001111111111110110011101101111010011111011111001011111101111111111111100
10010111111001111000111111111111110011111111111011011111001111111111110110011101101111011011111011111001011111101111111111111100
10010111111101111010111111111111110011111111111011011111001111111111110110011101101111011011111011111001001111101111111111111000
10010111111101111010111111111111110011111111111011011110001111111111110110011101100111011011111011111001001111101111111111111000
10010111111101111010111111111111111011111111111011011110001111111111110110011101100111111011111011111011001111111111111111111000
10010011111101111010111111111111111011111111111011011110001111111111110110011101100111111011111011111011001111111111111111111000
10110011111101111011111111111111111011111111111011011110001111111111110111011101100111111011111011111011001111111111111111111000
10110011111101111011111111111111111011111111111011111110001111111111110111011101100111111011111011111011001111011111111111111000
10110011111101111011111111111111111011111111111011111110001111111111110111011101100111111011111011111011001111011111111111111000
10111011111101111011111111111111111011111111111011111110001111111111110111011101100111111011111011111011001111011111111111111000
10111011111101111111111111111111111011111111111011111110001111111111110111011101110111111011111011111011001111011111111111111000
10111011111101110111111111111111111011111111111011111110001111111111110111011101110110111011111011111011001111011111111111111000
10111011111101110111111111111111111011111111111011111110001111111111110111011101110110111011111011111011001111011111111111111000
10111011111101110111011111111111111011111111111011111110001111111111110111011101110110111011111011111011001111011111111111111000
10111011111101111111011111111111111011111111111011111110001111111111110111011101110110111011111011111011001111011111111111111000
10111011111101111111011111111111111011111111111011111110001111111111110111011101110110111011111011111011001111011111111111111000
10111011111101111111011111111111111011111111111011111110001111111111110111011101110110111011111011111011001111011111111111111000
10111011111101111111011111111111111011111111111011111110001111111111110111011101110110111011110011111011001111011111111111111000
10111011111101111011111111111111111111111111111011111111001111111111110111011101110110111011110011111001001111011111111111111000
10111011111101111011111111111111111111111111111011111111001111111111110111011101110110111011110011111001001111011111111111111000
10111011111101111011111111111111111111111111111011111111001111111111110111011101110110111011110011111001011111011111111111111100
10111011111001111010111111111111110111111111111011111111001111111111110111011101110110111011110011111001011111011111111111111100
10111011111001111010111111111111110111111111111011111111001111111111110111011101110110111011110011111001011111011111111111111100
10111011111001111010111111111111110111111111111011111111101111111111110111011101110110111011110011111001011111011111111111111100
10111011111001111010111111111111110111111111111011101111101111111111110111011101110110111011110011111001011111011111111111111100
10111011111011111010111111111111110111111111111011101111101111111111110111011111110110111011110011111001011111011111111111111100
10111011111011111010111111111111110111111111111011101111101111111111110111011111110110111011110011111101011111011111111111111100
10111011111011111010111111111111110111111111111011101111101111111111110111011111110110111011110011111101011111011111111111111100
10111011111011111010111111111111110111111111111011101111101111111111110111011111110110111011110011111101011111111111111111111100
10111011111011111000111111111111110111111111111011101111101111111111110111011111110110111011110011111100011111111111111111111110
10111011111011111000111111111111110111111111111011101111101111111111110111011111110110111011110011111100011111111111111111111110
10111011111011111000111111111111110111111111111011101111101111111111110111011111110110111011110011111100011111111111111111111110
10111011111011111000111111111111110111111111111011101111101111111111110111011111110110011011110001111100011111111111111111111110
10111011111011111000111111111111110111111111111011101111101111111111110111011011110110011011110001111100011111111111111111111110
10111011111011111000111111111111110111111111111011101111101111111111110111011011110110011011110001111100011111111111111111111110
10111011111011111000111111111111110111111111111011101111101111111111110111011011110110011011110001111100011111111111111111111110
10111011111011111000111111111111110111111111111011101111101111111111110111011011110110011011110001111100011111111111111111111110
10111011111011111000111111101111110111110011111011101111101111100011110111011011110111011011110001111100011111111111111111111110
10110011111011111000111110001111110111110001111011101111101111100011110111011011110111011011110001111100011111111111101111111110
10110011111011111000111110001111111111110001111011101111101111100011110111011011110111011011110001111100011111111111101111111110
10110011111011111000111100001111111111110001111011101111101111000001110111011011110111011011100001111100011110111111100001111110
10110011111011111000111100001111111111100000111011101111101111000001110111011011110111011011100001111100011110111111100001111110
10110011111111111000111100001111111111100000111011101111101111000001110111011011110111011011100001111100011110111111100001111110
10110011110111111000111100001111111111100000111011101111101111000001110111011011110111011011100000111100011110111111100001111110
10110011110111111000111100001111111111100000111011101111101111000001110111011011110111011011100000111100011110111111100001111110
10110111110111111000111100001111111111100000111111101111101111000001110111011011110111011011100100111100011110111111100001111110
10010111110111111000111100001111111111100000111111101111101111000001110111011011110111000011100100111100011110111111100001111110
10010111110111111000111100001111111111100000111111101111101111000001110111011011110111000011100100111100011110111111100001111110
10010111110111111000111100001111101111100000111111101111101111000001110111011011110111000011100100111100011110110111100001111110
10000111110111111000111100001111101111100000111111101111101111000001110111011011110111000011100100111100011110110111100001111110
11000111110111111000111100001111101111100000111111101111101111100001110111011011110111000011100100111100011110110111100001111110
11000111110111111000111100001111101111100001111111101111101111100001110111011011110111000011100100111100011110110111100001111110
11000111110111111000111100001111101111100001111111101111101111100001110111011011110111000011100110111000001110110111100001111110
11000111110111111000111100001111101111110001111111101111101111100011110111011011110111000011101110111001001110110111100001111110
11000111110111111000111100001111101111110001111111101111101111100011110111011011110111000011101110111001001110110111100001111110
11000111110111111010111110001111101111110001111111101111101111111111110111011111110111000011101110111011001110110111100001111110
11000111110111110010111111011111101111111111111111101111101111111111110111011111110111100011101110111011001110110111111111111110
11000111110111110010011111011111101111111111111111101111101111111111110111011111110111100011101110111011001110110111111111111110
11000111110111110011011111111111101111111111111111101111101111111111110111011111110111100011101110111011001110110111111111111110
11000111110111110011011111111111101111111111111111101111101111111111110111011111110111100011101110111011001110100111111111111110
11000111110111110011011111111111101111111111111111101111101111111111110111011111110111100011101110111011001110100111111111111110
11100111110111110111011111111111111111111111111111101111101111111111110111011111110111100011101110111011001110100111111111111110
11100111110111110111011111111111111111111111111111101111101111111111110111011111110111100011101110111011001110100111111111111110
11100111110111110111011111111111111111111111111111101111101111111111110111011111110111100011101110111011101110100111111111111110
11100111110111110111011111111111111111111111111111101111101111111111110111011111110111100011101110111011101110000111111111111110
11100111110111110111011111111111111111111111111011101111101111111111110111011111110111100011101110111011101110000111111111111110
11100111110111110111011111111111111111111111111011101111101111111111110111011111110111110011101110111011101110000111111111111110
11100111110111110111011111111111111111111111111011101111101111111111110111011111110111110011101110111011101110000111111111111110
11100111110111110111011111111111111111111111111011101111101111111111110111011111110111110011101110111011101110000111111111111110
11100111110111110111011111111111111111111111111011101111101111111111110111011111110111110111101110111011101110000111111111111110
11100111110111110111011111111111111111111111111011111111101111111111110111011111110111110111101110111011101110000111111111111110
11100111110111110111011111111111111111111111111011111111101111111111110111011111110111110111101110111011101110000111111111111110
11100111111111110111011111111111111111111111111011111111101111111111110111011111110111110111101110111011101110000111111111111110
11100111111111110111011111111111111111111111111011111111101111111111110111011111110111110111101110111011101110000011111111111110
11100111111111110111011111111111111111111111111011111111101111111111110111011111110111110111101110111011101110000011111111111110
11100111111111110111011111111111111111111111111011111111101111111111110111011101110111110111101110111011101110000011111111111110
11100111111111110111011111111111111111111111111011111111101111111111110111011101110111110111101110111011101110000011111111111110
11100111111111110111011111111111111111111111111011111111101111111111110111011101110111110111101110111011101110000111111111111110
11101111111111110111011111111111111111111111111011111111101111111111110111011101111111110111101110111011101110000111111111111110
11101111111111110111011111111111111111111111111011111111101111111111110111011101111111110111101110111011101110000111111111111110
11101111111111110111011111111111111111111111111011111111101111111111110111011101111111110111101110111011101111100111111111111110
11101111111111110111011111111111111111111111111011111111101111111111110111011101111111110111101110111011101111100111111111111110
11101111111111110111011111111111111111111111111011111111101111111111110111011101111111110111101110111011101111100111111111111110
11101111111111110111011111111111111111111111111011111111101111111111110111011101111111110111101110111011101111100111111111111110
11101111111111110111011111111111111111111111111011011111101111111111110111011101111111110111100110111011101111100111111111111110
11101111111111110111011111111111111111111111111011011111101111111111110111011101111111111111100110111011101111100111111111111110
11101111111111110111011111111111111111111111111011011111101111111111110111011101111111101111100110111011101111100111111111111110
11101111111111110111011111111111111111111111111011011111101111111111110111011101111111101111100110111011101111100111111111111110
11101111111111110111011111111111111111111111111011011111101111111111110111011101111111101111100110111011101111100111111111111110
11101111111111110111011111111111111111111111111011011111101111111111110111011101101111101111100110111011101111100111111111111110
11101111111111110111011111111111111111111111111011011111101111111111110110011101101111101111100110111001101111100111111111111110
11101111111111110111011111111111111111111111111011011111101111111111110110111101101111101111100110111001101111110111111111111110
11101111111111110110011111111111111111111111111011011111101111111111110010111101101111101111100110111001001111110111111111111110
11101111111111110110011111111111111111111111111011011111101111111111110010111101101111101111100110111001001111110111111111111110
11101111111111110010011111111111111111111111111001011111101111111111110010111100101111101111110100111001001111110111111111111110
11001111111111110010011111111111111111111111111000011111101111111111110010111100101111101111110000111001001111110111111111111110
11001111111111110010011111111111111111111111111000011111101111111111110010111100101111101111110001111001001111110111111111111110
11011111111111111000111111111111111111111111111000011111101111111111110000111100001111101111110001111000001111110111111111111110
11011111111111111000111111111111111111111111111000011111101111111111110000111100001111101111110001111000001111110111111111111110
11011111111111111000111111111111111111111111111000011111111111111111110000111100001111101111110001111000011111110111111111111110
11011111111111111000111111111111111111111111111000011111111111111111110000111100001111111111110001111000011111110111111111111110
11011111111111111000111111111111111111111111111100011111111111111111110000111100001111111111110001111000011111110111111111111110
11011111111111111000111111111111111111111111111100011111111111111111111000111110001111111111110001111100011111110111111111111110
11011111111111111000111111111111111111111111111100011111111111111111111000111110001111111111110001111100011111110111111111111110
11011111111111111000111111111111111111111111111100011111111111111111111000111110011111111111110001111100011111111111111111111110
11011111111111111000111111111111111111111111111100111111111111111111111000111110011111111111111001111100011111111111111111111111
11011111111111111000111111111111111111111111111100111111111111111111111000111110011111111111111001111100011111111111111111111111
11011111111111111000111111111111111111111111111100111111111111111111111001111110011111111111111011111100111111111111111111111111
11111111111111111101111111111111111111111111111110111111111111111111111101111110011111111111111011111100111111111111111111111111
11111111111111111101111111111111111111111111111110111111111111111111111101111110011111111111111011111100111111111111111111111111
11111111111111111101111111111111111111111111111111111111111111111111111111111111111111111111111011111111111111111111111111111111
11111111111111111101111111111111111111111111111111111111111111111111111111111111111111111111111011111111111111111111111111111111