11111111111111111111111111111110111111111111111111111111111111111100111101111101111111111111111111111111111111111111111111111011
11111111111111111111111111111110111111111111111111111111111111111100111101111101111111111111111111111111111111111111111111111011
11111111111111111111111111111110111100011100111111111100111111111100111100111100111111111111111000111111111111111111111111111001
11111111111111111111111111111110111100011100111111111100111111111100111100111100111111111111111000111111111111111111111111111001
11111111111111111111111111111100111100011100111111111100011111111100111100111100111110111111111000111111111101111111111111111001
11111111111111111111111111111100111100011100111111111100011111111100111100111100111110111111111000111111111101111111111111111001
11111111111111111111111111111100111100011100111111111100011111111100111100111100111110111111111000111111111101111111111111111001
11111111111111111111111111111100111100011100111111111100011111111100111100111100111111111111111000111111111101111111111111111001
11111111111111111111111111111100011100011100011111111100011111111100111100111100111111111111111000111111111101111111111111111001
11111111111111111111111111111100011100011100011111111100011111111100111100111100111111111111111000111111111101111111111111111001
11111110111111111111111111111100011100011100011111111100011111111100111100111100111111111111111000111101111101111111111111110001
11111110111111111111111111111101011111011100011111111110011111111100111100111100111111111111111100111101111101111111111111110001
10111110111101111111111111111101011111011100011111111110011111111100111100111100111111111111111100111101111101111111111111110001
10111110111101111111111111111101011111011101011111111111011111111100111101111110111111111111111100111101111101111111111111110001
10011110011100111111111111111101011111011101011111111111011111111100111101111010111111111111111100111101111101111111111111110001
10011110011100111111111111111101011111011101011111111111011111111101111101111011111111111111111100111101111101111111111111110101
10011110011100011101111111111101011111011101011111111111011111111101111101111011111101111111111100111101111101111111111111110101
10011110011100011101111111111101011111011101011111111111011111111111111111111011111101111111111100111101111101111111111111110101
10011110011100011101111111111101011111011101011111111111011111111111111111111011111101111111111100111101111001111111111111110101
10011111011100011101111111111111011111011101011111111111011111111111111111111011111101111111111110111101111001111111111111110111
10011111011100011101111111111111011111011101011111111111011111111111111111111011111101111111111110111101111001111111111111110111
10111111011100011101111111111111011111011101011111111111011111111111111111111011111101111111111110111101111001111111111111110111
10111111011100011101111111111111011111011101011111111111011111111111111111111011011101111111111110111101111001111111111111110110
10111111011101011101111111111111111111011111011111111111111111111111111111111011011101111111111110111101111001111111111111110110
10111101011101011101111111111111111111011111011111111111111111111111111111111011011101111111111110111101111001111011111111110110
10111101011101011101111111111111111111011111011111111111111111111111111111111011011101111111111110111101111001111011111111110110
10111101011101011101111111111111111111011111011111111111111111111111111111111011011101111111111110111101111001111011111111110110
10111101011101011101111111111111111111011111011111111111111111111111111111111011011101111111111110111111111001111011111111110110
10111101011101011101111111111111111111011111011111111111111111111111111111111011011101111111111100111111111001111011111111110110
10111101111101011101111111111111111111011111011111111111111111111111111111111011011101111111111101111111111001111011111111110110
10111101111101011101111111111111111111011111011111111111111111111111111111111011011101111111111101111111111001111011111111110110
10111101111101111101111111111111111111011111011111111111111111111111111111111011011101111111111101111111111101111011111111110110
10111101111101111101111111111111111111111101011111111111111111111111111111111011011101111111111101111111111101111011111111110110
11111101111101111101111111111111111111111101011111111111111111111111111111111011011101111111111101111111111101111011111111110110
11111101111111111101111111111111111111111101011111111111111111111111111111111011011101111111111101111111111101111011111111110110
11111101111111111101111111111111111111111101011111111111111111111111111111111011011101111111111101111111111101111011111111110110
11111101111111111101111111111111111111111101011111111111111111111111111111111011011101111111111101111111111101111011111111110110
11111101111111111101111111111111111111111101011111111111111111111111111111111011011101111111111101111011111101111011111111110110
11111101111111111101111111111111111111111101111111111111111111111111111111111011011101111111111101111011111101111011111111110110
11111101111111111101111111111111111111111101111111111110111111111101111111111011011101111111111101111011111101111011111111110110
11111101111111111101111111111111111111111101111111111110111111111101111111111011011101111111111101111011111101111011111111110110
11111101111111111101111111111111111111111101111111111110111111111101111111111011011101111111111101111011111101111011111111110110
11111101111111111101111111111111111111111101111111111110111111111101111111111011011101111111111101111011111101111011111111110110
11111101111111111101111111111111111111111101111111111110111111111101111001111011011101111111111101111011111101111011111111110110
11111101111111111101111111111111111111111101111111111110111111111101111001111011011101111111111101111011111101111011111111110110
11111101111111111101111111111111111111111101111111111110111111111100111001111011011001111111111101111001111101111011111111110110
11111101111111111101111111111111111111111101111111111110111111111100111101111011011001111111111101111001111101111011111111110110
11111101111111111101111111111111111110111100111111111110111111111100111100111011011001111111111101111001111101111011111111110110
11111101111111111101111111111111111110111100111111111110111111111100111100111011011001111111111101111001111101111011111111110110
11111101111111111101111111111111011110111100111111111110111111111100111100111011011001111111111101111001111101111011111111110110
11111101111111111101111111111111011110111100111111111110111111111100111100111011011001111111111101111001111101111011111111110110
11111101111111111101111111111111011110111100111111111110111111111100111100111011011000111111111101111001111101111011111111110110
11111111111111111101111111111111011110111100111111111110111111111100111100111011011000111111111101111001111101111011111111110110
11111111111111011101111111111111011110111100111111111110111101111100111100111011011000111101111101111000111101111011111011110110
11111111111111011101111111111111011110111100111111111110111101111100111110111011011000111101111101111000111101111011111011110110
11111110111101011100111111111101011110111100111100011110111100111100111110111011011000111000111100111000111101111011111001110110
11111110111101011100111111111101011110111100111100011110111100111110111110111011011000111000111100111000111101111111111001110110
11111110111101011100111111111101011110111100111100011110111000111110111110111011011000111000111100111000111101111111111000110110
11111110111101011100111111111101011110111100111100011111111000111110111110111011011000111000111100111000111101111111111000110110
11111110111101011100111111111101011110111100111000011111111000011110111110111011011000111000111100111000111101111111110000110110
11111110111101011100111111111101011110111100111000011111111000011110111110111011011000111000111100111000111101111111110000110110
11111110111101011100111111111101011110111100111000011111111000011110111110111010011000111000111100111000111101111111110000110110
11111110111101011100111111111101011110111100111000011111111000011111111110111010111010111000111110111010111101111111110000110110
11111110111101011100111111111101011110111100111000011111111000011111111110111000111010111000111110111010111101111111110000110110
11111110111100011100111111111100011110111101011000011111111000011111111111111000111010111000111110111010111101111111110000110110
11111110111100011100111111111100011111111101011000011111111000011111111111111100111010111000111110111010111101111111111000110110
11111110111100011100111111111100011111111101011000011111111000011111011111111100111010111000111110111010111101111111111000110110
11111110111100011110111111111100011111111101011100111111111100111111011111111100111011111000111110111010111101111111111000110110
11111110011100011110111111111100011111111101011100111111111100111111011111111100111011111000111110111010111101111111111000110110
11111111011100011110111111111100011111111101011111111111111110111111011111111100111011111111111110111110111101111111111001110110
11111111011100011110111111111100011111111101011111111111111110111111011111111100111011111111111110111110111101111111111001110110
11111111011101011110111111111100011111111101011111111111111111111111011111111100111011111111111110111111111101111111111111110110
11111111011101011110111111111100011111111101011111111111111111111111011111111100111011111111111110111111111101111111111111110110
11111111011101011110111111111110011111111111011111111111111111111111011111111100111011111111111110111111111101111111111111110110
11111111011101011110111111111110011111111111011111111111111111111111011111111100111011011111111110111111111101111111111111110110
11111111011101011110111111111110011111111111011111111111111111111111011111111100111011011111111111111111111101111111111111110110
11111111011101011110011111111110011111111111011111111101111111111111011111111100111011011111111111111111111101111101111111110110
11111111011111011111011111111110011111111111011111111101111111111111011111111100111011011111111111111111111101111101111111110110
11111111011111011111011111111110011111111111011111111101111111111111011111111100111011011111111111111111111101111100111111110110
11111111011111111111011111111110011111111111011111111101111111111111011111111100111011011111111111111111111101111100111111110110
11111111011111111111011111111110011111111111011111111101111111111111011111111100111011011111111111111111111101111000111111110110
11111111011111111111011111111110011111111111011111111101111111111111011111111110111011011111111111111111111101111000111111110110
11111111011111111111011111111110011111111111011111111101111111111111011111111110111011011111111111111111111101111000111111110110
11111111011111111111011111111111111111111111011111111101111111111111011111111110111011011111111111111111111101111000111111110110
11111111011111111111011111111111111111111111011111111101111111111111011111111110111011011111111111111111111101111000111111110110
11111111011111111111011111111111111111111111011111111101111111111111111111111110111011011111111111111111111101111000111111110110
11111111011111111111011111111111111111111111011111111101111111111111111111111110111011011111111111111111111101111000111111110110
11111111011111111111011111111111111111111111011111111101111111111111111111111110111011011111111111111111111101111000111111110110
11111111011111111111011111111111111101111111011111111101111111111111111111111110111011011111111111111111111101111000111111110110
11111111011111111111011111111111111101111111011111111101111111111111111111111110111011011111111111111111111101111000111111110110
11111111011111111111011111111111111101111111011111111101111111111111111111111110111011011111111111111111111101111000111111110110
11111111111111111111011111111111111101111111011111111101111111111111111111111110111011011111111111111111111101111000111111110110
11111111111111111111011111111111111101111111011111111101111111111111111111111110111011011111111111111111111101111000111111110110
11111111111111111111011111111111111111111111011111111101111111111111111111111110111011011111111111111111111101111000111111110110
11111111111111101111011111111110111111111111011111111101111111111111111111111110111011011111111111111111111101111000111111110110
11111111111111101111011111111110111111111111011111111101111111111111111111111110111011111111111111111111111101111000111111110110
11111111111111111111011111111110111111111111011111111101111111111111111111111110111011111111111111111111111101111100111111110110
11111111111111111111011111111110111111111111011111111101111111111111111111111110111011111111111111111011111101111100111111110110
11111111111111111111011111111110111111111111011111111101111111111111111111111111111011111111111111111011111111111100111111110110
11111111111111111111011111111110111111111111011111111101111111111111111111111111111011111111111111111011111111111100111111110110
11111111111111111111011111111110111111111111011111111101111111111111111111111111111011111111111111111011111111111101111111110110
11111101011111111111011111111110111111111111011111111101111111111110111110111111111011111111111111111011111111111101111111110110
11111101011111111111011111111110111111111111011111111101111111111110111110111111111011111111111111111011111111111101111111110110
11111101011111111111011111111110111101111111011111111101111111111110111110111111111011111111111110111010111101111101111111110110
11111101011111111111011111111110111101111111011111111101111111111110111110111111111011111111111110111010111101111111111111110110
10111101011111011111011111111110111101111101011111111101111111111110111110111101111011111111111110111010111101111111111111110110
10111101011111011111011111111110111101111101011111111101111111111110111110111101111011111111111110111010111101111111111111110111
10111101011111011111011111111110111101111101011111111101111111111110111110111101111011111111111110111010111101111111111111110111
10111101011111011111011111111110111101111101011111111101111111111110111110111101111011111111111110111010111111111111111111110111
10111101011101011111011111111110111101111101011111111101111111111110111110111101111010111111111110111010111111111111111111110101
10111101011101011111011111111110111101111101011111111101111111111110111110111101111010111111111110111010111111111111111111110101
10111101011101011111011111111110111101111101011111111101111111111100111100111101111000111111111110111000111111111111111111110001
10111101011101011111011111111111111101111101011111111101111111111100111100111101111000111111111110111000111111111111111111111001
10111100011100011111011111111111111101111101011111111101111111111100111100111101111000111111111000111000111111111111111111111001
10111110011100011111011111111111111101111101011111111101111111111100111100111101111100111111111000111000111111111111111111111001
10011110011100011111011111111111111101111100011111111101111111111100111100111101111100111111111000111000111111111111111111111001
10011110111100011111011111111111111101111100011111111111111111111101111101111101111100111111111000111000111111111111111111111001
10011110111100011111011111111111111101111100011111111111111111111101111101111101111100111111111000111000111111111111111111111001
10011110111100111111111111111111111111111100011111111111111111111101111101111101111100111111111000111000111111111111111111111001
10011110111100111111111111111111111111111100011111111111111111111101111101111101111100111111111000111000111111111111111111111001
10011110111100111111111111111111111111111100111111111111111111111101111101111101111100111111111001111101111111111111111111111001
10011110111100111111111111111111111111111100111111111111111111111101111101111101111100111111111001111101111111111111111111111001
11111110111100111111111111111111111111111100111111111111111111111101111101111111111101111111111001111101111111111111111111111001
11111110111100111111111111111111111111111100111111111111111111111101111101111111111101111111111001111101111111111111111111111001
11111111111111111111111111111111111111111111111111111111111111111111111111111111111101111111111001111101111111111111111111111011
11111111111111111111111111111111111111111111111111111111111111111111111111111111111101111111111001111101111111111111111111111011
11111111111111111111111111111111111111111111111111111111111111111111111111111111111111111111111111111111111111111111111111111011
11111111111111111111111111111111111111111111111111111111111111111111111111111111111111111111111111111111111111111111111111111011