11111111111111111111111111111111111111111111111111111111111111111111111111111111111111111111111111111111111111111111111111111111
11111111111111111111111111111111111111111111111111111111111111111111111111111111111111111111111111111111111111111111111111111111
11111111111111111111111111111111111111111111111111111111111111111111111111111111111111111111111111111111111111111111111111111111
11111111111111111111111111111111111111111111111111111111111111111111111111111111111111111111111111111111111111111111111111111111
11111111111111111111111111111111111111111111111111111111111111111111111111111111111111111111111111111111111111111111111111111111
11111111111111111111111111111111111111111111111111111111111111111111111111111111111111111111111111111111111111111111111111111111
11111111111111111011111111111111111011111111111111111111111111111111111111111111111111011111111111111111111111111111111111111111
11111111111101111011111111111111111011111111111011111111111111111111111110111111111111010111111111111111011111111111111111111111
11111111111101111011111111111111111011111111111011111111111111111111111110111111111111011111111111111111011111111111111111111111
11111111111101111011111111111111111011111111111011111111111111111111111110111111111111011111111111111111011111111111111111111111
11111111111101111011111111111111111011111111111011111111111111111111111110111111111111011111111111111111011111111111111111111111
10111111111101111011111111111111111011111111111011111111111111111111110110111111111111011111111011111111011111111111111111111111
10111111111101111011111111111111111011111111111011111111111111111111110111111111111111011111111011111111011111111111111111111111
10111111111101111011111111111111111011111111111011111111111111111111110111111111111111011111111011111111011111111111111111111111
10111111111101111011111111111111111011111111111011111111111111111101110111111111111111011111111011111011011111110111111111111111
10111111111101111011111111111111111011111111111011111111111111111101110111111111111111011111111011111011011111110111111111111111
10111111111101111011111111111111111011111111111011111111111111111101110111111111111111011011111011111011011111110111111111111111
10111111111101111011111111111111111011111111111011111111111111111101110111111111111111011011111111111011011111110111111111111111
10111111111101111011111111111111111011111111111011111111111111111101110111111111111111011011111111111011011111110111111111111111
10111111111101111011111111111111111011111111111011111111111111111101110111111111111111011011111111111011011111110111111111111111
10111111111101111011111111111111111011111111111011111111011111111101110111111111111111011011111111111011011111110111111111111111
10111111111101111011011111111111111011111111111011111111011111111101110111111111111111011011111111111011011111110111111111111111
10111111111101111011011111111111111011111111111011111111011111111101110111111111111111011011111111111011011111110111111111111111
10111111111101111011011111111111111011111111111011111111011111111101110111111111111111011011110111111011011111110111111111111011
10111111111101111011011111111111111011111111111011111111011111111101110111111111111111011011110111111011011111110111111111111011
10111111111101111011011111111111111011111111111011111111011111111101110111111111111111011011110111111011011111110111111111111011
10111111111101111011011111111111111011111111111011111111011111011101110111111111111111011011110111111011011111110111111111111011
10111111111101111011111111111111111111111111111011111111011111011101110111111111111111011011110111111011011111110111111111111011
10111111111101111011111111111111111111111111111001111111011111011101110111111111111111011011110111111011011101110111111111111011
10111111111101111011111111111111111111111111111001111111011111011101110111111111111111011011110111111011011101110111111111111011
10111111111101111011111111111111110111111111111001111111011111011101110111111111111111011011110111111011011101110111111111111011
10111111111101111011111111111111110111111111111001111111011111011101110111111111111111011011110111111011011101110111111111111011
10111111111111111010111111111111110111111111111001111111011111011101110111111111111111010011110111111011011101110111111111111111
10111111111011111010111111111111110111111111111001111111011111011101110111111111111111010011110111111011011101110111111111111111
10111111111011111010111111111111110111111111111001111111011111011101110111111111111111010011110111111011011101110111111111111111
10111111111011111010111111111111110111111111111001111111011111011101110111111111111111010011110111111011011101110111111111111111
10111111111011111010111111111111110111111111111001111111011111011101110111111111111111010111110111111111011101110111111111111111
10111111111011111010111111111111110111111111111001111110011111011101110111111111111111010111110111111111011101110111111111111111
10111111111011111010111111111111110111111111111001111110011111011101110111111111111111010111110111111111011101110111111111111111
10111111111011111010111111111111110111111111111001111110011111011101110111011111111111010111110111111110011101110111111111111111
10111111111011111010111111111111110111111111111001111110011111011101110111011111111111010111110111111100011101110111111111111111
10111111111011111010111111111111110111111111111001111110011111011101110111011111111111010111110111111100011101110111111111111111
10111111111011111010111111111111110111111111111001111110011111011101110111011111111111010111110011111100011101110111111111111111
10111111111011111010111111111111110111111111111001111110011111011101110111011111111111010111110011111100011101110111111111111111
10111111111011111010111111111111110111111111111000111110011111011101110111011111111111000111110011111100111101110111111111111111
10111111111011111000111111111111110111111111111000111110011111011101110111011111111111000111110011111100111101110111111111111111
10111111111011111000111111111111110111111111111000111110011111011101110111111111111111000111110011111100111101110111111111111111
10111111111011111000111111111111110111111111111000111110011111011101110111111111111111000111110011111100111101110111111111111111
10111111111011111000111111111111110111111111111100111110011111011101110111111111111111000111110011111100111101110111111111111111
10111111111011111000111111111111110111111111111100111110011111011101110111111111111111000111110011111100111101110111111111111111
10111111111011111000111111111111110111111111111100111110011111011101110111111111111111000111110011111100111101110111111111111111
10111111111011111000111111111111111111111111111110111110011111011101110111111111111111000111110011111100111101110111111111111111
10110111111011111000111110011111111111110011111110111110011111011101110111111111111111000111110011111100111101110111100011111111
10110111111011111000111110011111111111110011111110111110011111011101110111111111111111000111110011111100111101110111100011111111
10110011111011111000111110001111111111110001111110111110011111011101110111111110011111000111100011111000111101110111100011111111
10110011111011111000111110001111111111110001111111111110011111011101110111111110011111000111100011111000111101110111100011111111
10110011111011111000111110001111101111110001111111111110011111011101110111111100011111000111100001111000011101110111100011111111
10110011111011111000111110001111101111110001111111111110111111011101110111111100011111000111100101111000011101110111100011111111
10110111111111111000111110001111101111110001111111011110111111011101110111111100011111000111100101111000011101111111100011111111
10110111110111111000111110001111101111110001111111011110111111011101110111111100011111000111100101111000011101111111100011110111
10110111110111111000111110001111101111110001111111011110111111011101110111111100011111000111100101111000011101111111100011110111
10110111110111111000111110001111101111110001111111011110111111011101110111111100011111000111100101111000011101111111100011110111
10110111110111111000111110001111101111110001111111011110111111011101110111111110011111000111100101111000011101111111100011110111
10110111110111111000111110001111101111110001111111011110111111011101110111111110011111000111100101111000011101111111100011110111
10110111110111111010111110011111101111110011111111011110110111011101110111111110111111010111101111111000011101111111100011110111
11110111110111111010111111111111101111111111111111011110110111011101110111111111111111010111101111111010011101111111100011110111
11110111110111111010111111111111101111111111111111011110110111011101110111111111111111010111101111111010011101111111100011110111
11110111110111111010111111111111101111111111111111011110110111011101110111111111111111010111101111111010011101111111100011110111
11110111110111111010111111111111101111111111111111011110110111011101110111111111111111010111101111111010011101111111100011110111
11110111110111111010111111111111101111111111111111011110110111011101110111111111111111010111101111111011011101111111111011110111
11110111110111111010111111111111101111111111111111011110110111011101110111111111111111010111101111111011011101111111111111110111
11110111110111111010111111111111101111111111111111011110110111011101110111111111111111010011101111111011011101111111111111110111
11110111110111111010111111111111101111111111111111011110110111011101110111111111111111010011101111111011011101111111111111110111
11100111110111111010111111111111101111111111111111011110110111011101110111111111111111010011101110111011011101111111111111110111
11100111110111111010111111111111101111111111111111011110110111011101110111111111111111011011101110111011011101111111111111110111
11100111110111111010111111111111101111111111111111011110110111011101110111111111111111011011101110111011011101111111111111110111
11100111110111111011111111111111101111111111111111011110110111011101110111111111111111111011101110111011011101111111111111110111
11100111110111111011011111111111101111111111111111011100110111011101110111111111111111111011101110111011011101111111111111110111
11100111110111110011011111111111101111111111111111011100110111011101110111111111111111111011101110111011011101110111111111110110
11100111110111110111011111111111101111111111111111011100110111011101110111111111111111111011101110111011011101110111111111110110
11100111110111110111011111111111101111111111111111011100110111011101110111111111111111111011101110111011011101110111111111110110
11100111110111110111011111111111101111111111111111011100110111011101110111111111111111111011101110111111011101110111111111110110
11100111110111110111011111111111101111111111111111011100110111011101110111111111111111111011101110111111011101110111111111110000
11100111110111110111011111111111101111111111111111011100110111011101110111111111111111111011101110111111011101110111111111110000
11100111110111110111011111111111101111111111111111011100110111011101110111111111111111111011101110111111011101110111111111110000
11100111110111110111011111111111101111111111111111011100110111011101110111111111111111111011101110111111011101110111111111110000
11100111110111110111011111111111101111111111111111011100110111011101110111111111111111111011101110111111011101110111111111110000
11100111110111110111011111111111101111111111111111011100110111011101110111111111111111111011101110111111011101110111111111110000
11100111110111110111011111111111101111111111111111011100110111011101110111111111111111111011101110111111011101110111111111110000
11100111110111110111011111111111101111111111111111011100110111011101110111111111111111111011101110111111011101110111111111110000
11100111110111110111011111111111101111111111111111011100110111011101110111111111111111111011101110111111011101110111111111110000
11100111110111110111011111111111101111111111111111011100110111011101110111111111111111111011101110111111011101110111111111110000
11100111110111110111011111111111101111111111111111011100110111011101110111111111111111111011101110111111011101110111111111110000
11100111111111110111011111111111101111111111111111011100110111011101110111111111111111111011101110111111011101110111111111110100
11100111111111110111011111111111101111111111111111011100110111011101110111111111111111111011101110111111011101110111111111110100
11101111111111110111011111111111101111111111111111011100110111011101110111111111111111111011101110111111011101110111111111111100
11101111111111110111011111111111101111111111111111011110110111011101110111111111111111111011101110111111011101110111111111111100
11101111111111110111011111111111101111111111111111011110110111011101110111111111111111111011101110111111011101110111111111111100
11101111111111110111011111111111101111111111111111011110110111011101110111111111111111111011101110111111011101110111111111111100
11101111111111110111011111111111101111111111111111011110110111011101110111111111111111111011101110111111011101110111111111111100
11101111111111110111011111111111101111111111111111011110110111011101110111111111111111111011101110111111011101110111111111111110
11101111111111110111011111111111101111111111111111011110110111011101110111111111111111111011101110111011011101110111111111111110
11101111111111110111011111111111101111111111111111011110110111011101110111111111111111111011101110111011011101110111111111111110
11101111111111110111011111111111101111111111111111011110110111011101110111111111111111111011101111111011011101110111111111111110
11101111111111110111011111111111101111111111111111011110110111011101110111111111111111111011101111111011011101110111111111111110
11101111111111110111011111111111101111111111111111011110110111011101110111111111111111111011101111111011011111110111111111111110
11101111111111110111011111111111101111111111111111011110110111011101110111111111111111111011101111111011011111110111111111111110
11101111111111110111011111111111111111111111111111011110110111011101110111111111111111111011101111111011011111110111111111111110
11101111111111110111011111111111111111111111111111011110110111011101110111111111111111111011101111111011011111110111111111111110
11101111111111110110011111111111111111111111111111011110110111011101110111111111111111111011101101111011011110110111111111111110
11101111111111111110011111111111111111111111111111111110110111111101110111111111111111111011101101111011011110110111111111111110
11101111111111111010011111111111111111111111111111111110110111111101110111111111111111111011101101111011011110110111111111111110
11101111111111111010011111111111111111111111111111111110110111111101110111111111111111111011101101111011011110110111111111111110
11101111111111111010011111111111111111111111111111111110110111111101110111111111111111011011101101111011011110110111111111111110
11111111111111111010011111111111111111111111111111111110110111111111111111111111111111011011101101111011011110110111111111111110
11111111111111111010011111111111111111111111111111111110110111111111111111111111111111011011101101111011011110110111111111111110
11111111111111111010011111111111111111111111111111111110110111101111111111111111111111011011101101111011011110110111111111111110
11111111111111111010011111111111111111111111111111111110111111101111111111111111111111011011111111111011011110111111111111111111
11011111111111111010011111111111111111111111111111111110111111101111111111111111111111011011111111111011011110111111111111111111
11111111111111111010111111111111111111111111111111111111111111101111111111111111111111011111111111111011011110111111111111111111
11111111111111111010111111111111111111111111111111111111111111101111111011111111111111011111111111111011011110111111111111111111
11111111111111111010111111111111111111111111111111111111111111111111111011111111111111011111111111111011011110111111111111111111
11111111111111111010111111111111111111111111111111111111111111111111111111111111111111111111111111111011111110111111111111111111
11111111111111111010111111111111111111111111111111111111111111111111111111111111111111111111111111111011111110111111111111111111
11111111111111111110111111111111111111111111111111111111111111111111111111111111111111111111111111111111111110111111111111111111
11111111111111111110111111111111111111111111111111111111111111111111111111111111111111111111111111111111111110111111111111111111
11111111111111111111111111111111111111111111111111111111111111111111111111111111111111111111111111111111111110111111111111111111
11111111111111111111111111111111111111111111111111111111111111111111111111111111111111111111111111111111111110111111111111111111