11111111111111111111111111111110111111111110111111111111111111111111111111111111111111111111111111111111111111111111111111111110
11111111111111111111111111111110111111111110111111111111111111111111111111111111111111111111111111111111111111111111111111111110
11111111111111111111111111111110011100011110111111111100011111111111111111111111111111111111111111111111111101111101111111111000
11111111111111111111111111111110011100011110111111111100011111111111111111111111111111111111111111111111111101111101111111111000
11111111111111111111111111111110011100011110011111111100011111111100111110111110111111111111111101111110111100111001111111111000
11111111111111111111111111111110011100011110011111111100011111111100111110111110111111111111111101111110111100111001111111111000
11111111111111111111111111111110011100011110011111111100011111111100011100111110111111111111111100111000111100111000111111111000
11111111111111111111111111111100011100011110011111111100011111111100011100111100111111111111111100111000111100111000111111110000
11111111111111111111111111111100011100001110011111111100011111111100011100111100111111111100111000111000111000111000111111111000
11111110111111111111111111111100011100001100011111111100011111111100011100011100111111111100111000111000011000111000111111111000
11111110111111111111111111111100011100001100011111111111011111111100011100011100111111111100111000111000011000111000111111111000
10111110111100111111111111111100011100001100011111111111011111111100011100011100111111111100111000111000011000111000111111111000
10111110111100111111111111111100011100011100011111111111011111111100011100011100111111111100111000111000011000111000111111111000
10011110011100111101111111111100011100011100011111111111011111111100011100011100011111111100111000111000011000111000111111111000
10011110011100111101111111111100011111011100011111111111011111111100011100011100011111111100111000111000011000111001111111111100
10011110011100011101111111111101011111011101011111111111011111111100011100011100011111111100111000111100011000111001111111111100
10011110011100011101111111111101011111011101011111111111011111111100011100011100011111111100111000111100011000111001111111111100
10011110011100011101111111111101011111011101011111111111011111111100011101011100011111111100111001111110011010111011111111111110
10011110011100011101111111111101011111011101011111111111011111111100011101011100011111111100111001111110011010111011111111111110
10011110011100011101111111111101011111011101011111111111011111111100011101011101011111111100111001111110111010111011111111111110
10011110011100011101111111111101011111011101011111111111011111111100011101011101011111111100111001111110111010111011111111111110
10011110011100011101111111111101111111011101011111111111011111111110011101011101011111111100111011111110111010111011111111111110
10011110011100011101101111111101111111011101011111111111011111111110011101011101011111111100111011111110111010111011111111111110
10011100011100011101101111111101111111011101011111111111011111111110011101011101011111111100111011111110111010111011111111111110
10011100011100011101101111111101111111011101011111111111011111111110011111011111011111111100111011111110111010111011111111111110
10011100011100011101101111111101111111011101011111111111011111111110011011011111011111111100111011111110111010111011111111111110
10011100011100011101101111111101111111011101011111111111011111111110011011011111011111111100111011111110111010111011111111111110
10011100011100011101101111111101101111011101011111111111011111111110011011011111011111111100111011111110111010111011111111111110
10011101011101011101101111111101101111011101011111111111011111111110011011011111011111111100111011111110111011111011111111111110
10011101011101011101101111111101101111011101011111111111011111111110111011011111011111111100111011111110111011111011111111111110
10011101111101001101101111111101101111011101011111111111011111111110111011011111011111111100111011111110111011111011111111111110
10111101111101001101101111111111101111011101011111111111011111111110111011011111011111111100111011111110111011111011111111111110
10111101111101001101101111111111101111011101011111111111011111111110111011011111011111111100111011111110111011111011111111111100
10111101111101101101101111111111101111011101011111111111011111111110111011011111011111111100111011111110111011111011111111111100
10111101111101101101101111111111101111011101011111111111011111111110111011011111011111111100111011111110111011111011111111111100
10111101111101101101101111111111101111011101011111111111011111111110111011011111011111111110111011111110111011111011111111111101
10111101111101101101101111111111101111011101011111111111011111111110111011011111011111111110111011111110111011111011111111111101
10111101111101101101101111111111101111011101011111111111011111111110111011011101011111111110111011111110111011111011111111111101
10111101111101101101101111111111101111011101011111111111011111111110111011011101011111111110111011111110111011111011111111111101
10111101111101101101101111111111101111011101011111111111011111111110111011011101011111111110111001111110111011011011111111111101
10111101111101101101101111111111101111011101011111111111011111111110111011011101011111111110111001111110111011011011111111111101
10111101111101101101101111111111101111011101011111111111011111111110111011011101011111111110111001111110111011011011111111111101
10111101111101101101101111111111101111011101011111111111011111111110111011011101011111111110111001111110111011011011111111111101
10111101111101101100101111111111101111011100011111111111011111111110111011011100011111111110111001111110111011011011111111111101
10111101111101101100101111111101101111011100011111111111011111111110111011011100011111111110111001111110111011011001111111111101
10111101111101101100101111111101101111011100011111111111011111111110111011011100011111111110111001111110111011011001111111111101
10111101111101101100101111111101101111011100011111111110011111111110111011011100011111111110111001111110111011011001111111111101
10111101111101101100101111111101101111011100011111111110111111111110111011011100111111111110111001111110111011011001111111111101
10111101111101101100101111111101101111011100011111111110111111111110111011011100111111111110111001111110111011011001111111111101
10111101111101101100101111111101101111111100011111111110111111111110111011011100111111111110111001111111111011011001111111111101
10111101111101101100101111111101101110111110011111111110111111111110111011011100111111111110111001111111111011011001111111111101
10111100111101001100101111111101101110111110011111111110111111111110111011011100111111111110111000111111111010011001111000111101
10111100111101001100101111111101101110111110011111111110111111111110111011011100111111111110111000111111111010011001111000111101
10111100111101001100101111111101101110111100011111111110111111111110111011011100111100111110111000111101111010011000111000111101
11111100111101011100101111111101101110111100011111111110111111111110111011011100111100111110111100111101111010011000111000111101
11111100111101011100101111111101101110111100011100011110111100011110111011011100111100011110111100111101111010011000111000111101
11111100111101011100101111111101101110111100011100011110111100011110111011011100111100011110111100111101111010111000111000111101
11111110111101011100101111111101011110111100011100011110111100011110111011011100111000011110111100111101111010111100111000111101
11111110111101011100101111111101011110111100011100011110111100011110111011011100111000011110111100111101111010111100111000111101
11111110111101011100101111111101011110111100011100011110111100011110111011011100111000011110111110111101111010111100111000111101
10111110111100011100101111111101011110111100011100011110111100011110011011011100111000011110111110111101111010111100111000111101
11111110111100011100101111111101011110111100011100011110111100011110011011011100111000011110111110111101111010111110111000111101
11111110111100011100101111111100011110111100011100011110111100011110011011011100111000011110111110111101111010111110111000111101
11111110111100011100101111111100011110111100011100011110111100011110011011011100111000011110111110111101111010111110111000111101
11111110111100011100101111111100011110111100011100011110111100011110011011011100111000011110111110111101111000111110111000111101
11111110011100011100101111111100011110111100011100011110111100011110011011011100111000011110111110111101111000111110111000111101
11111110011100011100101111111100011110111100011100011110111100011110011011011100111100011110111110111101111000111110111000111111
11111110011100011100101111111100011110111100011100011110111100011110011011011100011100011110111110111101111000111110111000111011
11111110011100011100101111111100011110111100011100011110111100011111011011011100011100111110111110111101111000111110111000111011
11111110011100011100101111111100011110111100011100011110111100011111011011011100011100111110111110111101111000111110111000111011
10111110011100011100101111111100011110111100011100011110111100011111011011011101011100111110111110111101111000111110111000111011
10111110011100011100001111111110011110111101011100111110111111111111011011011101011111111110111110111101111100111110111000111011
10111110011100011100001111111110011110111101011100111110111111111111011011011101011111111110111110111101111100111110111000111011
10111111011101011100001111111110011110111101011111111110111111111111011011011101011111111110111110111101111100111110111111111011
10111111011101001100001111111110011110111101011111111110111111111111011011011101011111111110111110111101111100111110111111111011
10111111011101001101001111111110011110111101011111111110111111111111011011011111011111111110111110111101111100111110111111111011
10111111011101001101001111111110011110111101011111111110111111111111011011011011011111111110111110111101111100111110111111111011
10111111011101001101001111111110011110111101011111111110111111111111011011011011011111111110111110111101111100111110111111111011
10111111011101101101001111111110011110111101011111111111111111111111011011011011011111111110111110111101111100111110111111111011
10111111011101101101001111111111011110111101001111111111111111111111011011011011011111111110111110011101111100111110111111111011
10111111011101101101001111111111011110111101001111111111111111111111011011011011011111111110111110011101111100111110111111111011
10111111011101101101001111111111011110111101001111111111111111111111011011011011011111111110111110011101111100111110111111111011
10111111011101101101001111111111011110111101101111111111111111111111011011011011011111111110111110011101111110111110111111111011
10111111011101101101001111111111011110111101101111111111111111111111011011011011011111111110111110011101111110111110111111111011
10111111011101101101001111111111011110111101101111111111111111111111011011011011011111111110111110011101111110111110111111111011
10111111011101101101001111111111011110111101101111111111111111111111011011011011011111111110111110011101111110111110111111111011
10111111111101101101001111111111011110111101101111111111111111111111011011011011011111111110111110011101111110111110111111111011
10111111111101101101001111111111011111111101101111111111111111111111011011011011011111111110111110011101111110111110111111111011
10111111111101101101001111111111011111111101101111111111111111111111011011011011011111111110111110011101111110111110111111111011
10111111111101101101001111111111011111111101101111111111111111111111011011011011011111111110111110111111111110111110111111111011
10111111111101101101001111111111011111111101101111111111111111111111011011011011011111111110111110111111111100111110111111111011
10111111111101101101001111111111011111111101101111111111111111111111011011011011011111111110111110111111111100111110111111111011
10111111111101101101001111111111011111111101101111111111111111111111011011011011011111111110111110111111111100111110111111111011
10111111111101101101001111111111011111111101101111111111111111111111011011011011011111111110111110111111111100111110111111111011
10111111111101101101001111111111011111111101101111111111111111111111011011011011011111111110111110111111111100111110111111111011
10111111111101101101001111111110011111111101101111111111111111111111011011011011011111111110111110111111111100111110111111111011
10111111111101101101001111111110011111111101101111111111111111111111011011011011011111111110111110111111111100111110111111111011
10111101111101101101001111111110011111111101101111111111111111111111011011011011011111111110111110111111111100111110111111111011
10111101111101101101001111111110111111111101101111111111111111111111011011011011011111111110111110111111111101111110111111111011
10111101111101101101001111111110111101111101101111111101111111111111011011011011011111111110111110111111111101111110111111111011
10111101111101101101001111111110111101111101001111111101111111111111011011011011011111111110111110111111111101111110111111111011
10111101111101101101001111111110111101111101011111111101111111111111011011011011011111111110111110111111111101111110111111111011
10111101111101101101001111111110111101111101011111111101111111111111011011011011011111111110111110111111111101111110111111111011
10111101111101101101001111111110111101111101011111111101111111111111011011011011011111111110111110111111111101111110111111111011
10111101011101001101001111111110111101111101011111111101111111111111011001011011011111111110111110111111111101111100111111111011
10111101011101001101001111111110111101111101011111111101111111111111011001011011011111111110111110111111111101111100111111111011
10011101011101011101001111111110111101111101011111111101111111111111011001011011011111111110111110111111111101111100111111111011
10011101011101011101001111111110111101111101011111111101111111111110011101011001011111111110111110111111111101111100111111111011
10011101011101011101001111111110111101111101011111111101111111111110011101011001011111111110111110111111111101111100111111111011
10011100011101011101001111111110111101111100011111111101111111111110011101011001011111111110111100111111111101111000111111111011
10011100011101011101001111111110111101111100011111111101111111111110011101011001011111111110111100111111111101111001111111111011
10011100011100011101001111111110111101111100011111111101111111111110011101011001011111111110111100111111111101111001111111111011
10011100011100011101001111111110111101111100011111111111111111111110011101011101011111111110111100111111111101111001111111111011
10011100011100011101001111111110111101111100011111111111111111111100011100011100011111111110111101111111111101111001111111111011
10011100011100011101001111111110111111111100011111111111111111111100011100011100011111111110111001111111111101111001111111111011
10011110011100011101001111111110111111111100011111111111111111111100011100011100011111111110111001111111111101111001111111111011
10011110011100011101001111111110111111111100011111111111111111111100011100011100011111111110111001111111111101111001111111111011
10011110011100011101111111111110111111111100011111111111111111111100111100011100011111111110111001111111111101111001111111111011
10011110011100011101111111111110111111111100011111111111111111111100111100011100011111111110111001111111111101111001111111111011
10011110011100011111111111111110111111111100011111111111111111111100111100011100111111111110111001111111111111111001111111111011
10011110011100011111111111111111111111111110011111111111111111111100111100111100111111111111111001111111111111111001111111111111
10011110011100011111111111111111111111111110011111111111111111111100111100111100111111111111111001111111111111111001111111111111
10111110111111111111111111111111111111111110111111111111111111111100111100111100111111111111111101111111111111111011111111111111
10111110111111111111111111111111111111111110111111111111111111111100111100111100111111111111111101111111111111111011111111111111
11111110111111111111111111111111111111111110111111111111111111111100111100111100111111111111111111111111111111111111111111111111
11111110111111111111111111111111111111111110111111111111111111111100111100111100111111111111111111111111111111111111111111111111
11111111111111111111111111111111111111111111111111111111111111111100111110111111111111111111111111111111111111111111111111111111
11111111111111111111111111111111111111111111111111111111111111111100111110111111111111111111111111111111111111111111111111111111