11111111111111111111111111111111011111101111111111111111111111111111111111111111111111111111111111111111111111011111111111111111
11111111111111111111111111111111011111101111111111111111111111111111111111111111111111111111111111111111111111011111111111111111
11111111111111111111111111111111011110101111111111111110001111111111111111111110111111111111111111111110111100011110111111111111
11111111111111111111111111111111011110101111111111111110001111111111111111111110111111111111111111111110111100011110111111111111
11111111111111111111111111111110011110001111011111111110001111111111011111011110011111111111111111111110011100011100111111111111
11111111111111111111111111111110011110001111011111111110001111111111011111011110011111111111111111111110011100011100111111111111
11111111111111111111111111111110011100001110011111111100001111111111011111011110011111111111111111111110011100011100111111111111
11111111111111111111111111111110011100001110011111111100001111111111011111011110011111111111011111111110011100011100011111111110
11111111111111111111111111111110011100001110011111111100001111111111011111011110011111111111011111111110011100011100011111111110
11111111111111111111111111111110001100001110001111111100001111111111011111011110011111111110011110111100011100011100011111111110
11111111111111111111111111111110001100001110001111111100001111111111011111011110011111111110011110111100011100011100011111111110
10011110111111111111111111111110001100001110001111111100001111111111011110011110011111111110011110111100011100011100011111111100
10011110111111111111111111111110001110001110001111111110001111111111011110011110011111111110011110111100011100011100011111111100
10011110011110111111111111111110001110001110001111111110001111111111011110011110011111111110011110111100011100011100011111111100
10011110011100011111111111111110001110001110001111111110001111111110011110011100001111111110011110111100011100011100011111111100
10011110011100011111111111111110001111101110001111111110001111111110011110011100001111111110011110111100011100011100011111111100
10011110011100011101111111111110001111101110001111111110001111111110011110011100001111111110011110111100011100011100011111111100
10011110011100011101111111111110101111101110101111111111101111111110011110011100001111111110011110111100011100011101011111111100
10011110011100011101101111111110101111101110101111111111101111111110011110011100001111111110011110111100011100011101011111111100
10011110011100011101101111111110101111101110101111111111101111111110011110011101001111111110011110111100011100011101011111111100
10011110011100001101101111111110101111101110101111111111101111111110011110011111101111111110011110111101011110011101011111111100
10011110011100001101101111111100101111101110101111111111101111111110011110011111101111111110011110111101011110011101011111111100
10011110011100001101101111111101101111101110101111111111101111111110011110011111101111111110011110111101011110011101011111111100
10011110011100001100101111111101101111101110101111111111101111111110011110011111101111111110011110111101011110011001011111111100
10011110011100001100101111111101101111101110101111111111101111111110011110011111101111111110011110111101011111011001011111111100
10011100001100001100101111111101101111101110101111111111101111111110011110011111101111111110011110111101011111011001011111111100
10011100001100001100101111111101101111101110101111111111101111111110011110011111101111111110011110111101011111011001011111111100
10011100101100001100101111111101101111101111101111111111101111111110011110011111101111111110011110111101011111011001011111111100
10011100101100001100101111111101101111101111101111111111101111111110011110011111101111111100011110111101011111011001011111111100
10011100101101101100101111111101101111101111101111111111101111111110011110011111101111111100011110111101011111011011011111111100
10011100101101101100101111111101101111101111101111111111101111111110011110011111101111111100011110111101011110011011011111111000
10111101101101101100101111111101101111101111101111111111101111111110011110011111101111111100011110111101011110011011011111111000
10111101111101101100101111111101101111101111101111111111101111111110011111011111101111111100011110111101011110011011011111111000
10111101111101101100101111111101101111101111101111111111101111111110011111011111101111111100011110111101011110011011011111111000
10111101111101101100101111111101101111101111101111111111101111111111011111011111101111111101011110111101011110111011011111111000
10111101111101101100101111111101101111101110101111111111101111111111011111011111101111111101011110111101011110111011011111111000
10111101111101101100101111111101101111101110101111111111101111111111011111011111101111111111011110111101011110111011011111111000
10111101111101101100101111111101101111101110101111111111101111111111011111011111101111111111011110111101011110111011011111111000
10111101111101101100101111111101101111101110101111111111101111111111011111011111101111111111011110111101011110111011011111111010
10111101111101101100101111111101101111101110101111111111111111111111011111011111101111111111011110111101011110111011011111111010
10111101111101101100101111111101101111001110101111111111011111111111011111011111101111111111011110111101011110111011011111111010
10111101111101101100101111111101101111011110101111111111011111111111011111011111101111111111011110111101011110111011011111111110
10111101111101101100101111111101101111011110101111111111011111111111011111011111101111111111011110111101011110111011011111111110
10111101111101101100101111111101101111011110101111111111011111111111011111011111101111111111011110111101011110111011011111111110
10111101111101101100101111111101101111011110101111111111011111111111011111011111101111111111011110111100011110111011011111111110
10111101111101101100101111111101101111011110001111111111011111111111011111011111101111111111011110111100011110111011011111111110
10111101111101101100101111111101101111011110001111111111011111111111011111011111101111111111011110111100011110111011011111111110
10111100111101101100101111111101101111011110001111111111011111111111011111011111101111111111011110111100011110111011011111111110
10111100111101101100101111111101101111011110001111111111011111111111011111011111101111111111011111111100011110111011111111111110
10111100111101101100101111111101101111011110001111111111011111111111011111011111101111111111011111111100011110111011111111111110
10111110111101101100101111111101101111011110001111111111011111111111011111011111101111111111011111111100011110111011111111111110
10111110111101101100101111111101101111011110001111111111011111111111011111011111001111111111011111111100011110111011111111111110
10111110111101101100101111111101101111011110001111111111011111111111011111011111001111111111011101111100011110011011111110011110
10111110111101101100101111111101101111011110001111111111011111111111011111011111011111111111011101111100011110011011111110011110
10111110111101101100101111111101101111011110001110011111011110001111011111011111011110011111011101111100011110011011111100011110
10111110111101101100101111111101101111011110001110011111011110001111011111011111011110011111011101111100011110011011111100011110
10111110111101001100101111111101101111011110001110001111011100001111011111011111011100001111011101111100011110011011111100011110
10111110111101001100101111111101101111011110001110001111011100001111011111011111011100001111011101111100011110011011111100011110
10111110111100001100101111111100101111011110001110001111011100001111011111011111011100001111011101011100011110011011111000011110
10111110111100001100101111111110101111011110001110001111011100001111011111011111011100001111011101011100011110011011111000011110
10111110111100001100101111111110101111011110001110001111011100001111011111011111011100001111011101011100011110011011111000011110
10111110011100001100001111111110101111011110001110001111011100001111011111011111011100001111011101011100011110011011111000011110
10111110011100001100001111111110101111011110001110001111011100001111011111011111011100001111011101011100011110011011111000011110
10111110011100001100001111111110001111011110001100001111011100001111011111011111011100001111011101011100011110011011111000011110
10111110011100001101001111111110001111011110001100001111011100001111011111011111011100001111011101011100011110011011111000011110
10111110011100001101001111111110001111011110001110001111011100001111011111011111011100001111011101011100011111011011111000011110
10111110011100001101001111111110001111011110001110001111011100001111011111011110011100001111011101011100011111011011111000011110
10111110011100001101001111111110001111111110101110001111011100001111011111011110011100001111011101011100011111011011111000011110
10111110011100001101001111111110001111111110101110001111011100001111011111011110011100001111011101011100011111011011111000011110
10111111011100001101001111111110001111111110101110001111111100001111011111011110011100001111011101011100011111011011111000011110
10111111011100001101001111111110001111111110101110011111111110001111011111011110111100001111011101011100011111011011111100011110
10111111011100001101001111111110001111111110101110011110111110001111011111011110111100001111011101011100001111011011111100011110
10111111011100001101001111111110001111111110101111111110111110111111011111011110111111111111011101011101001111011011111100011110
10111111011100001101001111111110001111111110101111111110111110111111011111011110111111111111011101011101001111011011111100011110
10111111011101101101001111111110001111111110101111111110111111111111011111011110111111111111011101011101001111011011111111111110
10111111011101101101001111111110001111111100101111111110111111111111011111011110111111111111011101011101001111011011111111111110
10111111011101101101001111111111001111111101101111111110111111111111011111011110111111111111011101011101001111011011111111111110
10111111001101101101001111111111001110111101101111111110111111111111011111011110111111111111011101011101001111011011111111111110
10111111001101101101001111111111001110111101101111111110111111111111011111011110111111111111011101011101001111011011111111111110
10111111001101101101001111111111001110111101101111111110111111111111011111011110111111111111011101011101101111011011111111111110
10111111001101101101001111111111001110111101101111111110111111111111011111011110111111111111011101011101101111011011111111111110
10111111001101101101001111111111001110111101101111111110111111111111011111011110111111111111011101011101101111011011111111111110
10111111001101101101001111111111001110111101101111111110111111111111011111011110111111111111011100011101101111011011111111111110
10111111101101101101001111111111001110111101101111111110111111111111011111011110111111111111011100011101101111011011111111111110
10111111101101101101001111111111001110111101101111111110111111111111011111011110111111111111011100001101101111001011111111111110
10111111101101101101001111111111001110111101101111111110111111111111011111011110111111111111011100001101101111001011111111111110
10111111101101101101001111111111001110111101101111111110111111111111011111011110111111111111011100001101101111001011111111111110
10111111101101101101001111111111001110111101101111111110111111111111011111011110111111111111011100001101101111001011111111111110
10111111101101101101001111111111011110111101101111111110111111111111011111011110111111111111011100001101101111001011111111111110
10111111101101101101001111111111011110111101101111111110111111111111011111011111111111111111011100001101101111001011011111111110
10111111101101101101001111111111011110111101101111111110111111111111011111011111111111111111011100001101101111001001011111111110
10111111101101101101001111111111011110111101101111111110111111111111011111011111111111111111011100001101101111001001011111111110
10111111101101101101001111111111011110111101101111111110111111111111011111011101111111111111011100001101101111001001011111111110
10111111101101101101001111111111011110111101101111111110111111111111011111011101111111111111011100001101101111001001011111111110
10111111101101101101001111111111011110111101101111111110111111111111011111011101111111111111011100001101101111001001011111111110
10111111101101101101001111111111011110111101101111111110111111111111011111011101111111111111011100001101101111001001011111111110
10111101101101101101001111111111011110111101101111111110111111111111011111011101111111111111011111011101101111001001011111111110
10111101101101101101001111111111011110111101101111111110111111111111011111011101111111111111011111011101101111001001011111111110
10111101101101101101101111111111011110111101101111111110111111111111011111011101111111111111011111011101101111011001011111111110
10111101101101101101101111111111011110111101101111111110111111111111011111011101111111111111011111011101101111011001011111111110
10111101101101101101101111111111011110111101101111111110111111111111011111011101111111111111011111011101101111011101011111111110
10011101101101101101101111111111011110111101101111111110111111111111011111011101111111111111011111011101101111011101011111111110
10011101101101101101101111111111011110111101101111111110111111111111011111011101111111111111011111011101101111011101011111111110
10011101101101101101101111111111011110111101101111111110111111111111011111011101111111111111011111011101001111011101011111111110
10011100101101101101101111111111011110111101101111111110111111111111011111011100111111111111011111011101001111011101011111111110
10011100101101101101101111111111011110111101101111111110111111111111011111011100111111111111011111011101001111011101011111111110
10011100001101101101101111111111011110111100101111111110111111111111011111011100111111111111011111011101001101011101011111111110
10011100001101101101101111111111011110111100101111111110111111111111011111011100111111111111011111011101001101011101011111111110
10011100001100001101101111111111011110111110101111111110111111111111011111011100011111111111011111011100001100011100011111111110
10011110001100001101101111111110011110111110101111111110111111111111011111011100001111111111011111011100001100011100011111111110
10011110001100001101101111111110011110111110101111111110111111111111011111011100001111111111011111011100001100011100011111111110
10011110001100001101101111111110011110111110001111111110111111111111011111011100001111111111011111011100001100011100011111111110
10011110011100001101101111111110111110111110001111111110111111111111011111011100001111111111011111011100001100011100011111111110
10011110011100001101101111111110111110111110001111111110111111111111011111011100001111111111011111011100001100011100011111111110
10011110011100001101101111111110111110111110001111111110111111111111011111011100001111111111011111011100001100011100011111111110
10011110011100001101101111111110111110111110001111111110111111111111011111011100001111111111011111011100011100011100011111111110
10011110011100001101101111111110111110111110001111111110111111111111011111011100001111111111011111011100011100011100011111111110
10011110011100001101101111111110111110111110001111111110111111111111011111011100001111111111011111011100011100011100011111111110
10011110011100001101101111111110111110111110001111111110111111111111011111011100001111111111011111011100011100011100011111111110
10011110011100011111101111111110111111111110001111111110111111111111011111011100001111111111011111011100011100011100011111111110
10011110011100011111101111111110111111111110001111111110111111111111011111011100001111111111011111011100011100011100011111111110
11111110011110011111101111111110111111111110011111111110111111111111011111011110011111111111011111111100011100111100011111111110
11111111011111111111111111111111111111111111011111111111111111111111111111111111111111111111111111111110011100111100111111111111
11111111011111111111111111111111111111111111011111111111111111111111111111111111111111111111111111111110011100111100111111111111
11111111111111111111111111111111111111111111011111111111111111111111111111111111111111111111111111111110011100111110111111111111
11111111111111111111111111111111111111111111011111111111111111111111111111111111111111111111111111111110011100111110111111111111
11111111111111111111111111111111111111111111111111111111111111111111111111111111111111111111111111111110111110111110111111111111
11111111111111111111111111111111111111111111111111111111111111111111111111111111111111111111111111111110111110111110111111111111