11111111111111111111111111111111111111111111111111111111111111111111111110111110111111111111111111111111111111111101111111111111
11111111111111111111111111111111111111111111111111111111111111111111111110111110111111111111111111111111111111111101111111111111
11111111111111111111111111111111111111111110111111111111011111111110011110111110111110111111111111111110111111111101111111111101
11111111111111111111111111111111111111111110111111111111011111111110011110111110111110111111111111111110111111111101111111111101
11111111111111111111111111111110111111011110011111111110011111111100011110011100011100011111111111111100111111111100111111111001
11111111111111111111111111111110111111011110011111111110011111111100011110011100011100011111111111111100111111111100111111111001
11111111111111111111111111111110011111011110011111111100011111111100011100011100011100011111111111111100111111111000111111111001
11111111111111111111111111111110011111011110011111111100011111111100011100011100011100011111111111111100111111111000111111111001
11111111111111111111111111111110011100011100011111111100011111111100011100011100011100011111111110111100111110111000111111111001
11111111111111111111111111111100011100011100011111111100011111111100011100011100011100011111111110111100111110111000111111111001
11111111111111111111111111111100011100011100011111111100011111111100011100011100011100011111111110111100111110111000111111111001
11111111111111111111111111111100011100011100011111111100001111111100011100011100011100011111111110111100111110111000111111111001
11111111111111111111111111111100011100011100011111111100001111111100011100011100011100011111111110111100111110111000111111111001
11111111111111111111111111111100011100011100011111111100001111111100011100011100011100011111111110111100111110111000111111111000
11111111111111111111111111111100011100011100011111111100001111111100011100011100011100011111111110111000111110111000111111111000
11111110111100111101111111111100011100001100011111111100001111111100011100011100011100011111111110111000011110111000111111111000
10111110011100011101111111111100011100001100011111111110001111111100011100011100011100011111111110111000011100111000111111111000
10111110011100011101111111111100011110001100011111111110001111111100011101011101011100011111111110111000011100111000111111111000
10111110011100011101111111111100011110001100011111111110001111111100011101011101011100011111111110111000011100111000111111111000
10111110011100011101111111111101011110001100011111111111001111111100111101011101011100011111111110111000011100111000111111111000
10011110011100011101111111111101011110001100011111111111001111111100111101011101011100011111111110111000011100111000111111111000
10011110011100011101111111111101011111001100011111111111001111111100111111011101011110011111111110111010011100111010111111111000
10011110011100011101111111111101011111001100011111111111001111111100111111011101011110011111111110111010011100111010111111111000
10011110011100011101111111111101011111001100011111111111001111111101111111011101011110011111111110111011011101111010111111111100
10011100011100011101111111111101011111001101011111111111001111111101111111011101011110011111111110111011011101111010011111111100
10011100011100011101101111111101001111001101011111111111001111111101111111011101011110011111111100111011011101111010011111111110
10011100011100011101101111111101001111011101011111111111011111111101111111011101011110011111111100111011011101111010011111111110
10011100011100011101101111111101001111011101011111111111011111111101111111011101011110011111111100111011011101111010011111111110
10011100011100011101101111111101001111011101011111111111011111111101111111011101011110011111111100111011011101111010011111111110
10011100011100011101101111111101001111011101011111111111011111111101111111011101011110011111111100111011011101111010011111111110
10011100011100011101101111111101001111011101011111111111011111111101111111011101011110011111111100111011011101111010011111111110
10011100011100011101101111111101001111011101011111111111011111111101111111011101011110011111111100111011011101111010011111111110
10011100011100001101101111111101001111011101011111111111011111111101111111011101001110011111111100111011011101111010011111111110
10011100011100001101101111111101001111011101011111111111011111111101111111011101001110011111111100111011011101111010011111111110
10011100011100001101101111111101001111011101011111111111011111111101111111011101001110011111111100111011011101111010011111111110
10011100011101001101101111111101101111011101011111111111011111111101111111011101001110011111111100111011011101111011011111111110
10011100011101001100101111111101101111011100011111111111011111111100111111011001001110011111111100111011011101111011011111111110
10111100011101001100101111111101101111011100011111111111011111111100111111011011001110111111111100111011011101111011011111111110
10111100011101001100101111111101101111011100011111111111011111111100111111011011001110111111111100111011011101111011011111111110
10111100111101001100101111111101101111011100011111111111011111111100111111011011001110111111111100111011011101111011011111111110
10111101111101001100101111111101101111011100011111111111011111111100111111011011001110111111111100111011011001111011011111111110
10111101111101001100101111111101101111011100011111111111011111111100111111011011001110111111111100111011011001111011011111111110
10111101111101001100101111111101101111011100011111111111011111111100111111011011001110111111111100111011011001111011011111111110
10111101111101001100101111111101101111011100011111111111011111111100111111011011001110111111111100111011011001111011011111111110
10111101111101001100101111111101101111011100011111111111011111111100111111011011001110111111111100111011011001111011011111111110
10111101111101001100101111111101101111011100011111111111011111111100111111011011001110111111111100111011011001111011011111111110
10111101111101001100101111111101101111011100011111111111011111111100111111011011101110111111111100111011011001111011011111111110
10111101111101001100001111111101001111011100011111111111011111111100111111011011101110111111111100111011011000111011011111111110
10111101111101001100001111111101001110011100011111111110011111111100011111011011101110111111111100111011011000111011011111111110
10111101111101001100001111111101001110011100011111111110011111111100011111011011101110111111111100111011011000111011011111111110
10111100111101001100001111111101001110011100011111111110011110011100011111011011101110011111111100111011011000111011011100111100
10111100111101001100001111111101001110011100011111111110111110011100011111011011101110011111111100111011011000111011011100111100
10111100111101001100001111111101001110011100011100011110111100011100011111011011101110011100111100011011011000111011011000111100
10111100111101001100001111111101001110111100011100011110111100011100011111011011101110011100111100011011011000111011011000111100
10111100111101001100001111111101001110111100011100011110111100011100011111011011101110011100011100011011011000111011011000111100
10111100111101001100001111111101001110111100011100011110111100011100011111011011101110011100011100011011011000111011011000111100
10111100111101001100001111111101001110111100011100011110111100011110011111011011101110011100011000011011011000111011011000111100
10111100111101001100001111111101001110111100011100011110111100011110011110011011101110011100011000011000011000111011011000111100
10111100111101001100001111111101001110111100011100011110111100011111011110011011101110011100011000011000011000111011011000111100
10111100111100001100001111111101001110111100011100011110111100011111011110011011101110011100011000011000011000111011011000111100
10111100111100001100001111111101001110111100011100011110111100011111011110011011101110011100011000011000011000111011011000111100
10111100111100001100001111111100001110111100011100011110111100011111011110011011101110011100011000011000011000111011011000111100
10111110111100001100001111111100001110111100011100011110111100011111011110011011101110011100011000011000011000111011011000111100
10111110111100001100001111111100001110111100011100011110111100011111011110011011101110011100011000011000011000011011011000111100
10111110011100001100001111111100001110111100011100011110111100011111011110011011101110011100011000011100011000011011011000111100
10111110011100001100001111111100011110111100011100011110111100011111011110111011101111011100011001011100011010011011011000111101
10111110011100001100001111111100011110111100011100011110111100011111011110111011101111011100011001011100011010011011011000111001
10111110011100001100001111111100011110111100011100011110111100011111011110111011101111011100011001011100011010011011011000111001
10111110011100001100001111111100011110111100011100011110111100011111011110111011101111011100011001011100011010011011011000111001
10111110011100001100001111111100011110111100011100011110111100011111011110111011101111011100011001011100011010011011011000111001
10111110011100001100001111111100011110111100011100011110111100011111011110111011101111011100011001011100011010011011011000111001
10111110011100001100001111111100011110111101011110011110111100011111011110111011101111011110011011011100011011011011011000111001
10111110011100001100001111111100011110111101001111111110111111111111011100111011101111011111111011011100011011011011011000111001
10111110011100001100001111111100011110111101001111111110111111111111011100111011101111011111111011011100011011011011011000111001
10111110011100001100001111111110011110111101001111111110111111111111011100111011101111011111111011011100011011011011011100111001
10111110011100001100001111111110011110111101001111111110111111111111011100111011101111011111111011011100011011011011011100111001
10111110011100001100001111111110011110111101001111111110111111111111011100111011101111011111111011011100011011011011011111111001
10111110011100001100001111111110011110111101001111111110111111111111011100111011001111011111111011011100011011011011011111111001
10111110011101001100001111111110011110111101001111111110111111111111011100111011001111011111111011011100111011011011011111111001
10111110011101001100001111111110011110111101001111111110111111111111011100111011001111011111111011011100111011011011011111111001
10111111011101001100001111111110011110111101001111111110111111111111011100111111001111011111111011011100111011011011011111111001
10111111011101001100001111111110011110111101101111111110111111111111011101111111001111011111111011011110111011011011011111111011
10111111011101001100001111111110011110111101101111111110111111111111011101111101001111011111111011011110111011011011011111111011
10111111011101001100001111111110011110111101101111111110111111111111011101111101001111011111111011011110111011011011011111111011
10111111011101001100001111111110011110111101101111111110111111111111011101111101001111011111111011011110111011011011011111111011
10111111011101001100001111111110011110111101101111111110111111111111011101111101001111011111111011011110111011011011011111111011
10111111011101001100001111111110011110111101101111111110111111111111011101111101001111011111111011011110111011011011011111111011
10111111011101001100001111111110011110111101101111111110111111111111011101111101001111011111111011011110111011011011011111111011
10111111011101101101001111111110011110111101101111111110111111111111011101111101001111011111111011011110111011011011011111111011
10111111011101101101001111111110011110111101101111111110111111111111011101111101001111011111111011011110111011011011011111111011
10111111011101101101001111111110011110111101101111111110111111111111011101111101011111011111111011011110111011011011011111111011
10111111011101101101001111111110011110111101101111111110111111111111011101111101011111011111111011011110111011011010011111111011
10111111011101101101001111111110011110111101101111111110111111111111011101111101011111011111111011011110111011011010011111111011
10111111011101101101001111111110011110111101101111111110111111111111011101111101011111011111111011011110111011011010011111111011
10111111011101101101001111111110011110111101101111111110111111111111011101111101011111011111111011011110111011011010011111111011
10111111011101101101001111111110011110111101101111111110111111111111011101111101011111011111111011011110111011011010011111111011
10111111011101001101001111111110111110111101001111111110111111111111011101111101011111011111111001011110111011011010011111111011
10111111011101001101001111111110111110111101001111111110111111111111011101111101011111011111111001011110111011011010011111111011
10111111011101001101001111111110111110111101001111111110111111111111011101111101011111011111111001011110111011011010011111111011
10111111011101001101001111111110111110111101001111111110111111111111011101111101011111011111111001011110111011011010011111111011
10111111011101001101001111111110111110111101001111111110111111111111011101111101011111011111111001011100111011011010011111111011
10111111011101001101001111111110111110111101001111111110111111111111011101111101011111011111111001011110111011011010011111111011
10111101011101001101001111111110111110111101001111111110111111111110011101111101011111011111111001011100111011011010011111111001
10111101011101001101001111111110111110111101001111111110111111111110011101111101011111011111111001011100111011011010011111111001
10111100011101001101001111111110111111111101001111111111111111111110011101111101011111011111111101011100111000011000011111111001
10011100011100001101001111111110111111111100001111111111111111111110011100111101011100011111111100011100111000011000011111111001
10011100011100001101001111111110111111111100011111111111111111111110011100111101011100011111111100011101111000011000011111111001
10011100011100001101001111111110111111111100011111111111111111111110011100111100011100011111111100011101111000011000011111111000
10011100011100001101001111111110111111111100011111111111111111111110011100111100011100011111111100011101111000011000111111111000
10011100011100001101001111111110111111111100011111111111111111111110011100011100011100011111111100011101111000011000111111111000
10011100011100011101001111111110111111111100011111111111111111111110011100011100011100011111111100011101111000111000111111111000
10011100011100011101001111111110111111111100011111111111111111111100011100011100011100011111111100011101111000111000111111111000
10011100011100011101001111111110111111111100011111111111111111111100011100011100011100011111111100011101111000111000111111111000
10011100011100011101001111111110111111111100011111111111111111111100111100011100011100011111111100011101111100111000111111111000
10011100011100011101001111111110111111111100011111111111111111111100111100011100011100011111111100011101111100111000111111111000
10011100011100011101011111111110111111111100011111111111111111111100111100011100011100011111111100011101111100111000111111111000
10011100011100011101011111111110111111111100011111111111111111111100111100011100011100011111111100011101111100111000111111111000
10011110011100011111111111111111111111111100011111111111111111111100111100011100011100111111111100111101111100111000111111111000
10011110011100011111111111111111111111111100011111111111111111111100111100011100011100111111111100111101111100111000111111111000
10011110011100011111111111111111111111111100011111111111111111111100111100011100011100111111111100111101111100111100111111111000
10011110011100011111111111111111111111111110011111111111111111111111111110011110011100111111111100111111111100111100111111111000
10011110011100011111111111111111111111111110011111111111111111111111111110011110011100111111111100111111111100111100111111111000
10011110111110011111111111111111111111111110111111111111111111111111111111111110111110111111111110111111111110111100111111111001
10011110111110011111111111111111111111111110111111111111111111111111111111111110111110111111111110111111111110111100111111111001
11111110111110111111111111111111111111111111111111111111111111111111111111111111111111111111111111111111111111111100111111111111
11111110111110111111111111111111111111111111111111111111111111111111111111111111111111111111111111111111111111111100111111111111
11111111111111111111111111111111111111111111111111111111111111111111111111111111111111111111111111111111111111111101111111111111
11111111111111111111111111111111111111111111111111111111111111111111111111111111111111111111111111111111111111111101111111111111