11011111111111111111111111111111111110011111111111111111111111111111111111111111111111111111111111111111111111111111111111111001
11011111111111111111111111111111111110011111111111111111111111111111111111111111111111111111111111111111111111111111111111111001
11001111111111100111111111111111111110001111111111111111111111111111111111111111111111111111111111111111111111111111111111110001
11001111111111100111111111111111111110001111111111111111111111111111111111111111111111111111111111111111111111111111111111110001
11001111111111100111111111111111111110001111111111111111111110111111111111111111111111111111111111111111111110111111111111100001
10001111111111100011111111111111111100001111111111111111111110111111111110011111111111111111111111111101111110011111111111100001
10001111111111100011111111111111111100001111111111111111111110111111111110011111111111111111111111111001111110011111111111100001
10001111101111100001111111111111111100001111111111111111111100011111111110001111111111111111111111111001111110011111111111100000
10001111000111100001111101111111111100000111111111111111111100011111011110001111101111111111111111111000111100011111111111100000
10001111000111100001111101111111111100000111111111111111111100011111011110001111101111111111111111111000111100011111111111100000
10001111000111100001111101110111111100000111111111111011111100011111001110001111101111111111111111111000111100011111111111100000
10001111000111100000111101110111111100000111111111111001111100011111001110001111101111111111111011111000111100001111111111100000
10001111000111100000111101110111111100000111111111111001111100011111001110001111101111111111111011111000111100001111111111100000
10001111000111000000111101110111111100000111111111110001111100011111001110001111101111111111111011111000111100001111111111100000
10001111000111000000111001110111111100000111111111110001111000011111001110001111101111111111111011111000111100001111111111100000
10001111000111000000111001110111111100000111111111110001111000011111001110001111101111111111111011111000111100001111111111100000
10001111000111000000111001110111111100000111111111110000111000011111001110001111101111111111111011111000111100001111111111100000
10001111000111000000111001110111111100000111111111110000111000001111001110001111100111111111111011111000011100001111111111100000
10001111000111000000111001110111111100000111111111110000111000001111001110001111100111111111111011111000011100001111111111100000
10001111000111000000111001110111111100000111111111110000111000001111001110001111100111111111111011111000011100001111111111100000
10001111000111000000111001110111111100000111111111110000111000001111001110001111100111111111111011111000011100001111111111110000
10001111000111000000111001100111111100000111111111110000111000001111001110011111101111111111111011111000011100001111111111111000
10001110000111000000111001100111111100000111111111110000111000001111001100011111001111111111111011111000011000001111111111111000
10001110000111000000111001100111111100000111111111110000111001001111001100111111001111111111111011111000011000001111111111111000
10001110000111000100111000100111111111000111111111110000111001001111001100111111001111111111111011111000011001001111111111111100
10001110000111000100111000100111111111000111111111110000111001001110001100111111001111111111111011111000011001001111111111111100
10001110011111001100111000100111111111000111111111110000111001001110001100111111001111111111111011111000011001101111111111111100
11001110011111001100111000100111111111000111111111110100111001001110001100111111001111111111111011111110011001101111111111111100
11001110011111001100111000100111111111000111111111110100111001001110001100111111001111111111111011111110011001101111111111111100
11011110011111001100111000100111111111100111111111110100111011001110001100111111001111111111111011111110011001101111111111111100
11011110011111001100111000100111111111100111111111110100111011101110001100111111001111111111110011111110011001101111111111111100
11011110011111001100111000100111111111100111111111110100111011101110001100111111001111111111110011111110011001101111111111111100
11011110011111001100111000100111111111101111111111110100111011101110001100111111001111111111110011111110011001101111111111111101
11011110011111001100111000100111111111101111111111110100111011101110001100111111001111111111110011111110011001101111111111111101
11011110011111001100111000100111111111101111111111110100111011101110001100111111000111111111110011111110011001100111111111111101
11011110011111001100111000100111111111101111111111110100111011101111001100111111000111111111110011111110011001100111111111111101
11011110011111001100111000100111111111101111111111110100111011101111001100111111000111111111110011111110011001100111111111111101
11011110011111001100111000100111111111101111111111110100111011101111001100111111100111111111110011111110011001100111111111111001
11011110011111001100111000100111111111101111111111110100111011101111001100111111100111111111110011111110011001100111111111111001
11011110011111001100111000100111111111101111111111110100111011101111001100111111100111111111110011111110011001100111111111111001
11011110011111001100111000100111111111101111111111110100111011101111001100111111100111111111110011111110011001100111111111111001
11011110011111001100111000100111111111101111111111110000111011101111001100111111100111111111110011111110011001100111111111111001
11011110011111001100111000100111111111001111111111110000111011101111001100011111100111111111110011111110011001100111111111111001
11011110011111001100111000100111111111001111111111110000111011101111101100011111100111111111110111111110011001100111111111111001
11011110011111001100111000100111111111001111111111110000111011101111101100011111100111111111110111111110011001100111111111111001
11011110011111001100111000100111111111001111111111110000111011101111101100011111100111111111110111111110011001100111111111111001
11011110011111001100111000100111111111001111111111110000111011101111101110011111100111111111110111111110011001100111111111111001
11011110011111001100111000100111111111001111111111110000111011101111101110011111100111111111110111111110011001100111011111111001
11011110011111000100111000100111111111001111111111110000111011101111101110001111100111111111110111111110011001100110011111111001
11011111011111000100111000100111111111001111111111110000111011101111101110001111100111101111110111111110011001100110011111111001
11011111011111000000111000000111111111011111111111110000111011101111101110001111100111101111110111111110011001100110001111111001
11011111001111000000111000000111111111011111000111110000111011101111101110001111100111000111110111111110011001100110000111111001
11011111001111000000111000000111111111011111000111110000111011101111101110001111100111000111110111111110011001100110000111111011
11011111001111000000111000000111111111011111000011110000111011101111101110001111100111000111110111111110011001100110000111111011
11011111001111000000111000000111111111011111000011110000111011101111101110001111100111000111110111111110011001100110000111111011
11011111001111000000111000000111111111011111000011110000111011101111101110001111100111000111110111111110011001100110000111111011
11011111001111000000111000000111111111011111000011110000111011101111101110001111100111000011110111111110011001100110000111111011
11011111001111000000111000000111111111011111000011110000111011101111101110001111100111000011110111111110011001100110000111111011
11011111001111000000111000000111111111011111000011110000111011101111101110001111100111000011110111111110111101101110000011111011
11011111000111000000111000000111111111011111000011110000111011101111101110001111100111000011110111111110111100001110000011111011
11011111000111100000111000000111111111011111000011110000111011101111101110001111100111000011110111111110111100001110000011111011
11011111000111100000111000000111111111011110000011110000111011101111101111001111100111000011110111111100111100001110000011111011
11011111000111100000111000000111111111011110000011110000111011101111101111000111100111000011100111111100111100001110000011110011
11011111000111100000111000000111111111011110000011110000111011101111101111100111100111000011100111111100111100001110000011110011
11011111100111100000111000000111111110011110000011110000111011101111101111100111100111000011100101111100111100001110000011110011
11011111100111100000111000000111111110011110000011110000111011101111101111100111100111000011100101111100111100001110000011110011
11011111100111100000111000000111111110011110000011110000111011101111101111100111100111000011100101111100111100001110000011110011
11011111100111100000111000000111111110011110000011110000111011101111101111100111100111000011100101111100111100001110000011110011
11011111100111100000111000000111111110011110000011110000111011101111101111100111100111000011100101111100111100001110000011110011
11011111100111100000111000000111111110111110000011110000111011101111101111100111100111000011100101111100111100001111000111110011
11011111100111100000111000000111111110111111000011110000111011101111101111100111100111000011100001111000111100001111111111110111
11011111100011100000111000000111111110111111000011110000111011101111101111100111100111000011100001111000111100001111111111110111
11011111100011100000111000000111111110111111000111110000111011101111101111100111100111111111100001111001111100001111111111110111
11011111100011100000111000000111111110111111000111100000111011101111101111100111100111111111100001111001111100001111111111110111
11011111100011100000111001000111111110111111001111100000111011101111101111100111100111111111100001111001111100001111111111110111
11011111110011101100111001000111111110111111011111100100111011101111101111110111100111111111100000111001111100001111111111110111
11011111110011101100111001000111111110111111011111100100111011101111101111110111100111111111100000111001111100001111111111110111
11011111110011101100111001000111111110111111111111100110111011101111101111110111100111111111100000111001111110001111111111110111
11011111110011101110111001000111111110111111111111100110111011101111101111110111100111111111100000111001111110001111111111110111
11011111110011101110011001000111111110111111111111100110111011101111101111110111100111111111100000111001111110001111111111110111
11011111110011101110011001000111111110111111111111100110111011101111101111110111100111111111100000111001111110001111111111110111
11011111110011101110011001000111111110111111111111100110111011101111101111110111100111111111100000111001111110001111111111110111
11011111110011101110011001000111111110111111111111100110111011101111101111110111100111111111100000111001111110001111111111110111
11011111110011101110011001000111111110111111111111100110111011101111101111110111100111111111100000111001111110001111111111110111
11011111110011101110011011000111111110111111111111100110011011101111101111110111100111111111100000111011111110001111111111110111
11011111110011101110011011000111111110111111111111100110011011101111101111110111100111111111100000111011111110001111111111110111
11011111110011101110011011000111111110111111111111100110011011101111101111110111100111111111100000111011111110001111111111110111
11011111110011101110011011000111111110111111111111100110011011101111101111110111100111111111100000111011111110001111111111110111
11011111110011101110011011000111111110111111111111100110011011101111101111110111100111111111100000110011111110001111111111110111
11011111110011101110011011000111111110111111111111100110011011101111101111110111100111111111100000110011111110001111111111110111
11011111110011101110011011000111111110111111111111100110011011101111101111110111100111111111100000110011111110001111111111110111
11011111110011101110011011000111111110111111111111100110011011101111101111100111100111111111100000110011111110001111111111110111
11011111110011101110011011000111111110111111111111100110011011101111101111100111100111111111100000110011111110011111111111110111
11011111110011101110011011000111111110111111111111100110011011101111101111100111100111111111100000110011111110011111111111110111
11011111110011101110011011000111111110111111111111100110011011101111101111100111100111111111110000110011111110011111111111110111
11011111110011101110011011000111111110111111111111100110011011101111101111100111100111111111110000110011111110011111111111110111
11011111110011001110011011000111111110111111111111100110011011101111101111100111100111111111110000110011111110011111111111110111
11011111110011001110011011000111111110111111111111100110011011101111101111100111100111111111111000110011111110011111111111110111
11011111110011001100111011000111111110111111111111100110011011101111101111100111100111111111111000110011111110011111111111110111
11011110110011001100111011000111111110111111111111100110011011001111101111100111100111111111111000110001111110011111111111110111
11011110110011001100111011100111111110111111111111100110011011001111101111100111100111111111111000110001111110011111111111110111
10011110010011001100111011100111111110111111111111100110111011001111101111101111100111111111111100110001111110011111111111110111
10011110010011001100111011100111111110111111111111100100111001001111101111001111100111111111111100110000111110011111111111110111
10011110010011001100111011100111111110111111111111100100111001001111101111001111100111111111111101110000111110011111111111110111
10011110000011001100111011100111111100111111111111100000111001001111101111001111100111111111111101110000111110011111111111110111
10011110000011000100111011100111111100111111111111100000111001001111101110001111100111111111111101110000111110011111111111110111
10011110000011000100111011100111111100111111111111100000111001001111111110001111100111111111111101110000111110011111111111110111
10011110000011000000111011100111111110111111111111100000111001001111111110001111110111111111111101110000111110011111111111110111
10001110000011000000111011100111111110111111111111100000111001001111111110001111110111111111111101110000111110011111111111110111
10001110000111000000111011100111111110111111111111110000111001001111111110001111111111111111111101110000111110011111111111110111
10001110000111000000111011100111111110111111111111110000111000001111111110001111111111111111111101110000111110011111111111110111
10001110000111000000111011100111111110111111111111110000111000001111111110001111111111111111111101110000111110011111111111110111
10001111000111000000111011100111111111111111111111110000111000011111111110001111111111111111111101110000111110111111111111110111
10001111000111000000111011100111111111111111111111110000111000011111111110001111111111111111111101110000011110111111111111110111
10001111000111000000111011100111111111111111111111110000111000011111111110001111111111111111111101110000011110111111111111110111
10001111000111000000111011100111111111111111111111110000111000011111111110001111111111111111111101110000011110111111111111110111
10001111000111000000111011100111111111111111111111110000111000011111111110001111111111111111111101110000011110111111111111110111
10001111000111100000111111100111111111111111111111110000111100011111111110011111111111111111111111110000011110111111111111111111
10001111000111100001111111100111111111111111111111110000111100011111111110011111111111111111111111111000011110111111111111111111
10001111000111100001111111100111111111111111111111110000111100011111111110011111111111111111111111111000011110111111111111111111
10001111001111100001111111101111111111111111111111110001111100011111111110011111111111111111111111111000111110111111111111111111
10001111001111100001111111111111111111111111111111110001111100011111111110011111111111111111111111111000111110111111111111111111
10001111001111100001111111111111111111111111111111110001111100011111111110011111111111111111111111111000111110111111111111111111
10011111101111100011111111111111111111111111111111111001111100111111111110011111111111111111111111111001111111111111111111111111
10011111111111110111111111111111111111111111111111111011111100111111111110111111111111111111111111111001111111111111111111111111
10011111111111110111111111111111111111111111111111111011111110111111111110111111111111111111111111111001111111111111111111111111
11111111111111111111111111111111111111111111111111111011111111111111111111111111111111111111111111111101111111111111111111111111
11111111111111111111111111111111111111111111111111111011111111111111111111111111111111111111111111111101111111111111111111111111