11111111111111111111111111111111111111111111111111111111111111111111111111111111111111111111111111111111111111111111111111111111
11111111111111111111111111111111111111111111111111111111111111111111111111111111111111111111111111111111111111111111111111111111
11111111111111111111111111111111111111111111111111111111111111111111111111111111111111111111111111110111111111111111111111011111
11111111111111111111111111111111111111111111111111111111111111111111111111111111111111111111111111110111111111111111111111011111
11111111111111111111111111111111111111111111111111111111111111111111111111111111100111111111101111110111111110001111111111001111
11111111111111111111111111111111111111111011111111110011111111110111111111111111100111111111101111100111101110001111111111001111
11111111111111111111111111111111111111111011111111110011111111110111111111111111100111111111101111100111101110001111111111001111
11111111111111111111111111111001110001111011111111100001111111100111110111111111100111101111001111100111101110001111111110001111
11111111111111111111111111111001110000110011111111100001111111100111110111111111100111101111001111100111101110000111111110001111
11111111111111111111111111111001110000110011111111100001111111100111110111111111100111101111001111101111101110000111111110001111
11111111111111111111111111111001110000110011111111100001111111100011110111111111100111101111001111101111101110000111111110001111
11111111111111111111111111111001110000110001111111100001111111100011110111111111000111101111000111101111001110000111111110001111
11111111111111111111111111111001110000110001111111100001111111100011110111111111000111101111000111101111001110000111111110001111
11111111111111111111111111111001110000110001111111100001111111100011110111111111000111101111000111101111001110000111111110001111
11111111111111111111111111111001110000110001111111100001111111100011100111111111000111101111000111101111001110000111111110001111
11111110111111111111111111111001110000110001111111100001111111100011100111111111000111101111000111101111001110000111111110001111
11011110111111111011011111111001110000110001111111100001111111100011100111111111000111101111000111101111001110000111111110001111
11011110111111111011011111111001110000110001111111100001111111100011100111111111000111101111000111101111001110000111111110001111
10011110111101111011011111111000110000110001111111100001111111100011100111111111010111101111000111101111001111000111111110001111
10011110111100111011011111111000110000110001111111100001111111100011100111111111010111001111000111101111001111000111111110000111
10011110111100111011011111111000111000110001111111111001111111101011100111111111010111001111010111101111001111001111111110100111
10011110011000111011011111111000111100110001111111111101111111101011100111111111010111001111010111101111001111101111111110100111
10011110011000111011011111110000111100110001111111111101111111101011100111111111010111001111010111101111001111101111111110100111
10011110011000111011011111110000111100110101111111111111111111111011100111111111011111001111010111101111001111101111111110100111
10011100011000111011011111110010111100110101111111111111111111111011100111111111011111001111010111101111001111101111111110100111
10011100011000011011011111110010111100110101111111111111111111111011100111111111011111001111010111001111001111101111111110100111
10011100011000011011011111110110111100110101111111111111111111111011100111111111011111001111010111001111001111101111111110100111
10011100011000011011011111110110111100110101111111111111111111111011100111111111011011001111010111001111001111101111111110100111
10011100011000011011011111110110111101110101111111111111111111111011100111111111011011001111010111011111001111101111111110100111
10011100011000011011011111110110111101110101111111111111111111111011100111111111011011001111110111011111001111101111111110100111
10011100011000011011011111110110111101110101111111111011111111111011100111111111011011001110110111011111001111101111111110100111
10011100011000011011011111110110111101110101111111111011111111111011100111111111011011001110110111011111001111101111111110100111
10011101011000011011011111110110111101110101111111111011111111011011100111111111011011001110110111011111101111101111111110100111
10011101011000011011011111110110111101110101111111111011111111011011100111111111011011001110110111011111101111101111111110100111
10011101011010011011011111110110111101110101111111111011111111011011100111111111011011001110110111011111101111101111111110100111
10011101011011011011011111110110111101110101111111111011111111011011100111111111011011001110110111011111101111101111111110101111
10011101011011011011011111110110111101110101111111111011111111011011100111111111011011001110110111011111101111101111111110101111
10111101011011011011011111110110111101110101111111111011111111011011100111111111011011001110110111011111101111101111111110101111
10111101011011011001011111110110111101110101111111111011111111011011100111111111011011001110110111011111101111101111111110101111
11111101011011011001011111110110111101110101111111111011111111011011110111111111011011001110110111011111101111101111111110101111
11111101011011011001011111110110111101110101111111111011111111011011110111111111011011101110110111011111101111101111111110101111
11111101011011011001011111110110111101110101111111111011111111011011110111111111011011101110110111011111101111001111111110101111
11111101111011011001011111110110111101110101111111111011111111011011110111111111011011101110110111011111101111011111111110101111
11111101111011011001011111110110111101110101111111111011111111011011110111111111011011101110110111011111101111011111111110101111
11111101111011011001011111110110111101110101111111111011111111011011110111111111011011101110110111001111101111011111111110101111
11111101111011011001011111110110111101110101111111111011111111011011110111111111011011101111110111001111101111011111111110101111
11111101111011011001011111110110111101110001111111111011111111011011110111111111011011101111110111001111101111011111111110001111
11111101111011011001011111110110111101110001111111111011111111011011110111111111011011101111010111001111101111011111111110001111
11111101111011011001011111110110111101110001111111111011111111011011110111111111011011101111010111001111101111011111111110001111
11111101111011011001011111110110111101110001111111111011111111011011110111111111011011101111010111001111101111001111111110001111
11111101111011011001011111110110111101110001111111111011111111011011110111111111011011101111010111001111101111001111111110001111
11111101111011011001011111110110111101110001111111111011111111011011110111111111011011101111010111001111101111001111111110001111
11111101111011011001011111110110111101110001111111111011111111011011110111111111011011101111010111001111101111001111001110001111
11111101111011011001011111110110111111110011111111111011111111011011110111111111011011101111010111001111101111001111001110001111
11111101111011011001011111110110111111110011111111111011111111011011110111000111011011101111010111001111101111001110000110001111
11111101111011011001011111110110111011110011110011110011110011011011110111000111011011101111010111001111101111001110000110001111
11111101111011011001011111110110111011110011110011110011110011011011110111000111011011101111010111001111101111001110000111001111
11111101111011011001011111110110111011110011100001110111100011011111110111000011011011101111010111000111101111001110000111001111
11111100111011011001011111110110111011110011100001110111100011011111110111000011011011101111010110000111101111001110000111001111
11111100111011011001011111110110111011110011100001110111100011011111110111000011011011101111010110000111101111001110000111001111
11111100111010011001011111110110111011110011100001110111100011011111110111000011011011101111010110000111101111001110000111001111
11111100111000011001011111110010111011110011100001110111100011011111110111000011011011101111010110000111101111001110000111001111
11111100111000011001011111110010111011110011100001110111100011011111110111000011011011101111010110000111101111001110000111001111
11111100111000011001011111110010111011110001100001110111100011011111110111000011011011101111000110000111101111001110000110001111
11111100111000011001011111110010111011110001100001110111100011011011110111000011011011101111000110010111101111101110000110001111
11111100111000011001011111110010111011110001100001110111100011011011110111000011011011101111000110010111101111101110000110001111
11111100111000011001011111110000111011110001100001110111100011011011110111000011011011101111000110010111101111100110000110001111
11111110111000011001011111111000111011110001100001110111100011011011110111000011011011101111000110010111101111100110000110001111
11111110111000011001011111111000111011110001100001110111100011011011110111000011011011101111000110010111101111100110000110001111
11111110111000011001011111111000111011110001100001110111100011011011110111000011011011101111000110010111101111100110000110001111
11111110111000011001011111111000111011110001100001110111100011011011110111000011011011101111000110110111101111100110000110001111
11111110111000011001011111111000111011110001110001110111100011011011110111000011011011101111000110110111101111110110001110001111
11111110011000011001011111111000111011110001110001110111100011011011110111000011011011101111000110110111101111110110001110001111
11111110011000011001011111111000111011110101110011110111100011011011110111100111011011101111000110110111101111110111101110101111
11111110011000011000011111111000111011110101111111110111111111011011110111111111011011101111000110110111101111110111111110111111
11111110011000011000011111111000111011110101111111110111111111011011110111111111011011101111000110110111101111110111111110111111
11111110011010011010011111111000111011110101111111110111111111011011110111111111011011101111000110110111101111110111111110111111
11111110011010011010011111111000111011110101111111110111111111011011110111111111011011101111000110110111101111110111111110110111
11111111011011011010011111111000111011110101111111110111111111011011110111111111011011101111000110110111101111110111111110110111
11111111011011011010011111111100111011110101111111110111111111011011110111111111011011101111000110110111101111110111111110110111
11111111011011011010011111111100111011110101111111110111111111011011110111111111011011101111000110110111101111110111111110110111
11111111011011011010011111111101111011110101111111110111111111011011110111111111011011101111100110110111101111110111111110110111
11111111011011011010011111111101111011110101111111110111111111011011110111111111011011101111100110110111101111110111111110110111
11111111011011011010011111111101111011100101111111110111111111011011110111111111011011101111100110110111101111110111111110110111
11111111011011011010011111111101111011101101111111110111111111011011110111111111011011101111100110110111101111110111111110110111
11111111011011011010011111111101111011101101111111110111111111011011110111111111011011101111100110110111101111110111111110110111
11111111011011011010011111111101111011101101111111110111111111011011110111111111011011101111100110110111101111110111111110110111
11111111011011011010011111111101111011101101111111110111111111011011110111111111011011101111100110110111101111110111111110110111
11111111011011011010011111111101111011101101111111110111111111011011110111111111011011101111100110110111101111110111111110110111
11111111011011011010011111111101111011101101111111110111111111011011110111111111011011101111100110110111101111110111111110110111
11111111011011011010011111111101111011101101111111110111111111011011110111111111011011101111100110110111101111110111111110110111
11111111011011011010011111111101111011101101111111110111111111011011110111111111011011101111100110110111101111110111111110110111
11111111011011011010011111111101111011101101111111110111111111011011110111111111011011101111101110110111101111110111111110110111
11111111011011011010011111111101111011101101111111110111111111011011110111111111011011101111101110110111101111110111111110110111
11111111011011011010011111111101111011101101111111110111111111011011110111111111011011101111101110110111101111110111111110110111
11111111011011011010011111111101111011101101111111110111111111011011110111111111011011101111101110110111101111110111111110110111
11111111011011011010011111111101111011101101111111110111111111011011110111111111011111101111101110110111101111110111111110110111
11111101011011011010011111111101111011101101111111110111111111011011110111111111011111101111101110110111101111110111111110110111
11111101011011011010011111111101111011101101111111110111111111011011110111111111011111101111101110110111101111110111111110110111
11111101011011011010011111111101111011101101111111110111111111011011110111111111010111101111101110110111101111100111111110110111
11111101011011011010011111111101111011101101111111110111111111011011110111111111010111101111101110110111101111100111111110110111
11111101011011011010011111111101111111101101111111110111111111011011110111111111010111101111101110110111101111100111111110110111
11111101011011011010011111111101111111101101111111110111111111011011110111111111010111101111101110110111101111100111111110110111
10111101011011011010011111111101111111111101111111110111111111111011110111111111010111101111101110110111101111100111111110100111
10111101011011011010011111111101111111111101111111110111111111111011110111111111010111101111101110110111101111100111111110100111
10111101011011011010011111111101111111111101111111110111111111101011110111111111010111101111101110010111101111100111111110100111
10111101011011011010011111111101111111111101111111110111111111101011110111111111010111101111101110010111101111100111111110100111
10111101011011011010011111111001111111110101111111110111111111101011110111111111010111101111101110000111101111100111111110000111
10111101011000011010011111111001111111110101111111110111111111100011110111111111010111101111101110000111101110000111111110000111
10111101011000011010011111111011111111110101111111110111111111100011110111111111010111101111101111000111101110001111111110000111
10011100011000011010011111111011111111110001111111110111111111100011110111111111000111101111101111000111101110001111111110001111
10011100011000011010011111111011111111110001111111110111111111100011110111111111000111101111101111000111101110001111111110001111
10011100011000011010011111111011111111110001111111111111111111100011110111111111000111101111101111000111101110001111111110001111
10011100011000011010011111111011111011110001111111111111111111100011110111111111000111101111001111000111101110001111111110001111
10011100011000011010011111111011111011110001111111111111111111100011110111111111000111101111001111000111101110001111111110001111
10011100011000011010011111111011111011110001111111111111111111100011110111111111000111101111001111000111101110001111111110001111
10011100011000011010011111111011111011110001111111111111111111100011110111111111000111101111001111000111101110001111111110001111
10011100011000011010011111111011111011110001111111111111111111100011110111111111000111101111011111000111101110001111111110001111
10011100011000111011011111111011111011110001111111111111111111100011110111111111000111101111011111001111101110001111111110001111
10011100011000111011011111111011111011110001111111111111111111100011110111111111000111101111011111001111101110001111111110001111
10011110011100111011111111111011111011110001111111111111111111100111110111111111000111111111011111001111101110001111111110001111
10011110011100111011111111111011111111110011111111111111111111100111110111111111000111111111011111001111101110001111111110001111
10011110011100111011111111111011111111110011111111111111111111100111110111111111000111111111011111001111101110001111111110001111
10011110111100111011111111111011111111110011111111111111111111100111111111111111100111111111011111101111101110011111111111011111
11111110111111111011111111111111111111111011111111111111111111110111111111111111101111111111111111111111111111011111111111011111
11111110111111111011111111111111111111111011111111111111111111110111111111111111101111111111111111111111111111011111111111011111
11111110111111111111111111111111111111111011111111111111111111111111111111111111111111111111111111111111111111011111111111111111
11111110111111111111111111111111111111111011111111111111111111111111111111111111111111111111111111111111111111011111111111111111