11111111111011111111111111111111111111111111111111111111111111111111110111111111111111111111000111111111111000111111111111101111
11111111111011111111111111111111111111111111111111111111111111111111110111111111111111111111000111111111111000111111111111101111
11101111111001111101111111111111010111111111111101111111111111001111110111111111111110011111000111111111111000111111111111001111
11101111111001111101111111111111010111111111111101111111111111001111110111111111111110011111000111111111111000111111111111001111
11001111100001111001111111111111000111111111111001111111111111001111110111111111111110011110000111111111110000111111111111000111
11000111100001111001111111111111000111111111111001111110111111001111100011111111111110011110000111111111110000111111111111000111
11000111100001111001111111111111000111111111111001111110111111001111100011111111111110011110000111111111110000111111111111000111
11000111100001111001111111111110000111111111111001111110111111001111100011111111111100011110000111111111110000011111111111000111
11000111100001111000111111111110000111111111111001111110111111000111100011111111111100011110000011111111110000011111111111000111
11000111100001111000111111111110000111111111111001111110111111000111100011111111111100011110000011111111110000011111111111000111
11000111100001111000111111111110000011111111111001111110011110000111100011111111111100011110000011111111110000011111111111000111
11000111100001111000111111111110000011111111111001111110011110000111100011111111111100011110000011111111110000011111111111000111
11000111100001111000111111111110000011111111110000111110011110000111100011111111111100001110000011110111111000011111111111000111
10000111100001111000111111111110000011111111110000111110011110000111100011111111111100001110000011110111111000011111111111000111
10000111110001111000111111111110000011111111110000111110011110000111100011111111111100001110000011110111111000011111111111000111
10000111110001111000111111111110000011111111110000111110011110000111100011111111111100001110000011110111111000011111111111000111
10000111111001111000111111111111000011111111110001111110011110000111100001111111111100001111000011110111111000011111111111000111
10010111111001111000111111111111100011111111110001111110011110000111100001111111111100001111000011110111111100011111111111000111
10010111111001110000111111111111100011111111110001111110011110000111100001111111111100001111000011110111111100011111111111000011
10010111111001110010111111111111100111111111110011111110011110000111100001111111111100001111000011110111111100011111111111000011
10010011111001110010111111111111110111111111110011111110011110000111100001111111111101001111100011110111111100011111111111100011
10010011111001110010111111111111110111111111110011111110011110000111100001111111111001001111100011110111111100011111111111100011
10110011111001110010111111111111110111111111110011111110011110010111111001111111111001001111100011110111111100011111111111110011
10110011111001110010111111111111110111111111110011111100011110010111111001111111111001001111100011110111111100011111111111110011
10110011111101110010111111111111110111111111110011111100011110010011111001111111111001001111100111110111111110011111111111110011
10111011111101110010111111111111110111111111110011111100011110110011111001111111111001101111100111110111111110111111111111110011
10111011111101110010111111111111110111111111110011111100011110110011111001111111111001101111100111110111111110111111111111110011
10111011111101110010111111111111110111111111110111111100011110110011111001111111111001101111100111110111111110111111111111110011
10111011111101110010111111111111110111111111110111111100011110110011111001111111111001101111110111110111111110111111111111110011
10111011111101110010111111111111110111111111110111111100011110110011111001111111111001101111110111110111111110111111111111110011
10111011111101110010111111111111110111111111110111111100011110110011111001111111111001101111110111110111111110111111111111110011
10111011111001110010111111111111110111111111110111111100011110110011111001111111111001101111110111110111111110111111111111110011
10111011111001110010111111111111110111111111110011111110011110110011111001111111111001101111110111110111111110111111111111110011
10111011111011110010111111111111110111111111110011111110011110110011111001111111111001101111110111110111111110111111111111110011
10111011111011110010111111111111110111111111110011111110011110110011111001111111111001101111110111110111111110111111111111110011
10111011111011110010111111111111110111111111110011111110011110110011111001111111111001101111110111110111111110111111111111110011
10111011111011110010111111111111110111111111110011111110011110110011111101111111111001101111100111110111111110111111111111110011
10111011111011110010111111111111110111111111110011111110011110110011111101111111111001101111100111110111111110111111111111110011
10111011111011110010111111111111110111111111110011111110011110110011111101111111111011101111100111110111111110111111111111110011
10111011111011110010111111111111110111111111110011111110011110110011111101111111111011101111100111110111111110111111111111110011
10111011111011111010111111111111110111111111110011111110011110110011111101111111111011101111100111110111111100111111111111110011
10111011111011111010111111111111111111111111110011111110011110110011111101111111111011101111100111110111111100111111111111110011
10111011111011111010111111111111111111111111110011111110011110110011111101111111111011101111100111100111111100111111111111110011
10111011111011111010111111111111111111111111110011111110011110110011111101111111111011101111100111101111111100111111111111110011
10111011111011111000111111111111111111111111110011111110011110110011111101111111111011101111100111101111111100111111111111110011
10111011111011111000111111111111111111111111110011111110011110110011111001111111111011101111100111101111111100111111111111110011
10111011111011111000111111111111111111111111110011111110011110110011111001111111111011101111101111101111111100111111111111110011
10111011111011111000111111111111111111111111110011111110011110110011111001111111111011101111101111101111111100111111111111110011
10111011111011111000111111111111101111111111111001111110011110110011111001111111111011101111101111101111111101111111111111110011
10111011111011111000111111111111101111111111111001111110011110110011111001111111111011101111101111101111111101111111111111110011
10111011111011111000111111111111101111111111111001111110011110110011111001111111111011101111101111101111111101111111111111110011
10111011111011111000111111111111101111111111111001111110011110110011111001111111111011101111101111101111111101111111111111110011
10111011111111111000111111111111101111111111111001111110011110110011111001111111111011101111101111111111111101111111111111110111
10110011111111111000111111111111101111111111111001111110011110110011111001111111111011101111101111111111111101111111011111110111
10110011111111111000111111111111101111111111111001111110011110110011111011111111111011101111101111111111111101111111011111110111
10110011111111111000111111111111101111111111111001111110011110110011111011111111111011101111101111111111111101111100011111110111
10010011111111111000111100011111101111111111111001111110011110110011111011111001111011101111101111111111111101111100001111110111
10010011111111111000111100011111101111111111111001111110011110110011111011111001111011101111101111111111111101111100001111110111
10010011110111111000111100011111101111100011111001111110011110110011111011111000111011101111101111111111111101111100001111100111
10010011110111111000111100011111101111100011111101111110011110110011111011111000111011101111101111111111111111111100001111100111
10010011110111111000111100001111101111100011111100111110011110110011111011111000111011101111101111111111111111111100001111100111
10010011110111111000111100001111101111100001111100111110011110010011111011111000111011101111101111111111111111111100001111100111
10010011110111111000111100001111101111100001111100111110011110010011111011111000111011101111111111111111111111111100001111100111
10000011110111111000111100001111101111100001111100111110011110010011110011110000111011101111111111111111111111111100001111100111
11000011110111111000111100001111111111100001111100111110011110000111110011110000111011101111111111111111111111111100001111100111
11000111110111111000111100001111111111100001111110111110011110000111110011110000111011101111111111111111111111111100001111100111
11000111110111111000111100001111111111100001111110111110011110000111110011110000111011101111111111111111111111111100001111100111
11000111110111111000111100001111111111100001111110111110011110000111110011110000111011101111111111111111111111111100001111101111
11000111110111111000111100011111111111100001111110111110011110000111110011110000111011101111111111111111111111111100001111101111
11000111110111111000111100011111111111100001111110111110011110000111110011110000111011101111011111111111111111111100001111101111
11000111110111111010111111111111111111100011111110111110011110000111110111110000111011101111011111111111111111111100001111101111
11000111110111110010111111111111111111100011111110111110011110000111110111110000111011101111011111111111111111111100001111101111
11000111110111110010111111111111111111100011111110111110011110000111110111111000111011101111011111111011111111111100001111101111
11000111110111110010111111111111111111111111111110111110011111000111110111111101111011101111011111111011111111111110011111101111
11000111110111110010111111111111011111111111111110111110011111000111110111111101111011101111011111111011111111111110011111001111
11000111110111110010111111111111011111111111111110111110011111000111110111111111111011101111011111111011111111111111111111001111
11000111110111110110111111111111011111111111111110111110011111000111100111111111111011101111011111111011111111111111111111011111
11000111110111110110011111111111011111111111111110111110011111000111100111111111111011101111011111111011111111111111111111011111
11100111110111110110011111111111011111111111111110111110011111000111100111111111111011101111011111111011111111111111111111011111
11100111110111110110011111111111011111111111111110111110011111000111100111111111111011101111011111111011111111111111111111011111
11100111110111110110011111111111011111111111111110111110011111000111100111111111111011101111011111111011111111111111111111011111
11100111110111110111011111111111011111111111111110111110011111000111100111111111111011101111011111111011111111111111111111011111
11100111110111110111011111111111011111111111111110111110011111000111100111111111111011101111011111111011111111111111111111011111
11100111110111110111011111111111011111111111111110111110011111000111100111111111111011101111011111111011111111111111111111011111
11100111110111110111011111111111011111111111111110111110011111000111100111111111111011101111011111111011111111111111111111111111
11100111110111110111011111111111011111111111111110111110011111000111100111111111111011101111011111111011111111111111111111111111
11100111110111110111011111111111011111111111111110111110011111100111101111111111111011101111011111111011111111111111111111111111
11100111110111110111011111111111011111111111111110111110011111100111101111111111111011101111011111111011111111111111111111111111
11100111111111110111011111111111011111111111111110111110011111100111101111111111111011101111011111111011111111111111111111111111
11100111111111110111011111111111011111111111111110111110011111100111101111111111111011101111011111111011111111111111111111111111
11100111111111110111011111111111011111111111111110111110011111100111101111111111111011101111011111111011111111111111111111111111
11100111111111110111011111111111011111111111111110111110011111100111101111111111111011101111011111111011111111111111111111111111
11100111111111110111011111111111011111111111111110111110011111100111101111111111111011101111011111111011111111111111111111111111
11100111111111110111011111111111011111111111111110111110011111100111101111111111111011101111011111111011111111111111111111111111
11101111111111110111011111111111011111111111111110111110011111101111101111111111111011101111011111111011111111111111111111111111
11101111111111110111011111111111011111111111111110111110011111101111101111111111111011101111011111111011111111111111111111111111
11101111111111110111011111111111011111111111111110111110011111101111101111111111111011101111011111111011111111111111111111111111
11101111111111110111011111111111011111111111111110111110011111101111101111111111111011101111011111111011111111111111111111111111
11101111111111110111011111111111011111111111111110111110011111101111101111111111111011101111011111111011111111111111111111111111
11101111111111110111011111111111011111111111111110111110011111101111101111111111111011101111011111111011111111111111111111111111
11101111111111110111011111111111011111111111111110111110011111101111101111111111111001101111111111111011111111111111111111111111
11101111111111110111011111111111011111111111111110111110011111101111101111111111111001101111111111111011111111111111111111111111
11101111111111110111011111111111011111111111111110111110011111101111101111111111111001101111111111111011111111111111111111111111
11101111111111110111011111111111011111111111111110111110011111101111001111111111111001101111111111111011111111111111111111111111
11101111111111110110011111111111011111111111111100111110011111101111001111111111111001101111111111111011111111111111111111111111
11101111111111110110011111111111011111111111111100111110011111101111001111111111111001101111111111111011111111111111111111111111
11101111111111110010011111111111011111111111111100111110011111101111001111111111111001101111111111111011111111111111111111111111
11101111111111110010011111111111111111111111111100111110011111101111001111111111111001101111111111111011111111111111111111111111
11101111111111110010011111111111111111111111111101111111011111001111001111111111111001101111111111111011111111111111111111111111
11101111111111110010011111111111111111111111111101111111011111001111001111111111111001101111111111111011111111111111111111111111
11101111111111110010111111111111111111111111111101111111011111001111001111111111111101101111111111111111111111111111111111111111
11101111111111110010111111111111111111111111111101111111011111001111001111111111111101101111111111111111111111111111111111111111
11101111111111110000111111111111111111111111111101111111011111001111000111111111111101001111111111111111111111111111111111111111
11101111111111110000111111111111111111111111111101111111011111011111000111111111111101011111111111111111111111111111111111111111
11101111111111110000111111111111111111111111111001111111011111011111000111111111111101011111111111111111111111111111111111111111
11101111111111110000111111111111111111111111111001111111011111011111000111111111111101011111111111111111111111111111111111111111
11111111111111111000111111111111111111111111111001111111111111011111100011111111111100011111111111111111111111111111111111111111
11111111111111111000111111111111111111111111111001111111111111011111100011111111111100011111111111111111111111111111111111111111
11111111111111111000111111111111111111111111111001111111111111011111100011111111111100011111111111111111111111111111111111111111
11111111111111111000111111111111111111111111111001111111111111011111100011111111111100011111111111111111111111111111111111111111
11111111111111111000111111111111111111111111111011111111111111011111100011111111111100011111111111111111111111111111111111111111
11111111111111111000111111111111111111111111111111111111111111011111100011111111111100011111111111111111111111111111111111111111
11111111111111111000111111111111111111111111111111111111111111011111100011111111111100011111111111111111111111111111111111101111
11111111111111111001111111111111111111111111111111111111111111111111100011111111111100011111111111111111111111111111111111101111
11111111111111111101111111111111111111111111111111111111111111111111100011111111111110011111111111111111111111111111111111100111
11111111111111111101111111111111111111111111111111111111111111111111100011111111111110011111111111111111111111111111111111100111
11111111111111111101111111111111111111111111111111111111111111111111101111111111111110111111111111111111111111111111111111111111
11111111111111111101111111111111111111111111111111111111111111111111101111111111111110111111111111111111111111111111111111111111