11111111111111111111111111111111111111111111111111111111111111111111111111111111111111111111111111111111111111111111111111111011
11111111111111111111111111111111111111111111111111111111111111111111111111111111111111111111111111111111111111111111111111111011
11111111111111111111111111111111111111111111111111111111111111111111111111111111111111111111111111111111111111111111111111110011
11111111111111111111111111111111111111111111111111111111111111111111111111111111111111111111111111111111111111111111111111110011
11111111111111111111111111111111111111111111111111111111111111111111111111111111111111111111111011110111111111111011111111110001
11111111111111111111111111111111111111111111111111111111111111111111111111111111111111111111111011110111111111111011111111110001
11111111111111111111111111111111111111111111111111111111111111111111111111111111111111111111110011110011111011111011111111110001
11111111111111111111111111111111111111111111111111111111111111111111111111111111111111111111110011110011111011111011111111110001
11111111111111111111111111111111111111111111111111111111111111111011111111111011110011111111110001100011110011110001111111110001
11111111111111111111111111111111111111111111111111111111111111111011111111111011110011111111110001100011110011110001111111110001
11111111111111111111111111111111111011111111111111110001111111110001111111110011110011111111110001100001110001110001111111110001
11111111111111111111111111111111111011111111111111110001111111110001111111110011110011111111110001100001110001110001111111110001
11111111111111111111111111111101110000111101111111110001111111110001111111110011110011111111110001100001110001110001111111110001
11111111111111111111111111111101110000111101111111110001111111110001111111110011110011111111110001100001110001110001111111110001
11111111111111111111111111111101110000111001111111110000111111110001111111110011110011111111110001100001110001110001111111110001
11111111111111111111111111111101110000111001111111110000111111110001111111110011110011111111110001100001110001110001111111110001
11111111111111111111111111111101110000111001111111110000111111110001111011110001110011111111110001100001110001110001111111100001
11111111111111111111111111111101110000111001111111110000111111110001111011110001110011111111110001110001110001110001111111100001
11111111111111111111111111111000110000111001111111110000111111110001111011110001110001111111100001110001110001110001111111100001
11111111111111111111111111111000111000111001111111110000111111110001111011110001110001111111100001110001110001110001111111100001
11111111111111111111111111111000111000111001111111110000111111110001111011110001110001111111100001110001110001110001111111100001
11111111111111111111111111111000111000111001111111110000111111110001111011110001110001111111100011111001110001110001111111100001
11111111111111111111111111111000111000111001111111110000111111110001111011110001110001111111100011111001110001110001111111100001
11111111111111111111111111111000111000111001111111111000111111110101111011110001111001111111100111111001110001110001111111100001
10111110111100111111111111111000111000111000111111111000111111110101111011110001111001111111100111111001110001110001111111100000
10111110111100111111111111111000111000111000111111111000111111110111111011110001111001111111110111111001110001110001111111100000
10111110111100111011111111111000111000111000111111111000111111110111111011110001111001111111110111111001100001110001111111100000
10111110111100111011111111111000111100111000111111111100111111110111111011110101111101111111110111111001100001100101111111100001
10111110111100111011111111111000111100111000111111111100111111110111111011110101111101111111110111111001100001100101111111100001
10111110111100111011111111111000111110111000111111111100111111110111111011111101111101111111110111111011100001100101111111100001
10111100011000111011111111111000111110111000111111111100111111110111111011111101111101111111110111111011100001100101111111100001
10111100011000111011111111111010111110111000111111111101111111110111111011111101111101111111110111111011100101100101111111100001
10011100011000011011111111111010111110111000111111111101111111110111111011111101111101111111110111111011100101100101111111100001
10011100011000011011111111111010111110111000111111111101111111110111111011111101111101111111110111111011100101100101111111100001
10011100011000011011011111111010111110111000111111111101111111110111111011111101111101111111110111111011100101110101111111100001
10111100011000011011011111111010111110111010111111111101111111110111111011111101111101111111110111111011100101110101111111100001
10111100011000011011011111111010111110111010111111111101111111110111111011111101111101111111110111111011100101110101111111100001
10111100011000011011011111111010111110111010111111111101111111110111111011111101111101111111110111111011100101110101111111100001
10111100011000011011011111110010111110111010111111111101111111110111111011111101111101111111100111111011100101110101111111100001
10111100011011011011011111110010111110111110111111111101111111110111111011111101111101111111100111111011100101110101111111100001
10111100011011011011011111110010111110111110111111111101111111110111110011110101111101111111100111111011100101110001111111100001
10111101011011011011011111111010111111111110111111111101111111110111110011110101111101111111100111111011100101110001111111100001
10111101011011011011011111111010111111111010111111111101111111110111110011110101111101111111100111111011100101110001111111100001
10111101011011011011011111111011111111111010111111111101111111110111110011110101111101111111100111111011100101110001111111100001
10111101011011011001011111111011111111111010111111111101111111110111110011110101111101111111100111111011100001110001111111100001
11111101011011011001011111111011111111111010111111111101111111110111110011110101111101111111100111111011100001110001111111100001
11111101011011011001011111111011111111111010111111111101111111110011110011110101111101111111100011111011100001110001111111100001
11111101111011011001011111111111111111111011111111111101111111110011110011110101111101111111100011111011110001110001111111100001
11111101111011011001011111111111111111111011111111111101111111110011110011110001111101111111100011111011110001110001111111100001
11111101111011011001011111111111111111111011111111111101111111110011110011110001111101111111110011111011110001110001111111110001
11111101111011011001011111111111011111111001111111111101111111110011110011110001111101111111110011111011110001110001111111110001
11111101111011111001011111111111111111111001111111111101111111110011110011110001111101111111110011111011110001110001111111110001
11111101111011111001011111111111111111111001111111111001111111110011110011110001111101111111110011111011110001110001110001110001
11111101111011111001011111111111111111111001111111111001111111110011110011110001111101111111110011111011110001110001110001110001
11111101111011111001011111111111111111111001111111111001111111110011110011110001111101101111110011111011110001110001100001110001
11111101111011111001011111111111111111111001111111111001111111110011110011110001111101101111110011111011110001110001100001110001
11111101111011111001011111111011111101111001111111111001111111110001110001110001111001100001110011111011110001110001100001110001
11111101111011111001011111111011111101111001111111111011111111110001110001110001111001100001110011111011110001110001100001110001
11111101111011111001011111111011111101111001111001111011110001110001110001110001111001100001110011111011110001110001100001110001
11111101111011111001011111111011111101111001111001111011110001110001110001110001111001100001110011111011110001110001100001110001
11111101111001011001011111111011111101111001111001111011110001110001110001110001111001100001110001111011110001110001100000110001
11111101111001011001011111111011111101111001111001111011110001111001110001110001111001100001111001111011110001110001100001100001
11111101111000011001011111111011111101111001110000111011110001111001110001110001111001100001111001111001110001110001100001100001
11111101111000011001011111111011111101111001110000111011110001111001110001110001111001100001111001111001110001110001100001100001
11111101111000011001011111111011111101111001110000111011110001111001110001110001111011100001111001111001110001110001100001100001
11111100111000011001011111111011111101111001110000111011110001111001110001110001111011100001111001111001110001110001100001100001
11111100111000011001011111111011111101111001110000111011110001111101110001110001111011100001111001111001110001110001100001100001
11111110111000011000011111111000111101111001110000111011110001111101110001110001111011100001111001111001110001110001100000100001
11111110111000011000011111111000111101111001110000111011110001111101110001110001111011100001111101111001110001110001100000100001
11111110111000011000011111111000111101111001110000111011110001111101110001110001110011100001111101111001110001100001100000100001
11111110111000011000011111111000111101111001110000111011110001111101110101110001110011100001111101111001110001100001100000100001
11111110111000011000011111111000111101111000110000111011110001111101110101110001110011100001111101111001100001100001100000100000
11111110111000011000011111111000111101111000110000111011110001111101110101110001110011110001111101111101100001100001110001100000
11111110111000011000011111111000111101111000110000111011110001111101110101110001110011110001111101111101100001100001110001100000
11111110111000011000011111111000111101111000110001111011110001111101110101110001110011111011111101111101100001100001110001100000
11111110111000011000011111111000111101111000110001111011110001111101110101110101110011111011111101111101100001100001110001100000
11111110111000011000011111111000111111111010111001111011110111111101110101110101110011111111111101111101100101100101111001100100
11111110011000011000011111111000111111111010111001111011110111111101110101100101110011111111111101111101100101100101111001100100
11111110011000011000011111111100111111111110111111111011111111111101111101100101110011111111111101111101100101100101111111100100
11111110011000011000011111111100111111111110111111111011111111111101111101100101110011111111111101111101100101100101111111100100
11111111011001011000011111111100111111111110111111111011111111111101111101100101110111111111111101111101100101100101111111100100
11111111011001011000011111111100111111111110111111111011111111111101111101100101110111111111111101111101100101100101111111100100
11111111011011011010011111111100111111111110111111111011111111111101111101101101110111111111111101111101101101100101111111100100
11111111011011011010011111111100111111111110111111111011111111111101101101101101110111111111111101111101101101100100111111100100
11111111011011011010011111111100111111111110111111111011111111111101101101101101110111111111111101111101101101100101111111100100
11111111011011011010011111111100111111111110111111111011111111111101101101101101110111111111111101111101101101100101111111100100
11111111011011011010011111111100111111111110111111111011111111111101101101101101110111111111111101111101101101101101111111100100
11111111011011011010011111111100111111111110111111111011111111111101101101101101110111111111111101111101101101101101111111100100
11111111011011011010011111111100111111111110111111111011111111111101101101101101110111111111111101111101101101101101111111100100
11111111011011011010011111111100111111111110111111111011111111111101101101101101110111111111111101111101101101101101111111100100
11111111011011011010011111111100111111111110111111111011111111111101101101101101110111111111111101111101101101101101111111100100
11111111011011011010011111111100111011110110111111111011111111111101101101101101110111111111111101111101101101101101111111100100
11111111011011011010011111111100111011110110111111111011111111111101101101101101110111111111111101111101101101101101111111100100
11111111011011011010011111111100111011110110111111111011111111111101100100101101110111111111111101111101101101101101111111100100
11111111011011011010011111111101111011110110111111111011111111111101100100101101110111111111111101111101101101101101111111100100
11111111011011011010011111111101111011110110111111111011111111111101100100101101110111111111111101111101101100100101111111100100
11111111011011011010011111111101111011110110111111111011111111111101100101101101110111111111111101111101101100100101111111100100
11111111011011011010011111111101111011110110111111111011111111111101100101101101110111111111111001111101101100100101111111100000
11111111011011011010011111111101111011110110111111111011111111111101100101101101110111111111111001111101101101100101111111100000
10111111011011011010011111111101111011110110111111111011111111111001100101100101110111111111111001111101100101100101111111100000
10111111011011011010011111111101111011110110111111111011111111111001100101100101110111111111111011111101100101100101111111100000
10111101011011011010011111111101111011110110111111111011111111111001100101100101110111111111111011111101100001100101111111100000
10111101011111011010011111111101111011110110111111111011111111111001110101100101110111111111111011111101100001100101111111100000
10111101011111011010011111111101111011110110111111111011111111111001110101100101100111111111111011111001100001100001111111100000
11111101011111011010011111111101111011110110111111111111111111111001110101100101100111111111111011111001100001100001111111100000
11111101011111011010011111111101111011110110111111111111111111111001110001100101100111111111110011100001100001100001111111100000
11111101011111011010011111111101111011110110111111111111111111111001110001100101100111111111110011100001100001100001111111100001
10111101011101011010011111111101111011110110111111111111111111110001110001100001100011111111110011100001100001100001111111100001
10111101011101011011011111111101111011110110111111111111111111110001110001100001100011111111110011100001100001100001111111100001
10111100011100011011011111111101111011110000111111111111111111110001110001100001100011111111110011100001100001100001111111100001
10111100011100011011011111111101111011110000111111111111111111110001110001110001100011111111110011100011100001100001111111110001
10011100011100011011011111111101111011110000111111111111111111110001110001110001100001111111110011100011100001100001111111110001
10011100011100011011011111111101111011111000111111111111111111110001110001110001100001111111110011100011110001100001111111110001
10011100011100011011011111111101111011111000111111111111111111110001110001110001100001111111110011100011110001110001111111110001
10011100011100011011011111111101111011111000111111111111111111110011110001110001110001111111110011100011110001110001111111110001
10011100011100011011011111111101111011111000111111111111111111110011110001110001110001111111110011100011110001110001111111110001
10011110011100011011011111111101111011111000111111111111111111110011110001110001110001111111110011100011110001110001111111110001
10011110011100011011011111111101111011111000111111111111111111110011110001110001110001111111110011100011110001110001111111110001
10011110011100011111011111111101111111111000111111111111111111110011110001110001110001111111110011110011110001110001111111110001
10011110011100011111011111111101111111111000111111111111111111110011110001110001110001111111110011110011110001110001111111110001
10011110011100111111011111111111111111111001111111111111111111110011111001110001110001111111110111110111110011110001111111110001
10011110011100111111011111111111111111111001111111111111111111110011111001110001110001111111110111110111110011110001111111110001
10011110111100111111111111111111111111111001111111111111111111111111111011111011110011111111111111110111111011111011111111110001
10011110111100111111111111111111111111111001111111111111111111111111111011111011110011111111111111110111111011111011111111110001
10011110111100111111111111111111111111111001111111111111111111111111111111111011111011111111111111111111111111111011111111111001
10011110111100111111111111111111111111111001111111111111111111111111111111111011111011111111111111111111111111111011111111111001
10011110111111111111111111111111111111111111111111111111111111111111111111111111111111111111111111111111111111111111111111111001
10011110111111111111111111111111111111111111111111111111111111111111111111111111111111111111111111111111111111111111111111111001