11111111111111111111111111111111111111111111111111111111101111111111111111111111111100011111111111111111111111111111111111111111
11111111111111111111111111111111111111111111111111111111101111111111111111111111111100011111111111111111111111111111111111111111
11111111111111111111111111111111111111111111111111111100001111101111111011111111111000011111111111111111110111111111111111111111
11111111111111111111111111111111100001111111111100011100001111100111111011111111111000011111011111101111110011111111111011111111
11111111111111111111111111111111100001111111111100011100001111100111111011111111111000011111011111101111110011111111111011111111
11111111111111001111111111111111100001111111111100011100001111000111111011111111111000001111011111101111110011111111111011111111
10001111111111000111111111111111100000111111111100011100001111000111111011111111111000001110011111100111110011111111111011100111
10001111001111000111110111111111100000111111111000011100001111000111111011111111111000001110001111000111100011111111111001100111
10001111001111000111110111111111100000111111111000011100001111000111111011111111111000001110001111000111100011111111111001100111
10001111001110000011110111011111100000111111111000011100001111000111111011111111111000001110001111000111100011111111111001100111
10001111001110000011100111011111100000111111111000011100001111000111110011111111111000001110001111000111100011111111111001100111
10001110001110000011100111011111100000111111111000011100001111000011110011111111111000001110001111000111100001111111111001100111
10001110001110000011100111011111100000111111111000011100001111000011110011111111111000001110001111000111100001111111111001100111
10001110001110000011100111011111100000111111111000011100001111000011110011111111111000001110001111000011100001111111111001100111
10001110000110000011100111011111100000111111111000011100001110000011110011111111111000001100001111000011100001111111111001100111
10001110000110000011100111011111100000111111111000011100001110000011110011111111111000001100000111000011100001111111111001100111
10001110000110000011100111011111100000111111111000011100001110000011110011111111111000001100000111000011100001111111111001100111
10001110000110000011100111011111100000111111111000011100001110000011110011111111111000001100000111000011100001111111111001100111
10001110000110000011100110011111100000111111111000011100001110000011110011111111111000001100000111000011100001111111111001101111
10001110000110000001100110011111100000111111111000011100001110000011110011111111111000001100000110000011100001111111111001101111
10001110000110000001100110011111100000111111111000111100001110000011110011111111111000001100000110010011100001111111111001101111
10001110000110000001100110011111110000111111111001111110001110010011110011111111111100001100000110010011101001111111111001101111
10001110000110000001100111011111111100111111111001111111001110010011110111111111111110001100000110010011001001111111111001101111
10001110000110000001100111011111111100111111111001111111001110010011110111111111111110001100000110010011001001111111111001101111
10001110000110000001100111011111111100111111111001111111001110011011110111111111111110001101100110010011001001111111111001101111
10001110000110011001100111011111111100111111111001111111001110011011110111111111111110011101100110011011001101111111111101101111
11011110100110011001100011011111111100111111111001111111001110111011110111111111111110011111100110011011001101111111111101001111
11011110100110011001100011011111111100111111111001111111001110111011100111111111111110011111100110011011001101111111111100001111
11011110110110011001100011011111111100111111111001111111001110111011100111111111111110011111100110111011001101111111111100001111
11011110110110011001100011011111111101111111111001111111001110111011100111111111111110011111100110111011001101111111111100001111
11011110110110011001100011011111111101111111111001111111001110111011100111111111111110011111100110111011001101111111111100001111
11011110110110011001100011011111111101111111111001111111001110111011100111111111111110011111100110111011001101111111111100001111
11011110110110011001100011011111111101111111111001111111001110111011100111111111111110011111100110111011011101111111111100001111
11011110110110011001100011011111111101111111111001111111001110111011100111111111111110011111110110111011011101111111111100001111
11011110110110011001100011011111111101111111111001111111001110111011100111111111111110011111110110111011011101111111111100001111
11011110110110011001100011011111111101111111111001111111001110111011100111111111111110011111110110111011011101111111111100001111
11011110110110011001100011011111111101111111111001111111001110111011100111111111111110011111110110111011011101111111111100001111
11011110111110011001100011011111111101111111111001111111001110111011100111111111111110011111110110111011011100111111111100001111
11011110111110011001100011011111111101111111111001111111001110111011100111111111111110011111110110111011011100111111111100001111
11011110111110011001100011011111111101111111111001111110011110111011100111111111111110011111110110111011011100111111111100001111
11011110111110011001100011011111111101111111111001111110011110111011100111111111111110011111110110111011011100111111111100001111
11011110111110011001100011011111111001111111111001111110011110111011100111111111111110011111110110111011011100111111111100001111
11011110111110011001100011011111111001111111111000111110011110111011100111111111111110011111100110111011011100111111111100001111
11011110111110011001100011011111111001111111111000111110011110111011100111111111111110011111100110111011011100111111111100011111
11011110111110011001100011011111111001111111111000111110011110111011100111111111111100011111100110111011011101111111111100011111
11011110111110011001100011011111111001111111111000111110011110111011100111111111111100111111100110111011011101111111111100011111
11011110111110011001100011011111111001111111111000111110011110111011100011111111111100111111100110111011011101111111111100011111
11011110111110011001100011011111111001111111111000111110011110111011100011111111111100111111100110111011011101111111111100011111
11011110111110011001100010011111111001111111111000111110011110111011100011111111111100011111100110111011011101111111111100011111
11011110011110011001100010011111111011111111111000011110011110111011000011111111111100011111100110111011011101111111111100011111
11011110011110011001100010011111111011111100111000011110011110111011000011110000111100011111100110111011011101110000111100011111
11011110011110011001100010011111111011111100111000011110011110111011000011110000111100011111100110111011011101110000111100011111
11011110011110011001100010011111111011110000011000011110001110111011000011110000111100011111100110111011011101110000111100011111
11011110011110010001100010011111111011110000011000011110001110111011000001110000111100011111100110111011001101110000011100011111
11011110011110000001100000011111111011110000011000011110001110111011000001100000111100011111100110111011001101100000011100011111
11011110011110000001100000011111111011110000011000011110001110111011000001100000111100011111100110111011001101100000011100011111
11011110001110000001100000011111111011110000011000011110001110111011000001100000011100011111101110111011001101100000011110011111
11011110001110000001100000011111111011110000011000011110001110111011000001100000011100011111101110111011001101100000011110011111
11011110001110000001100000011111111011110000011000011110001110111011000001100000011100011111001110110011001001100000011110011111
11011110001110000001100000011111111011110000011100011110001110111011000001100000011100011111001110110011001001100000011110011111
11011110001110000001100000011111111011110000011110011110001110111011000001100000011100011111001110010011001001100000011110011111
11011110001110000001100000011111111011110000011110011110001110111011000001100000011100011111001110010011001001100000011110011111
11011110001110000001100000011111110011110000011110011110001110111011000001100000011100001111001110010011001001100000011110011111
11011111001110000001100000011111110011110000011111011110001110111011000001100000011100001111001110010011001001100000011110011111
11011111001110000001100000011111110011110000011111011111001110111011001001100000011110001111001110010011000001100000011110011111
11011111001110000001100000011111110011110000011111011111000110111011001001100000011110001111001110000011000001100000011110011111
11011111001110000001100000011111110011110000011111011111000110111011001001100000011111001111001110000011000001100000011110011111
11011111000110000001100000011111110011110000011111011111100110111011001101100000111111001111001110000011000001100000011110011111
11011111000110000001100000011111110011110000011111011111100110111011001101110000111111001111001110000011000001100000011110011111
11011111000110000001100000011111110011110000011111011111100110111011001101110000111111001110001110000011000001100000011110011111
11011111000110000001100000011111110011110000011111011111100110111011001101110000111111001110011110000011100001100000111110011111
11011111000110000001100100011111110111110000111111011111100110111011011101110000111111001110011111000011100001100000111100011111
11011111100110000001100100011111110111111111111111011111100110111011011101111111111111001110011111000011100001110000111100011111
11011111100110000001100100011111110111111111111111011111100110111011011101111111111111001110011111000011100001110000111100011111
11011111100110000001100100011111110111111111111111011111100110111011011101111111111111101110011111000011100001111111111100011111
11011111100110011001100100011111110111111111111111001111100110111011011101111111111111101110011111000011100001111111111100011111
11011111100110011001100100011111110111111111111111001111100110111011011101111111111111101110011111000011100001111111111100011111
11011111100110011001100100011111110111111111111111001111100110111011011101111111111111101110011111000011100001111111111100011111
11011111100110011001100100011111110111111111111111001111100110111011011101111111111111101110011111000011100001111111111100011111
11011111100110011001100100011111110111111111111111001111110110111011011101111111111111101110011111000011100001111111111100011111
11011111110110011001100100011111110111111111111111001111110110111011011101111111111111101110111111100111100001111111111100011111
11011111110110011001100100011111110111111111111111001111110110111011011101111111111111101110111111100111100001111111111100011111
11011111110110011001100100011111110111111111111111001111110110111011011101111111111111101110111111100111110001111111111100011111
11011111110110011101100100011111110111111111111111011111110110111011011101111111111111101100111111100111110001111111111100011111
11011111110110011101100100011111110111111111111111011111110110111011011101111111111111101100111111100111110011111111111100011111
11011111110110011101100100011111110111111111111111011111110110111011011101111111111111101100111111100111110011111111111100011111
11011111110110011101100100011111110111111111111111011111110110111011011101111111111111101100111111100111110011111111111100011111
11011111110110011101100100011111110111111111111111011111110110111011011101111111111111101100111111100111110011111111111100011111
11011111110110011101100100011111110111111111111111011111100110111011011101111111111111101100111111100111110011111111111100001111
11011111110110011101100100011111110111111111111111011111100110111011011101111111111111101100111111100111110011111111111100001111
11011111110110011101100100011111110111111111111111011111100110111011011101111111111111101100111111100111110011111111111100001111
11011111110110011101100100011111110111111111111111011111100110111011011101111111111111101100111111100111110011111111111100001111
11011111110110011101100100011111110111111111111111011111100110111011011101111111111111101100111111100111110011111111111101001111
11011110110110011101100100011111110111111111111111011111100110111011011101111111111111101100111111100111110011111111111101001111
11011110110110011101100100011111110111111111111111011111100110111011011101111111111111101100111111100111110011111111111101001111
11011110110110011101100100011111110111111111111111011111100110111011011101111111111111001100111111100111110011111111111101001111
11011110110110011101100100011111110111111111111111011111100110111011011101111111111111001100111111100111110011111111111101001111
11011110110110011101100100011111110111111111111111011111100110111011011101111111111111001101111111100111110011111111111101001111
11011110110110011101100100011111110111111111111111011111100110111011011101111111111111001101111111100111110011111111111101001111
11011110110110011101100100011111110111111111111111011111100110111011001101111111111111001100111111100111110011111111111001001111
11011110110110011101100100011111110111111111111110011111100110111011001101111111111111001100111111100111110011111111111001001111
11011110110110011101100110011111110111111111111110011111100110111011001101111111111111001100111111101111110011111111111001001111
11011110110110011001100110011111110111111111111110011111100110110011001001111111111111001100111111101111110011111111111001001111
11001110110110011001100110011111110111111111111110011101101110010011001001111111111010001100111111101111110011111111111001001111
11001110100110011001100110011111110111111111111110011101001110010011000001111111111010001100011111101111110011111111111001001111
11001110100110011001100110011111110111111111111110011101001110010011000001111111111010001100011111101111110111111111111001001111
11001110000110011001100110011111110111111111111100011100001110010011000001111111111000001100001111101111110111111111111001101111
11001110000110010001100110011111110111111111111100011100001110000011000001111111111000011100001111001111110111111111111001101111
10001110000110000001100110011111110111111111111000011100001110000011000001111111111000011100001111001111100111111111111001101111
10001110000110000001100110011111110111111111111000011100001110000011100001111111111000011100001111001111100111111111111001101111
10001110000110000001100110011111110111111111111000011100001110000011100001111111111000011100001111001111100111111111111001101111
10001110000110000001100110011111110111111111111000111100001110000011100001111111111000011100001111001111100111111111111001101111
10000110000110000001100110011111110111111111111000111100001110000011100001111111111000011100001111001111100111111111111001101111
10000110000110000001100110011111110111111111111000111100001110000111100001111111111000011100001111001111100111111111111011101111
10000110000110000001100110011111110111111111111000111100001110000111100011111111111000011100001111001111100111111111111011101111
10000110000110000011100110011111110111111111111000111100001111000111100011111111111000011100001111001111100111111111111011101111
10000110000110000011100110011111110111111111111000111100001111000111100011111111111000011100001111001111100111111111111011101111
10000110000110000011101110011111110111111111111000111100011111000111100011111111111000011100001111001111100111111111111011101111
10000110001110000011101110011111110111111111111000111100011111000111100011111111111000011100001111011111100111111111111011101111
10000111001110000011111110011111110111111111111001111100011111000111100011111111111000111100001111011111101111111111111011101111
10000111001110000011111110011111110111111111111001111100011111000111100011111111111000111100001111011111101111111111111011101111
10000111001110000011111110111111111111111111111001111110011111000111110011111111111000111100001111011111101111111111111011101111
10001111001111000011111110111111111111111111111101111111111111101111110111111111111100111100001111011111101111111111111011101111
10001111001111000011111111111111111111111111111111111111111111101111111111111111111101111100001111011111101111111111111011101111
10001111001111000011111111111111111111111111111111111111111111101111111111111111111101111100001111011111101111111111111011101111
10001111011111000111111111111111111111111111111111111111111111111111111111111111111111111111011111111111111111111111111011111111
10011111111111111111111111111111111111111111111111111111111111111111111111111111111111111111111111111111111111111111111111111111
10011111111111111111111111111111111111111111111111111111111111111111111111111111111111111111111111111111111111111111111111111111