11111111111111111111111111111111111111111111111111111111111111111111111101111101111111111001111101111101111111111111111111111111
11111111111111111111111111111111111111111111111111111111111111111111111101111101111111111001111101111101111111111111111111111111
11111111111111111111111111111100111111111100111111111100111111111000111101111001111111111001111001111001111001110001111111111011
11111111111111111111111111111100111111111100111111111100111111111000111101111001111111111001111001111001111001110001111111111011
11111111111111111111111111111100111100011100111111111000111111111000111001111001111111111001111001111001111001110001111111111011
11111111111111111111111111111100111100011100111111111000111111111000111000111001111111111000111001111001111001110001111111110001
11111111111111111111111111111100111100011100111111111000111111111000111000111001111111111000111001111001111001110001111111110001
10111111111111111111111111111100111000011100111111111000111111111000111000111000111111111000111001111001110001110001111111110001
10011111111100111111111111111100111000011100111111111000011111111000111000111000111111111000111000111000110001110001111111110001
10011111111100111111111111111100111000011100111111111000011111111000111000111000111111111000111000111000110001110001111111110001
10011110011100111111111111111100111000011100111111111000011111111000111000111000111111111000111000110000110001110000111111110001
10011110011100111111111111111100111000011100111111111000011111111000111000111000111111111000111000110000110001110000111111110001
10011110011100111111111111111100011000011000111111111000011111111000111000111000111111110000111000110000110001110000111111110001
10011110011100011111111111111100011000011000111111111000011111111000111000111000111111110000110000110000110001110000111111110001
10011110011100011111111111111100011000011000111111111000011111111000111000111000111111110000110000110000110001110000111111110001
10011110011100011111111111111100011000011000111111111000011111111000111000110000111111110000110000110000110001110000111111110001
10011110011100011111111111111000011000011000111111111000011111111000111000110000111111110000110000110000110001110000111111110001
10011110011100011111111111111000011100011000111111111000011111111000111000110000111111110000110000110000110001110000111111110001
10011100011100011101111111111000011110011000111111111000011111111000111000110000111111110000110000110000110001110000111111110001
10011100011100011101111111111000011110011000011111111000011111111000110000110000111111110000110000110000110001110000111111110001
10011100011100011101111111111000011110011000011111111100011111111000110000110000111111110000110000110000110001110000111111110001
10011100011100011101111111111000011110011000011111111100011111111000110000110000111111110000110000110000110001110000111111110001
10011100011100011101111111111001011110011000011111111110011111111100110000110000111111110000110000110000110001111000111111110001
10011100011100011101111111111001011110011000011111111110011111111100110010110000111111110010110000110000110011111000111111110101
10011100011100011101111111111001011110011000011111111110011111111100110010110000111111110010110000110000110011111000111111110101
10011100011100011101111111111011011110011000011111111110011111111100110010110000111111110010110000110000110011111001111111110101
10011100011100011101111111111011011110011010011111111110011111111100110010110000111111110010110000110000110011111001111111110100
10011100011100011101111111111011011110011010011111111110011111111100110010110010111111110010110000110000110011111001111111110100
10011100011100011101111111111011011110011010011111111110111111111100110010110010111111110010110000110010110011111001111111110100
10011100011100001101111111111011011110011010011111111110111111111100110010110010111111110010110000110010110011111001111111110100
10011100011101001101111111111011011110011010011111111110111111111100110010110010111111110010110000110110110011111001111111110100
10011100011101001101111111111011011110011010011111111110111111111100110010110010011111110110110000110110110011111001111111110100
10011100011101001101011111111011011110011010011111111110111111111100110010110010011111110110110000110110110011111001111111110100
10011101111101001101011111111011011110011010011111111110111111111100110010110010011111110110110000110110110011111001111111110100
10011101111101001101011111111011011110011010011111111110111111111100110010010010011111110110110000110110110011111001111111110110
10011101111101001101011111111011011110011010011111111110111111111100110010010010011111110110110000110110110011111001111111110110
10011101111101001101011111111011011110111010011111111110111111111100110010010010011111110110110000110110110011111001111111110110
10011101111101001101011111111011011110111000011111111110111111111101110110010010011111110110110000110110110011111001111111100110
10011101111101001101011111111011011110111000011111111110111111111101110110010010011111110110110000110110110011111001111111100110
10011101111101001101011111111011011110111000011111111110111111111101110110010010011111110110110000110110110011111001111111100110
10011101111101001101011111111011011110111000011111111110111111111101110110010010011111110110110000110110110011111001111111100110
10111101111101001101011111111011011110111000011111111110111111111101110110010010011111110110110000110110110011111001111111100110
10111101111101001100011111111011011110111000111111111110111111111101110110010010011111110110110000110110110001111001111111100110
10111101111101001100011111111011011110111000111111111110111111111101110110010010011111110110010000110110110001111001111111100110
10111101111101001100011111111011011110111000111111111110111111111101110110010010011111110110010000110110110001111001111111100110
10111101111101001100011111111011011110111000111111111110111111111101110110010010011111110110010000110110110001111001111111100110
10111100111101001100011111111011011110111000111111111110111111111101110110010010011111110110010000110110110001111001111111100110
10111100111101001100011111111011011110111000111111111110111111111101110110010010011111110110010000110110110001111001111111100110
10111100111101001000011111111011011110111000111111111110111111111101110110010010011111110110010000110110110001111001111111100110
10111100111101001000011111111011011110111000111111111100111111111101110110010010011000110110010000110010110001111001111111100110
10111100111101001000011111111011011110111000111111111100111111111101110110010010011000110110011000110010110001111001111111100110
10111100111100001000011111111011011110111000111100111100111110111001110110010010011000110110011000110010110001111001110001100110
10111100111100001000011111111011011110111000111100111100111110111001110110010010011000110110011000110010110001111001110001100110
10111100111100001000011111111001011110111000111000111100111000111101110110010010011000110110011000110010110001111001110001100110
10111100111100001000011111111001011110111000111000111100111000111100110110010000011000110110011000110000110000111001110000100110
10111100111100001000011111111001011110111000111000111101111000111100110110010000011000110110011000110000110000111001110000100110
10111100111100001000011111111001011100111000111000111101111000111100110110010000010000110110011000110000110000111001110000100110
10111100011100001000011111111000011100111000111000011101111000111100110110010000010000110110011000110000111000111001110000100110
10111110011100001000011111111000011100111000111000011101111000111100110110010000010000110110011000110000111000111001110000100110
10111110011100001000011111111000011100111000111000011101111000111100110110010000010000110110011000110000111000111001110000100110
10111110011100001000011111111000011100111000111000011101111000111100110110010000110000110110011000110000111000111001110000100110
10111110011100001000011111111100011100111000111000011101111000111100110110010000110000110110011000110000111000111001110000100110
10111110011100001000011111111100011100111000111000011101111000111100110110010000110000110110011000110000111000111000110000100110
10111110011100001000011111111100011101111000111000011101111000111100110110010000110000110110011000110000111100111000110000100110
10111110011100001000011111111100011101111000111000011101111000111100110110010000110000110110010000110000111100111000110000100110
10111110011100001000011111111100011101111000011000011101111000111100110110010000110000110110010000110000111100111000110000100110
10111110011100011000011111111100011101111000011000111101111000111100110110010000110000110110010000110000111100111000110000100110
10111110011100011000011111111100011101111000011000111101111000111110110110011000110000110110010000110000111100111100110000100110
10111110011100001000011111111100011101111000011000111101111000111110110110011000110000110110010000110000111100111100110000100110
10111110011100001000011111111100011101111000011000111101111000111110110110011000110000110110010000110000111100111100110000100110
10111110011100001000011111111100011101111000011000111101111000111110110110011000110000110110010000110000111100111100110000100110
10111110011100001000011111111100011101111010011000111101111000111110110110011000111000110110010000111000111110111100110000100110
10111111011100001000011111111100011101111010011100111101111000111110110110011000111000110110010000111000111110111100110000100110
10111111011100001000011111111100011101111010011100111101111000111110110110011000111000110110010000111000111110111100110000100110
10111111011101001000011111111100011101111010011111111101111111111110110110011000111000110110010000111000111110111100110001100110
10111111011101001000011111111100011101111011011111111101111111111110110110011000111000110110010000111000111110111100111101110110
10111111001101001000011111111100011101111011011111111101111111111110110110011000111000110110010000111000111110111100111101110110
10111111001101001000011111111110011101111011011111111101111111111110110110011000111111110110010010111000111110111110111111110110
10111111001101001000011111111110011101111011011111111101111111111110110110011000111111110110010010111000111110111110111111110110
10111111001101001000011111111110011101111011011111111101111111111110110110011000111111110110010010111000111110111110111111110110
10111111001101001000011111111110011101111011011111111101111111111110110110011000111111110110010010111000111110111110111111110110
10011111001101001000011111111110011101111011011111111101111111111110110110011000111111110110010010111000111110111110111111110110
10011111001101001000011111111110011101111011011111111101111111111110110110011000111111110110010010111000111110111110111111110110
10011111001101001010011111111110111101111011011111111101111111111110110110011100111111110110010010111000111110111110111111110110
10011111001101001010011111111110111101111011011111111101111111111110110110011100111111110110010010111000111110111110111111110110
10011111001101001010011111111110111101111011011111111101111111111110110110011100111111110110010010111100111110111110111111110110
10011111001101001010011111111110111101111011011111111101111111111110110110011100111111110110010010111100111110111110111111110110
10011111001101001010011111111110111101111011011111111101111111111110110010011100111111110110010010111100111110111110111111110110
10011111001101001011011111111110111101111011011111111101111111111110110010011100111111110110010010111100111110111110111111110110
10011111001101001011011111111110111101111011011111111101111111111110110010011100111111110110010010111100111110111110111111110110
10011111001101001011011111111110111101111011011111111101111111111110110010011100111111110110110010111100111110111110111111110110
10011111001101001011011111111110111101111011011111111101111111111110110010011100111111110010110010111101111110111110111111110110
10011101001101001011011111111110111101111011011111111101111111111110110010011100111111110010110010111101111100111110111111110110
10011101001101001011011111111110111101111011011111111101111111111110110010011100111111110010110010111101111100111110111111110110
10011101001101001011011111111110111101111011011111111101111111111110110010011100111111110010110010111101111100111100111111110110
10011101001101001011011111111110111101111011011111111101111111111110110010011100111111110010110010111101111100111100111111110110
10011101001101001011011111111110111101111011011111111101111111111110110010011101111111110010110010111101111100111100111111110110
10011100001101001011011111111110111101111011011111111101111111111110110010111101111111110010110010111101111100111100111111110110
10011100001100001011011111111110111101111011011111111101111111111110110010111101111111110010110010111101111100111100111111110110
10011100001100001011011111111110111101111011011111111101111111111110110010111101111111110010110010111101111100111100111111110110
10011100001100001011011111111110111101111011011111111101111111111110110010111101111111110010110000111001111100111100111111110100
10011100011100001011011111111110111101111011011111111101111111111110110010111101111111110010110000111001111100111100111111110100
10011100011100011011011111111100111101111010011111111101111111111110110000111101111111110000110000111001111100111100111111110100
10011100011100011011011111111100111101111010011111111101111111111110110000111001111111110000110000111001111000110000111111110100
10011100011100011011011111111100111101111010011111111111111111111110110000111001111111110000110000111001111000110000111111110100
10011100011100011111011111111100111101111000011111111111111111111000111000111001111111110000110000111001111000110000111111110000
10011100011100011111011111111100111101111000011111111111111111111000111000111001111111110000110000111001111000110000111111110000
10011100011100011111011111111100111101111000011111111111111111111000111000111001111111110000110000111001111000110000111111110000
10011100011100011111011111111100111101111000011111111111111111111000111000111001111111110000110000111001111000110000111111110000
10011100011100011111011111111101111101111000011111111111111111111000111000111001111111110000110000111001111001110000111111110000
10011100011100011111011111111101111101111000011111111111111111111000111000111001111111110000110000111001111001110000111111110000
10011100011100011111011111111101111101111000011111111111111111111000111000111001111111110000110000111001111001110000111111110000
10011100011100011111011111111101111101111100111111111111111111111000111000111001111111111000110000111011111001110000111111110001
10011110011100011111011111111101111111111100111111111111111111111000111000111001111111111000110000111011111001110001111111110001
10011110011100011111011111111101111111111100111111111111111111111000111000111001111111111000110000111011111001110001111111110001
10011110011100011111111111111101111111111100111111111111111111111000111000111001111111111000111000111011111001110001111111110001
10011110011100111111111111111111111111111100111111111111111111111000111000111001111111111000111000111011111001110001111111110001
10011110011100111111111111111111111111111100111111111111111111111000111000111001111111111000111000111011111001110001111111110001
10111110111100111111111111111111111111111100111111111111111111111001111000111011111111111000111000111011111001110001111111110001
10111110111100111111111111111111111111111100111111111111111111111001111000111011111111111000111000111011111001110001111111110001
11111110111101111111111111111111111111111100111111111111111111111001111000111011111111111000111000111011111011110001111111110001
11111111111111111111111111111111111111111100111111111111111111111001111000111011111111111000111000111011111011110001111111111001
11111111111111111111111111111111111111111100111111111111111111111001111000111011111111111000111000111011111011110001111111111001
11111111111111111111111111111111111111111111111111111111111111111001111000111111111111111001111001111011111011110001111111111001
11111111111111111111111111111111111111111111111111111111111111111111111001111111111111111001111001111111111011111001111111111001
11111111111111111111111111111111111111111111111111111111111111111111111001111111111111111001111001111111111011111001111111111001
11111111111111111111111111111111111111111111111111111111111111111111111101111111111111111101111101111111111111111011111111111011
11111111111111111111111111111111111111111111111111111111111111111111111101111111111111111101111101111111111111111011111111111011