11101111111111111101111111111111111111111111111111111111011111111111111111111110111111101111111111110100111110111111111111110011
11101111111111111101111111111111111111111111111111111111011111111111111111111110111111101111111111110100111110111111111111110011
11101111100001111001111111111111000011111111111000011110001111110111111111111100111111101111111011110000111110011111111111110011
11101111100001111001111111111111000011111111111000011110001111110111111111111100111111101111111011110000111110011111111111110011
11000111100000111000111111111110000011111111111000011110001111000011111111111100011111101111111011110000111110011111111111110001
11000111100000111000111111111110000011111111111000011110001111000011111111111100011111101111110011110000111100001111111111110001
11000111100000111000111111111110000011111111111000011110001111000011111111111100011111101111110011110000111100001111111111110001
11000111000000111000111111111110000011111111111000011110001111000001111111111100011111101111110011110000111100001111111111100001
11000111000000111000111111111110000011111111110000011110001111000001111111111000011111101111110011110000111100001111111111100001
11000111000000111000111111111110000011111111110000011110001111000001111111111000011111101111110011110000111100001111111111100001
11000111000000111000111111111110000011111111110000011110001111000001111111111000011111101111110011110000011100001111111111100001
11000111100000111000111111111110000011111111110000011110001111000011111111111000011111101111110011110000011100001111111111100001
10000111100000111000111111111110000011111111110000011110001111000011111111111000011111101111110011110000011100001111111111100001
10000111100000111000011111111110000011111111110000011100000111000011111111111000011111101111110011110000011100001111111111100001
10000111100000111000011111111110000011111111111000011100000111000011111111111000011111001111110011110000011100001111111111100001
10000011100000111000011111111110000011111111111000011100000111000011111111111000011111001111110011110000011100001111111111100000
10000011110001111000011111111110000011111111111000011100100111000011111111111000011111001111100011110000011100001111111111100000
10010011111101111010011111111110111011111111111000011100100111000011111111111001011111001111100011110000011100001111111111100000
10010011111101111010011111111110111011111111111000011100100111000011111111111001001111001111100011110000011100001111111111100000
10010011111101111011011111111111111011111111111110011100100111010011111111111011001111001111100011110000111100001111111111100000
10010011111101111011011111111111111011111111111110011101100111110011111111111011001111001111100011111100111101001111111111101100
10010011111101111011011111111111111011111111111110011101100111110011111111111011001111001111100011111100111101000111111111101100
10010011111101111011011111111111111011111111111110011101100111110011111111111011001111001111100011111100111101100111111111101100
10010011111101110011011111111111111011111111111110011101100111110011111111111011001111001111100011111100111101100111111111101100
10110011111101110011011111111111111011111111111110011101110111110011111111111011001111011111100011111100111001100111111111111100
10111011111101110011011111111111111011111111111110011101110111110011111111111011001111011111100011111100111001100111111111111100
10111011111101110011011111111111111011111111111110011101110111110011111111111011001111011111100011111100111001100111111111111100
10111011111101110011011111111111111011111111111110011101110111110011111111111111001111011111100011111100111101100111111111111100
10111011111101110011011111111111111011111111111110111101110111110011111111111111001111011111100011111100111101100111111111111100
10111011111101110011011111111111111011111111111110111101110111110011111111111111001111011111100011111100111001100111111111111100
10111011111101110011011111111111111011111111111110111101110111110011111111111111001111011111100011111100111001100111111111111100
10111011111101110011011111111111110011111111111110111101110111110011111111111111001111011111100011111100111001100111111111111100
10111011111101110011011111111111110011111111111110111101110111110111111111111111001111011111100011111100111001100111111111111100
10111011111101110011011111111111110011111111111110111101110111110111111111111111001111011111100011111100111001100111111111111100
10111011111001110011011111111111110011111111111100111101110111110111111111111111001111011111100011111100111001100111111111111100
10111011111001110011011111111111110011111111111100111101110111110111111111111111001111011111100011111101111001100111111111111100
10111011111001111010011111111111110011111111111100111101110111110111111111111111001111011111100011111101111001100111111111111100
10111011111001111010011111111111110011111111111100111101110111110111111111111111001111011111100011111101111001100111111111111100
10111011111001111010011111111111110011111111111100111101110111110111111111111111001111011111100011111101111001100111111111111100
10111011111001111010011111111111110011111111111100111101110111110111111111111111001111011111100011111101111001100111111111111100
10111011111001111010011111111111110111111111111100111101110111100111111111111111001111011111100011111101111001100111111111111100
10111011111001111010011111111111110111111111111100111101110111100111111111111111001111011111100011111101111001100111111111111100
10111011111001111010011111111111110111111111111100111101110111100111111111111111001111011111100011111001111001100111111111111100
10111011111011111010111111111111110111111111111100111101110111100111111111111111001111011111110011111001111001100111111111111100
10111011111011111010111111111111110111111111111100111101110111100111111111111111001111011111110011111001111001100111111111111100
10111011111011111000111111111111110111111111111100111101110111100111111111111111001110011111110011111001111001100111111111111100
10111011111011111000111111111111110111111111111100111101110111100111111111111111001110011111110011111001111001100111111111111100
10111011111011111000111111111111110111111111111100111101110111100111111111111111001110011111110011111001111001100111111111111000
10111011111011111000111111111111110111111111111100111101110111100111111111111111001110011111111011111001111001100111111111111000
10111011111011111000111111111111110111111111111100111101110111100111111111111111001110011111111011111001111001100111111111111001
10111011111011111000111111111111110111111111111100111101110111100111111111111111001110011111111011111001111001100111100111111001
10111011111011111000111111111111110111111111111100111101110111100111111111111111011110011111111011111001111101100111100111111001
10111011111011111000111100001111100111100111111100111101110111100111111111111111011110011111111011111001111101100111000111111001
10111011111011111000111100000111100111100000111100111101110111100111110000111111011110011111111011111000111001100111000011111001
10111011111011111000111100000111100111100000111100111101110111100111110000111111011110011111111011111000111001100111000011111001
10111011111011111000111100000111100111100000111100111101110111100011110000111110011110010111111011111000111001100110000011111001
10110011110011111000111100000111100111100000111100111101110111100011100000111110011110010111111011111000111101100110000011111001
10110011110011111000111100000111100111100000111100111101110111100011100000111110011110010111111011111000111101100110000011111001
10010011110011111000111100000111100111100000111100011101110111100011100000111110011110010111111011111000111101100110000011111001
10010011110011111000111100000111101111100000111100011101110111100011100000111110011110110111111011111000111101100110000011111001
10010011110011111000111100000111101111100000111100011101110111100011100000111110011110110111111011111000111100100110000011111001
10010011110011111000111100000111101111100000111100011101110111100011100000111110011110110111111011111000011100100110000011111001
10010011110011111000111100000111101111100000111110011101110111110011100000111110011110110111111011111000011100100110000011111001
10000011110011111000111100000111101111100000111110011101110111110011100000111110011110110111111011111000011100000110000011111001
10000011110111111000011100000111101111100000111110011101110111110011100000111110011110110111111011111000011100000110000011110001
10000011110111111000011100000111101111100000111110011101110111110011100000111110011110110111111011111100011100001110000011110001
10000011110111111000011100000111101111100000111110011101110111110011100000111110011110110111111011111100011100001110000011110001
11000011110111111000011100000111101111100000111111011101110111111011110000111110111110110111111011111100011100001110000011110011
11000011110111111010011100001111101111100000111111011101110111111011110000111100111110110111111011111110011100001110000011110011
11000011110111110010011100001111101111100000111111011101110111111011110000111100111110110111111011111110011100001110000011110011
11000011110111110010011110001111101111100000111111011101110111111011110000111100111110110111111011111110011100001110000011110011
11000011110111110010011110001111101111100000111111011101110111111011110000111100111110110111111011111110011100001110000011110011
11000011110111110010011111011111101111100001111111011101110111111001110000111100111110110111111011111110011100001110000011110011
11000111110111110010011111111111101111110111111111011101110111111001111110111100111110110111111011111110011110001111001111110011
11000111110111110010011111111111101111110111111111011101110111111001111110111100111110110111111011111110011110001111001111110011
11000111110111110010011111111111101111111111111111011101110111111001111111111100111110110111111011111110011110001111111111110011
11100111110111110010011111111111101111111111111111011101110111111001111111111100111110110111111011111110011110001111111111110011
11100111110111110010011111111111101111111111111111011101110111111001111111111100111110100111111011111110011110001111111111110011
11100111110111110111011111111111101111111111111111011101110111111001111111111101111110100111111011111110011110001111111111110011
11100111110111110111011111111111101111111111111111011101110111111001111111111101111110000111111011111110011110001111111111110011
11110111110111110111011111111111101111111111111111011101110111111001111111111101111110000111111011111110011111001111111111100111
11110111110111110111011111111111101111111111111111011101110111111001111111111101111110000111111011111110011111001111111111100111
11110111110111110111011111111111101111111111111111011101110111111001111111111101111110000011111011111110011111001111111111100111
11110111110111110111011111111111101111111111111111011101110111111001111111111101111110000011111011111110011111001111111111100111
11110111110111110111011111111111101111111111111111011101110111111001111111111001111110000011111011111110011111001111111111100111
11110111110111110111011111111111101111111111111111011101110111111001111111111001111110000011111011111110011111001111111111100111
11110111110111110111011111111111101111111111111111011101110111111001111111111001111110000011111011111110011111001111111111100111
11110111110111110111011111111111001111111111111111011101110111111001111111111001111110000011111011111110011111001111111111100111
11110111110111110111011111111111001111111111111111011101110111111001111111111001111110000011111011111110011111001111111111100111
11110111110111110111011111111111001111111111111111011101110111111001111111111001111110000011111011111110011111001111111111100111
11110111110111110111011111111111001111111111111111011101110111111001111111111001111110000011111011111110011111001111111111100111
11110111110111110111011111111111001111111111111111011101110111111001111111111001111110000011111011111110011111001111111111100111
11100111110111110111011111111111001111111111111111011101110111111001111111111001111110000011111011111110011111001111111111100111
11100111110111110111011111111111001111111111111111011101110111111001111111111001111110000011111011111110011111001111111111100111
11100111110111110111011111111111001111111111111111011101110111111001111111111011111110000011111011111110011111001111111111100111
11100111110111110111011111111111001111111111111111011101110111111001111111111011111110000011111011111110011111001111111111100111
11100111110111110111011111111111001111111111111111011101110111111001111111111011111110000011111011111110011111001111111111100111
11101111110111110111011111111111011111111111111111011101110111111001111111111011111110000011111011111110011111011111111111100111
11101111110111110111011111111111011111111111111111011101110111111001111111111011111110000011111011111110011111011111111111100111
11101111110111110111011111111111011111111111111111011101110111111011111111111011111111100111111011111110011111011111111111100111
11101111110111110111011111111111011111111111111111011101110111111011111111111011111111110111111011111110011111011111111111100111
11101111110111110111011111111111011111111111111111011101110111111011111111111011111111110111111011111110011110011111111111100111
11101111110111110111011111111111011111111111111111011101110111111011111111111011111111110111111011111110011110011111111111100111
11101111110111110111011111111111011111111111111111011101110111111011111111111011111111110111111011111110011110011111111111100111
11001111110111110110011111111111011111111111111110011101110111111011111111111011111111110111111011111110011110011111111111100111
11001111110111110110011111111111011111111111111110011101110111111011111111111011111111110111111011111110011110011111111111100111
11001111110111110110011111111111011111111111111010011101110111011011111111111001111111110111111011110100011110011111111111100011
11001111110111110110011111111111011111111111111010011101110111011011111111111001111111110111111011110100011110011111111111100011
11001111110111110010011111111111011111111111111000011101110111010011111111111000001111110111111011110000111110011111111111100000
11001111110111110000011111111111011111111111111000011100000111000011111111111000001111110111111011110000111110011111111111100000
11001111110111110000011111111111011111111111111000011100000111000011111111111000001111110111111011110000111110011111111111100000
11001111110111110000011111111111011111111111111000011100000111000011111111111000001111110111111011110000111110011111111111100000
11001111110111110000011111111111011111111111111000011110000111000011111111111000001111110111111011110000111110011111111111100000
11001111110111110000011111111111011111111111111000011110000111000011111111111000001111110111111011110000111110011111111111100000
11001111110111110000011111111111011111111111111000011110000111000011111111111000001111110111111011110000111110011111111111100000
11011111110111111000111111111111011111111111111000111110000111000011111111111000001111110111111011110000111110011111111111100000
11011111110111111000111111111111011111111111111000111110001111000011111111111000001111110111111011110000111100111111111111100000
11011111110111111000111111111111011111111111111000111110001111000011111111111000001111110111111011110000111100111111111111100000
11011111110111111000111111111111011111111111111000111110001111000011111111111000001111110111111011110000111100111111111111100000
11011111110111111000111111111111011111111111111000111110001111000011111111111000001111110111111011110000111100111111111111100000
11011111111111111000111111111111011111111111111000111110001111000111111111111000001111110111111011110000111100111111111111100000
11011111111111111000111111111111011111111111111000111110001111000111111111111000001111110111111011110000111110111111111111100000
11011111111111111000111111111111011111111111111000111110001111000111111111111000001111110111111011110000111110111111111111100000
11011111111111111100111111111111011111111111111000111111001111000111111111111110011111110111111011110001111110111111111111110001
11011111111111111100111111111111011111111111111001111111001111101111111111111111111111110111111011110001111110111111111111111001
11011111111111111100111111111111011111111111111001111111001111101111111111111111111111110111111011110001111110111111111111111001
11111111111111111111111111111111111111111111111111111111111111111111111111111111111111111111111111111011111111111111111111111111
11111111111111111111111111111111111111111111111111111111111111111111111111111111111111111111111111111011111111111111111111111111