11111111111111111111111111111111111111111111111111111111111111111111111111111111111111111111111111111111111111111111111111111111
11111111111111111111111111111111111111111111111111111111111111111111111111111111111111111111111111111111111111111111111111111111
11111111111111111111111111111111111111111111111111111111111111111111111111111111111111111111111111111111111111111111111111111111
11111111111111111111111111111111111111111111111111111111111111111111111111111111111111111111111111111111111111111111111111111111
11111111111111111111111111111111111111111111111111111111111111111111111111111111111111111111111111111111111111111111111111111111
11111111111111111111111111111111111111111111111111111111111111111111111111111111111111111111111111111111111111111111111111111111
11111111111111111111111111111111111111111111111111111111111111111111111111111111111111111111111111111111111111111111111111111111
11111111111111111111111111111111111111111111111111111111111111111111111111111111111111111111111111111111111111111111111111111111
11111111111111111111111111111111111111111111111111111111111111111111111111111111111111111111111111111111111111111111111111111111
11111111111111111111111111111111111111111111111111111111111111111111111111111111111111111111111111111111111111111111111111111111
11111111111111111111111111111111111111111111111111111111111111111111111111111111111111111111111111111111111111111111111111111111
11111111111111111111111111111111111111111111111111111111111111111111111111111111111111111111111111111111111111111111111111111111
11111111111111111111111111111111111111111111111111111111111111111111111111111111111111111111111111111111111111111111111111111111
11111111111111111111111111111111111111111111111111111111111111111111111111111111111111111111111111111111111111111111111111111111
11111111111111111111111111111111111111111111111111111111111111111111111111111111111111111111111111111111111111111111111111111111
11111111111111111111111111111111111111111111111111111111111111111111111111111111111111111111111111111111111111111111111111111111
11111111111111111111111111111111111111111111111111111111111111111111111111111111111111111111111111111111111111111111111111111111
11111111111111111111111111111111111111111111111111111111111111111111111111111111111111111111111111111111111111111111111111111111
11111111111111111111111111111111111111111111111111111111111111111111111111111111111111111111111111111111111111111111111111111111
11111111111111111111111111111111111111111111111111111111111111111111111111111111111111111111111111111111111111111111111111111111
11111111111111111111111111111111111111111111111111111111111111111111111111111111111111111111111111111111111111111111111111111111
11111111111111111111111111111111111111111111111111111111111111111111111111111111111111111111111111111111111111111111111111111111
11111111111111111111111111111111111111111111111111111111111111111111111111111111111111111111111111111111111111111111111111111111
11111111111111111111111111111111111111111111111111111111111111111111111111111111111111111111111111111111111111111111111111111111
11111111111111111111111111111111111111111111111111111111111111111111111111111111111111111111111111111111111111111111111111111111
11111111111111111111111111111111111111111111111111111111111111111111111111111111111111111111111111111111111111111111111111111111
11111111111111111111111111111111111111111111111111111111111111111111111111111111111111111111111111111111111111111111111111111111
11111111111111111111111111111111111111111111111111111111111111111111111111111111111111111111111111111111111111111111111111111111
11111111111111111111111111111111111111111111111111111111111111111111111111111111111111111111111111111111111111111111111111111111
11111111111111111111111111111111111111111111111111111111111111111111111111111111111111111111111111111111111111111111111111111111
11111111111111111111111111111111111111111111111111111111111111111111111111111111111111111111111111111111111111111111111111111111
11111111111111111111111111111111111111111111111111111111111111111111111111111111111111111111111111111111111111111111111111111111
11111111111111111111111111111111111111111111111111111111111111111111111111111111111111111111111111111111111111111111111111111111
11111111111111111111111111111111111111111111111111111111111111111111111111111111111111111111111111111111111111111111111111111111
11111111111111111111111111111111111111111111111111111111111111111111111111111111111111111111111111111111111111111111111111111111
11111111111111111111111111111111111111111111111111111111111111111111111111111111111111111111111111111111111111111111111111111111
11111111111111111111111111111111111111111111111111111111111111111111111111111111111111111111111111111111111111111111111111111111
11111111111111111111111111111111111111111111111111111111111111111111111111111111111111111111111111111111111111111111111111111111
11111111111111111111111111111111111111111111111111111111111111111111111111111111111111111111111111111111111111111111111111111111
11111111111111111111111111111111111111111111111111111111111111111111111111111111111111111111111111111111111111111111111111111111
11111111111111111111111111111111111111111111111111111111111111111111111111111111111111111111111111111111111111111111111111111111
11111111111111111111111111111111111111111111111111111111111111111111111111111111111111111111111111111111111111111111111111111111
11111111111111111111111111111111111111111111111111111111111111111111111111111111111111111111111111111111111111111111111111111111
11111111111111111111111111111111111111111111111111111111111111111111111111111111111111111111111111111111111111111111111111111111
11111111111111111111111111111111111111111111111111111111111111111111111111111111111111111111111111111111111111111111111111111111
11111111111111111111111111111111111111111111111111111111111111111111111111111111111111111111111111111111111111111111111111111111
11111111111111111111111111111111111111111111111111111111111111111111111111111111111111111111111111111111111111111111111111111111
11111111111111111111111111111111111111111111111111111111111111111111111111111111111111111111111111111111111111111111111111111111
11111111111111111111111111111111111111111111111111111111111111111111111111111111111111111111111111111111111111111111111111111111
11111111111111111111111111111111111111111111111111111111111111111111111111111111111111111111111111111111111111111111111111111111
11111111111111111111111111111111111111111111111111111111111111111111111111111111111111111111111111111111111111111111111111111111
11111111111111111111111111111111111111111111111111111111111111111111111111111111111110111111111111111111111111111111111111111111
11011111111011111111111111111111111111111111111111111110111111111111111111111111111100111111011111100111111111111111111111111111
11011111110011111001111111111111001111111111111011111110111111001111111111111111111100111111011111100011111111111111111111111111
11001111100011111001111111111111000111111111111001111110111111001111111111111111111100111111011111100011111111111111111111111111
11001111100011111001111111111111000111111111111001111100011111001111111111111111111100111111011111100011111111111111111111111111
11001111100011111001111111111111000111111111111001111100011111001111111111111111111100111110011111100011111111111111111111111111
11001111110011111001111111111111000111111111111001111100011111001111111111111111111100111110001111100011111111111111111111011111
10001111110011111001111111111111000111111111111001111100011111001111110111111111111100111110001111100011111111111111111111011111
10001111110011111001111111111111000111111111111001111100011111001111110111111111111100111110001111100011111111111111111111011111
10001111111011111001111111111111100111111111111011111100011111001111110111111111111100111110001111100011111011111111111111011111
10000111111011110001111111111111100111111111111011111101011111001111110111111111111100111110001111110011111011111111111111011111
10100111111011110001111111111111100111111111111111111111011110001111110111111111111100111110101111111011111011111111111111011111
10110111111011110001111111111111110111111111111111111111111110111111111111111111111101111110111111111011111011111111111111011111
10110111111011110000111111111111110111111111111111111111111110111111111111111111111111111110111111111011111011111111111111011111
10110111111011110110111111111111110111111111111111111111111110111111111111111111111111111110111111111011111011111111111111011111
11110111111011110110111111111111110111111111111111111111111110111111111111111111111111111110111111111011111111111111111111111111
11110111111011110110111111111111110111111111110111111111111110111111111111111111111111111111111111111011111111111111111111111111
11110111111011110110111111111111111111111111110111111011111110111111111111111111111111111111111111111011111111111111111110111111
11110111111111110110111111111111111111111111110111111011111110111111111111111111111111111111111111111011111111111111111110111111
11110111111111110111111111111111111111111111110111111011111110111111101111111111111111111110111111111111111111111111111110111111
11110111111011110111111111111111111111111111110111111011111110111111101111111111111111111110111111111111111111111111111110111111
11111111111011110111111111111111111111111111110111111011111110111111101111111111111111111110111111111111110111111111111110111111
11111111111011110111111111111111111111111111110111111011111110111111101111111111111111111110111111111111110111111111111110111111
11111111111011110001111111111111111111111111111111111011111110111111101111111111111101111110111111111111110111111111111110111111
11111111111111111001111111111111111111111111111111111011111111111111101111111111111101111110101111111111110111111111111110111111
11111111111111111001111111111111111111111111111011111011111111001111101111111111111101111110001111111111110011111111111110011111
11111111111111111001111111111111101111111111111011111011111111001111100111111111111101111110001111111111110011111111111110011111
11110111111111111001111111111111101111111111111011111011111111001111100111111111111101111110001111111111110011111111111110011111
11110111111111111001111111111111101111111111111011111011111111001111100111111111111100111110001111110111110011111111111110011111
11110111111111111001111111111111101111111111111011111011111111001111100111111111111100111110001111110111110011111111111110011111
11110111111111111001111111111111101111111111111011111011111111001111100111111111111100111110001111110111110011111100111110011111
11110111111111111001111111111111101111111111111001111011111111001111100111111111111100111110001111111111110001111100111110011111
11110111111111111001111110111111111111110111111001111011111111001111100111111001111100111110001111111111110001111000111110001111
10110111110111111001111100111111111111100011111001111011111111001111100011111001111100111110001111111111110001111000111100001111
10110111110111111001111100011111111111100011111001111011111111001111100011110001111100111110001111111111110001111000011100001111
10110111110111111001111100011111111111100011111101111011111111001111100011110001111110111110001111111111110001111000011100001111
10110111110111111001111100011111111111100011111101111011111111001111000011110001111110111110001111111111110001111000011100001111
10000111110111111001111100011111111111100011111101111111111111001111000011110001111111011110001111111111110001111000011100001111
10000111110111111001111100011111111111100011111101111111111111001111000011110001111111011110001111111111110101111000011100001111
10000111111111111001111100011111111111100011111111111111111111001111001011110001111111011110001111111111110111111000011100001111
10000111111111111001111100011111111111100011111111111111111111001111011011110001111111011110001111111111111111111000011100101111
11000111111111110001111100011111111111100011111111111111111110001111011011110001111111011110001111111111111111111000011101101111
11000111111111110000111100011111111111100011111111111111111110001111011111111001111111011110001111111111111110111000111101101111
11001111111111110000111110011111111111110011111111111111111110111111011111111001111111011110111111111111111110111100111101101111
11001111111111110110111111111111011111111111111111111011111110110111011111111111111111011110111111111111111110111100111101111111
11001111111111110110111111111111011111111111111110111011111110110111011111111111111111011110111111111111111110111111111101111111
11001111111111110110111111111111011111111111111110111011111110110111011111111111111111011110111111111111111110111111111101111111
11001111111111110110111111111111011111111111111110111011111110110111011111111111111111011111111111111111111110111111111101111111
11001111111111110110111111111111011111111111111110111011111110110111011111111111111111011111111111111111111110111111111101111111
11101111111111111110111111111111111111111111111110111011111111110111011111111111111111011111111111111111111110111111111101111111
11101111111111111110111111111111111111111111111110111011111111110111011111111111111111011111111111111111111110111111111101110111
11101111111111111110111111111111111111111111111110111011111111110111011111111111111111011111111111111111111110111111111101110111
11101111111111111110111111111111111111111111111110111011111111110111011111111111111111011111111111111111111110111111111101110111
11101111111111111110111111111111111111111111111110111011111111110111011111111111111111011111111111111111111110111111111101110111
11101111111111111111111111111111111111111111111111111011111111110111011111111111111111011111111111111111111110111111111101110111
11101111111111111111111111111111111111111111111111111011111111110111011111111111111111011111111111111111111110111111111101110111
11101111111111111111111111111111111111111111111111111011111111110111011111111111111111011111111111111111111110111111111101110111
11101111111111111111111111111111111111111111111111111011111111110111011111111111111111011111111111111111111110111111111101110111
11101111111111111111111111111111111111111111111111111011111111110111011111111111111111011111111111111111111111111111111101111111
11111111111111110110111111111111111111111111111111111111111111110111011111111111111111011111111111111111111111111111111101111111
11111111111111110110111111111111111111111111111111111111111111110111011111111111111111011111111111111111111111111111111101111111
11111111111111110110111111111111111111111111111111111111111111110111011111111111111111011111111111111111111111111111111101101111
11111111101111110110111111111111111111111111111101111111111110110111111011111111111111011110111111111111111111111111111101101111
11111111101111110110111111111111111111111111111101111111111110110111111011111111111110111110111111111111111111111111111100101111
11111111111111110110111111111111111111111111111101111111011110110111101011111111111110111110111111111111111111111111111110101111
11111111111111110010111111111111111111111111111101111101011110110111100011111111111110111110111111111111111111111111111110001111
11111111111111110000111111111111111111111111111101111101011110000111100011111111111110111110111111111111111111111111111110001111
11111111111111110000111111111111111111111111111101111100011110000111100011111111111100111110111111111111111111111111111110001111
11111111111111110000111111111111111111111111111101111100011110001111100011111111111100111110111111111111111111111111111110001111
11011111111111110001111111111111111111111111111111111100011111001111100011111111111100111110011111111111111111111111111110001111
11011111111111111001111111111111111111111111111011111100011111001111100011111111111100111110011111111111111011111111111110001111
11111111111111111001111111111111111111111111111011111100011111001111100111111111111100111110111111111111111011111111111110001111
11111111111111111001111111111111111111111111111011111100011111001111110111111111111101111111111111111111111111111111111110001111
11111111111111111001111111111111111111111111111011111110111111001111110111111111111101111111111111111111111111111111111110011111
11111111111111111001111111111111111111111111111011111110111111001111110111111111111101111111111111111111111111111111111111011111
11111111111111111001111111111111111111111111111111111110111111011111110111111111111111111111111111111111111111111111111111011111
11111111111111111111111111111111111111111111111111111111111111111111111111111111111111111111111111111111111111111111111111011111