11001111100011111001111111111111100111111111111000111111011111100111111011111111111111011111000011111001111100011111111111100011
11001111100011111001111111111111100111111111111000111111011111100111111011111111111111011111000011111001111100011111111111100011
11001111100011111001111111111111000111111111111000111111011111000111111011111111111111011111000011111001111100011111111111100001
11001111100011111001111111111111000111111111111000111111011111000111111011111111111111011111000011111001111100011111111111100001
10001111100001111001111111111111000111111111111000111110011111000111111011111111111111011111000011111001111100011111111111100001
10001111100001110000111111111111000111111111111000111110011111000111111011111111111111001111000011111001111100011111111111100001
10001111100001110000111111111111100111111111111000111110011111000111111011111111111111001111000011111001111100011111111111100001
10000111110001110000111111111111100111111111111000111110011111000111111011111111111111001111011011111001111000011111111111101001
10000111110001110000111111111111100111111111111000111110011111000011111011111111111110001111011011111001111000011111111111001001
10000111110001110000111111111111110111111111111001111110011111000011111011111111111110001111011011111001111000111111111111001001
10000111110001110000111111111111110111111111111001111110011111000011111011111111111110001111011011110001111000111111111111001001
10100111111001110100111111111111110111111111111011111110011111010011111011111111111110001111111011110001111001111111111111001001
10110111111001110110111111111111110111111111111011111110011111010011111011111111111110001111111011110001111001111111111111001001
10110111111001110110111111111111110111111111111011111110011111010011110011111111111110001111111011110001111001111111111111001001
10110111111001110110111111111111110111111111111011111110011111010011110111111111111110001111111011110001111001111111111111001101
10110111111001110110111111111111110111111111111011111110011111010011110111111111111110001111111011110001111001111111111111011101
10110111111001110110111111111111110111111111111011111110011111010011110111111111111110001111111011110001111001111111111111011101
10110111111001110110111111111111110111111111111011111110011111011011110111111111111110001111111011110001111001111111111111011101
10110111111011110110111111111111110111111111111011111110011111011011110111111111111110001111111011110001111001111111111111011101
10110111111011110110111111111111110111111111111011111110011111011011110111111111111110001111111011110001111001111111111111011101
10110111111011110110111111111111110111111111111011111110011111011011110111111111111110001111111011110001111001111111111111011101
00110111111011110110111111111111110111111111111011111100011111011011110111111111111110001111111011110001111001111111111111011101
00110111111011110110111111111111110111111111111011111100011111011011110111111111111110001111111011110001111001111111111111011101
01110111111011110110111111111111110111111111111011111100011111011011110111111111111110001111111011110001111001111111111111011101
01110111111011110110111111111111110111111111111011111100011111011011110111111111111110001111111011110001111001111111111111011101
01110111111011110110111111111111110111111111111011111110011111011011110111111111111111001111111011110101111001111111111111011101
01110111111011110110111111111111110111111111111011111110011111011011110111111111111111001111111011110101111001111111111111011101
01110111111011110110111111111111110111111111111011111110011111011011110111111111111111001111111011110101111001111111111111011101
01110111111011110110111111111111110111111111111011111110011111011011110111111111111111001111111011111101111001111111111111011101
01110111111011110110111111111111110111111111111011111110011111010011110111111111111111001111111011111101111001111111111111011101
01110111111011110110111111111111110111111111111011111111011111010011110111111111111111001111111011111101111001111111111111011101
01110111111011110110111111111111110111111111111011111111011111010011110111111111111111001111111011111101111001111111111111011101
01110111111011110110111111111111110111111111111011111111011111010011110111111111111111001111111011111101111001111111111111011101
01110111111011110110111111111111110111111111111011111111011111010011110111111111111111001111111011111101111001111111111111011101
01110111111011110110111111111111110111111111111011111111011111010111110111111111111111001111111011111101111000111111111111011101
01110111111011110110111111111111110111111111111011111111011111000111110111111111111111001111111011111101111000111111111111011101
01110111111011110110111111111111110111111111111011111111011111000111110111111111111111001111111011111101111000111111111111011101
01110111111011110110111111111111101111111111111011111111011111000111110111111111111111001111111011111101111000111111111111011101
01110111111011110100111111111111101111111111111001111111011111000111110111111111111111001111111011111101111000111111111111011101
01110111111011110100111111111111101111111111111001111111011111000111110111111111111111001111111011111101111000111111111111011101
01110111111011110000111111111111101111111111111001111111011111000111110111111111111111001111111011111101111000011111111111011101
01110111111011110000111111111111101111111111111001111111011111000111110111111111111111001111111011111101111000011111111111011101
01110111111111110000111111111111101111111111111001111111011111000111110111111111111111001111111011111101111000011111111111011101
01110111111111110000111111111111101111111111111001111111011111000111110111111111111111001111110011111101111000011111000111011101
01110111111111111000111111111111101111111111111001111111011111000111110111111111111111001111110011111101111100011111000111011101
00110111110111111000111111111111101111111111111000111111011111000111110111111111111111001111110011111101111100011110000111011101
00110111110111111000111111111111101111111111111000111111011111000111110111111110011111001111110011111101111100011110000111011101
00110111110111111000111111111111101111111111111000111111011111000111110111111110011111001111110011111101111100011110000111011101
00110111110111111000111111111111101111111111111000111111011111000111110111111000011111001111110011111101111100011110000111011101
10110111110111111000111111011111101111110001111000111111011111000111110111111000011111001111110011111101111100011110000111011101
10110111110111111001111111011111101111110001111100111111011111000111111111111000011111001111110011111101111110011110000111011101
10110111110111111001111100011111101111100001111100111111011111000111111111111000011111001111110011111101111110011110000111011101
10110111110111111001111100011111101111100001111100111111011111000111111111111000011111001111110111111101111110011110000111011101
10110111110111111001111100011111101111100001111110111111011111000111111111111000011111001111110111111101111111011110000111011101
10110111110111111001111100011111101111100001111110111111011111000111101111111000011111001111110111111101111111011110000111011101
10110111110111111001111100011111101111100001111110111111011111000111101111111000011111001111110111111101111111011110000111011101
10100111110111111001111100011111101111100001111110111111011111000111101111111000011111001111110111111101111111011110000111011101
10100111110111111000111100001111101111100001111110111111011111000111101101111000011111001111100111111101111111001110000111011101
10100111110111111000111100001111101111100001111110111111011111000111101101111000011111001111100111111101111111001110000111011101
10000111110111110000111100001111101111100001111110111111011111000111101101111000011111001111100111111101111111001110000111011101
10000111110111110000111100011111101111100001111110111111011111000111101101111000011111001111100111111101111111001110000111011101
10000111110111110000111100011111001111100001111110111111011111010111101101111000011111001111100111111101111111001110000111011101
10000111110111110000111100011111001111100001111110111111011111010011101101111000011111001111100111111101111111001110000111011101
10000111110111110000111100011111011111100001111110111111011111010011101101111111111111001111101111111101111111001111000111011101
10000111110111110010111111111111011111111111111110111111011111010011101101111111111111001111101111111101111111001111111111011101
10000111110111110010111111111111011111111111111110111111011111010011101101111111111111001111101111111101111111001111111111011101
11000111110111110110111111111111011111111111111110111111011111011011101101111111111111011111101111111101111111001111111111011101
11000111110111110110111111111111011111111111111110011111011111011011101101111111111111011111101111111101111111001111111111011101
11000111110111110110111111111111011111111111111110011111011111011011101101111111111111011111101111111101111111001111111111011101
11000111111111110110111111111111011111111111111110011111011111011011101101111111111111011111101111111101111111001111111111011101
11000111111111110110111111111111011111111111111110011111011111011011101001111111111111011111101111111101111111001111111111011101
11000111111111110110111111111111011111111111111110011111011111011011101001111111111111011111101111111101111111001111111111011101
11000111111111110110111111111111011111111111111110011111011110011011101001111111111111011111101111111101111111001111111111011101
11000111111111110110111111111111011111111111111110011111011110011011100001111111111111011111001111111101111111001111111111011101
11000111111111110110111111111111011111111111111110011111011110011011100001111111111111011111001111111101111111001111111111011101
11001111111111110110111111111111011111111111111110011111011110011011100001111111111111011111001111111101111111001111111111011101
11001111101111110110111111111111011111111111111110011111011110011011100001111111111111011111001111111101111111001111111111011101
11101111101111110110111111111111011111111111111110011111011110111011100001111111111111011111001111111101111111001111111111011101
11101111101111110110111111111111011111111111111110011111011110111011100001111111111111011111001111111101111111001111111111011101
11101111101111110110111111111111011111111111111110011111011110111011100001111111111111011111011111111101111111001111111111011101
11101111101111110110111111111111011111111111111110011111011110111011100000111111111111011111011111111101111111001111111111011101
11101111101111110110111111111111011111111111111110011111011110111011100000111111111111011111011111111101111111001111111111011101
11101111101111110110111111111111011111111111111110011111011110111011100000111111111111011111011111111101111111001111111111011101
11101111101111110110111111111111011111111111111110111111011110111011100001111111111111011111011111111101111111001111111111011101
11101111101111110110111111111111011111111111111110111111011110111011100001111111111111011111011111111101111111001111111111011101
11101111101111110110111111111111011111111111111110111111011110111011100001111111111111011111011111111101111111001111111111011101
11101111101111110110111111111111011111111111111110111111011110111011101001111111111111011111011111111101111111001111111111011101
11101111101111110110111111111111011111111111111110111111011110111011111001111111111111011111011111111101111111001111111111011101
11101111101111110110111111111111011111111111111110111111011110111011111001111111111111011111011111111101111111011111111111011101
11101111101111110110111111111111011111111111111110111111011110111011111001111111111111011111011111111101111111011111111111011101
11101111101111110110111111111111011111111111111110111111011110111011111001111111111111011111011111111101111111011111111111011101
11101111101111110110111111111111011111111111111110111111011110011011111001111111111111011111011111111101111111011111111111001101
11101111101111110110111111111111011111111111111110111111011110011011111001111111111111011111011111111101111111011111111111001101
11101111101111110110111111111111011111111111111110111111011110011011111101111111111111011111011111111101111111011111111111001101
11101111101111110110111111111111011111111111111110111111011110011011111101111111111111011111011111111101111111011111111111001101
11001111101111110110111111111111011111111111111110111111011110011011111101111111111111011111011111111101111110011111111111001001
11001111101111110110111111111111011111111111111110111111011110011011111101111111111111111111011111111101111110011111111111001001
11011111101111110110111111111111011111111111111110111111011110011011111101111111111111111111011111111101111110011111111111001001
11011111101111110110111111111111011111111111111110111111011110011011111101111111111111111111001111111101111110011111111111101001
11011111101111110110111111111111011111111111111110111111011111011011111101111111111111111111001111111101111110011111111111101001
11011111101111110110111111111111011111111111111110111111011111010011111101111111111111111111001111111101111110011111111111101001
11011111101111110110111111111111011111111111111110111111011111010011111101111111111111111111001111111101111110011111111111101001
11011111101111110110111111111111011111111111111100111111011111010011111101111111111111111111001111111101111100011111111111100001
11011111101111110110111111111111011111111111111100111111011111010011111101111111111111111111001011111101111100011111111111100001
11011111101111110110111111111111011111111111111100111111011111010011111101111111111111111111001011111101111100011111111111100001
11011111101111110110111111111111011111111111111101111111011111000011111101111111111111111111001011111101111100111111111111100001
11011111101111110000111111111111011111111111111101111111011111000011111101111111111111111111000011111101111100111111111111100001
11011111101111110000111111111111011111111111111101111111011111000011111101111111111111111111000011111101111100111111111111100011
11011111101111110000111111111111011111111111111001111111011111000011111101111111111111111111000011111101111100111111111111100011
11011111101111110000111111111111011111111111111001111111011111000111111101111111111111111111000011111101111100111111111111100011
11011111111111110000111111111111111111111111111001111111011111000111111101111111111111111111000011111111111100111111111111100011
11011111111111110000111111111111111111111111111001111111011111000111111101111111111111111111000011111111111100111111111111100011
11111111111111111000111111111111111111111111111001111111111111000111111111111111111111111111100011111111111100111111111111100011
11111111111111111001111111111111111111111111111011111111111111100111111111111111111111111111111011111111111100111111111111100011
11111111111111111001111111111111111111111111111011111111111111100111111111111111111111111111111011111111111100111111111111100011
11111111111111111001111111111111111111111111111111111111111111100111111111111111111111111111111111111111111101111111111111110011
11111111111111111101111111111111111111111111111111111111111111101111111111111111111111111111111111111111111101111111111111110111
11111111111111111101111111111111111111111111111111111111111111101111111111111111111111111111111111111111111101111111111111110111
11111111111111111111111111111111111111111111111111111111111111111111111111111111111111111111111111111111111111111111111111111111
11111111111111111111111111111111111111111111111111111111111111111111111111111111111111111111111111111111111111111111111111111111
11111111111111111111111111111111111111111111111111111111111111111111111111111111111111111111111111111111111111111111111111111111
11111111111111111111111111111111111111111111111111111111111111111111111111111111111111111111111111111111111111111111111111111111
11111111111111111111111111111111111111111111111111111111111111111111111111111111111111111111111111111111111111111111111111111111
11111111111111111111111111111111111111111111111111111111111111111111111111111111111111111111111111111111111111111111111111111111
11111111111111111111111111111111111111111111111111111111111111111111111111111111111111111111111111111111111111111111111111111111
11111111111111111111111111111111111111111111111111111111111111111111111111111111111111111111111111111111111111111111111111111111
11111111111111111111111111111111111111111111111111111111111111111111111111111111111111111111111111111111111111111111111111111111
11111111111111111111111111111111111111111111111111111111111111111111111111111111111111111111111111111111111111111111111111111111