11111111111111111111111111111111001111111111111111111111111111111111111111111111111111111111111111111111111111111111111111111111
11111111111111111111111111111111001111111111111111111111111111111111111111111111111111111111111111111111111111111111111111111111
11111111111111111111111111111111000111111111111111111111011111111111111111111111111111111111111111111111111110111111111111110011
11111111111001111111111111111111000011111111111111111111011111111111111111111111111111111111111111111001111100111111111111100011
11111111111001111111111111111111000011111111111111111111011111111111111111111111111111111111111111111001111100111111111111100011
11101111100001111101111111111111000011111111111111111111011111111111111111111111111111111111111111111001111100011111111111100011
11001111100001111001111111111111000011111111111111111111011111101111111111111111111110011111111011111001111100011111111111100011
11001111100001111001111111111111000011111111111111111111011111101111111111111111111110011111111011111001111100011111111111100011
11001111000001111000111111111111000011111111111001111110001111101111111111111111111110001111110011111001111100011111111111100001
11001111000001111000111111111110000011111111111001111110001111101111111111111111111110001111100011111001111100011111111111100001
11001111000001111000111111111110000011111111111001111110001111101111111111111111111110001111100011111001111100011111111111100001
11001111000001111000111111111110000011111111111000111100001111001111111111111110111110001111100011110000111100011111111111100001
11000111000001111000111111111110000011111111111000111100001111000111111111111100111110001111100011110000111100011111111111000001
11000111100001111000111111111111000011111111111000111100001111000111111111111100111110001111100011110000111100011111111111000001
11000111100001111000111111111111000011111111111000111100101111000111111111111100111110101111100011110000111000011111111111000001
11000111100001111000111111111111000011111111111000111100101111000111111111111100111110101111000011110000111000011111111111000001
11000111110001111000011111111111110011111111111000011101101111000111111111111100111100100111000011110000111000001111111111000001
11000111110001111000011111111111110011111111111010011101101111000111111111111100111100100111001011110000111000001111111111001101
11010111111001111010011111111111110011111111111110011101100111000111111111111100111100100111011011110000111001001111111111001101
10010111111001111010011111111111110011111111111110011101100111000111111111111100111100100111011011110000111001001111111111001101
10010111111001111010011111111111110011111111111110011101100111010111111111111100111100100111011011110000111001001111111111001101
10010111111001111010011111111111110011111111111110011101100111010111111111111100111101100111011011110000111001001111111111001101
10010111111001110010011111111111110011111111111110011101100111010111111111111100111101100111011001110000111001001111111111001101
10010111111001110010011111111111110011111111111110011101100111011111111111111100111101100111011001110100111001001111111111001101
10010011111101110010011111111111110011111111111111011101110111011111111111111100111111110111011001110100111011001111111111001101
10010011111101110010011111111111110011111111111111011101110111011111111111111100111111110111011001110100111011001111111111001101
10010011111101110010011111111111110011111111111111011101110111011111111111111100111111110111011001110110111011001111111111001101
10111011111101110010011111111111110011111111111111011101110111011111111111111100111111110111011001110110111011001111111111001101
10111011111101110010011111111111110011111111111111011101110111011111111111111100111111110111011001110110111011001111111111001101
10111011111101110010011111111111110011111111111111011101110111011111111111111100111111110111011001110110111011001111111111001101
10111011111101110010011111111111110011111111111111011101110111011111111111111000111111110111011001100110111011001111111111001101
10111011111101110010011111111111110011111111111111011101110111011111111111111000111111110110011001100110111011001111111111001101
10111011111101110110011111111111110111111111111111011101110111011111111111111000111111110110011001100110111011001111111111001101
10111011111101110110011111111111110111111111111111011101110111011111111111111000111111110110011001100110111011001111111111001101
10111011111001110110011111111111110111111111111111011101110111011111111111111000111111110110011101100110011011001111111111011101
10111011111001110110011111111111110111111111111111011101110111011111111111111000111111110110011101100110011011001111111111011101
10111011111001110110011111111111110111111111111111011101110111011111111111111100111111110110011101100110011011001111111111011101
10111011111001110110011111111111110111111111111111011101110111011011111111111100111111110110011101100110011011001111111111011101
10111011111001110010011111111111110111111111111111011101110111010011111111111100111111110110011101100110011011001111111111011101
10111011111011110010011111111111110111111111111111011101110111010011111111111100111111110110011101100110011011001111111111011101
10111011111011110010011111111111110111111111111111011101110111010011111111111110111111110110011101100110011011001111111111011101
10111011111011110010011111111111110111111111111111011101110111010011111111111110111111110110011101100110011011001111111111011101
10111011111011110010011111111111110111111111111111011101110111010011111111111110111111110110011101100110011011001111111111011101
10111011111011111010011111111111110111111111111111011101110111010011111111111110111111110110011101100110011011001111111111011101
10111011111011111010011111111111110111111111111111011101110111000011111111111110111111110110011101100110011011001111111111011101
10111011111011111010011111111111110111111111111111011101110111000011111111111110111111110110011101100110011011001111111111011101
10111011111011111010011111111111111111111111111111011101110111000011111111111110111111110111011101100110011011001111111111011101
10111011111011111000011111111111111111111111111111011101110111000011111111111110111111110111011101100110011011001111111111011101
10111011111011111000011101111111101111111111111110011101110111000111111111111110111111110111011101100110011011001111111111011101
10111011111011111000111101111111101111111111111110011101110111000111111111111110111111110111011101100110011011001111111111011101
10111011111011111000111101111111101111111101111110011111110111000111111111111110111111100111011001100110011011001110011111011101
10111011111011111000111101001111101111110001111110011111110111000111111011111110111111100111011001100110011011001110001111011101
10111011111011111000111101001111101111110001111110111111110111000111111011111110111111100111011011100110111011001110001111011101
10110011111011111000111100001111101111100001111110111111110111000111111001111110111111100111011011100100111011001110000111011101
10110011110011111000111100001111101111100001111110111111110111000111100001111110111111100111011011100100111011001110000111011101
10110011110011111000111100001111101111100001111110111111110111000111100001111110111111100111011011100100111011001110000111011101
10110011110011111000111100001111101111100001111110111111110111000111100001111110111111100111011011100100111011001110000111011101
10110011110011111000111100001111101111100001111110111111110111000111100000111110111111100111011011100100111011001110000111011101
10110011110011111000111100001111101111100001111110111111110111000111100000111110111111101111011011100100111011001110000111011101
10110011110011111000111100001111101111100001111110111111110111000111100000111110111111001111011011100000111011001110000111011101
10110011110011111000111100001111101111100001111110111111110111000111100000111110111111001111011011100000111011001110000111011101
10110011110011111000111100001111101111100001111110111111110111000111100000111110111111001111011011110000111011001110000111011101
10010011110011111000111100001111101111100001111100111111110111000011100000111110111111001111011011110000111011001110000111011101
10010011110011111000111100001111101111100001111100111111110111000011100000111110111111001111011011110000111011001110000111011101
10010011110011111000111100001111101111100001111100111111110111000011100000111110111111001111010011110000111011001110000111011101
10010011110111111000111100001111101111100001111100111111110111000011100000111110111111001111010011110000111011001110000111011101
11010011110111111000111100001111101111100001111100111111110111000011100000111110111111001111000011110000111011001110000111011101
11000011110111111000011100001111101111100001111100111111110111000011100000111110111111001111000011110000111011001110000111011101
11000011110111111000011100001111101111100001111100111111110111000011100000111110111111001111000011110000111011001110000111011101
11000011110111111010011100001111101111100001111100111111110111000011100000111110111111011111100011110000111011101110000111011101
11000011110111111010011100001111101111100001111100111111110111000011100000111110111111011111100011110000111011101110000111011101
11000011110111111010011100001111101111110001111101111111110111000011100000111110111111011111100011110000111011101110000111011101
11000011110111111010011100001111111111110001111101111111110111010011111101111110111111011111100011110000111011101110000111011101
11000011110111110010011100001111111111110001111101111101110111010011111101111110111111011111100011110000111011001110000111011101
11000011110111110010011101011111111111111111111101111101110111010011111111111110111111011111100011110000111011001110001111011101
11000011110111110010011111111111111111111111111101111101110111011011111111111110111110011111100011111000111011001111001111011101
11000011110111110010011111111111011111111111111001111101110110011011111111111110111110011111100011111000111011001111001111011101
11000111110111110010011111111111011111111111111001111101110110011011111111111110111110011111100011111000111011001111111111011101
11000111110111110110011111111111011111111111111011111101110110011011111111111110111110011111100011111000111011001111111111011101
11000111110111110110011111111111011111111111111011111101110110011011111111111110111110011111100011111000111011001111111111011101
11100111110111110111011111111111011111111111111011111101110110011011111111111110111110011111100011111000111011001111111111011101
11100111110111110111011111111111011111111111111011111101110110011011111111111110111110111111100011111000111011001111111111011101
11100111110111110111011111111111011111111111111011111101110110011011111111111110111110111111100011111000111011001111111111011101
11100111110111110111011111111111011111111111111011111101110110011011111111111110111110111111100011111000111011001111111111001101
11100111110111110111011111111111011111111111111011111101110110011011111111111110111110111111110011111000111011001111111111001101
11100111110111110111011111111111011111111111111011111101110110011011111111111110111110111111110011111001111011001111111111001101
11100111110111110111011111111111011111111111111011111101110110011011111111111110111110111111110011111001111011001111111111001101
11100111110111110111011111111111011111111111111011111101110110011011111111111110111110111111110011111001111011001111111111001101
11100111110111110111011111111111011111111111111011111101110110011011111111111110111110111111110011111001111011001111111111001101
11100111110111110111011111111111011111111111111011111101110110011011111111111110111110111111110011111001111011001111111111001101
11100111110111110111011111111111011111111111111011111101110110011011111111111110111110111111110011111001111011001111111111001101
11100111110111110111011111111111011111111111111011111101110110011011111111111110111110111111110111111001111011001111111111001101
11100111110111110111011111111111011111111111111011111101110110011011111111111110111110111111110111111001111011001111111111001001
11100111110111110111011111111111011111111111111011111101100110011011111111111110111100111111110111111001111011001111111111001001
11100111110111110111011111111111011111111111110011111101100110011011111111111110111100111111110111111001111011001111111111001001
11100111110111110111011111111111011111111111110011111101100110011011111111111110111100111111110111111001111011001111111111001001
11100111110111110111011111111111011111111111110011111101100110011011111111111110111100111111110111111001111011001111111111001001
11100111110111110111011111111111011111111111110011111101100110011011111111111110111100111111110111111001111011001111111111001001
11100111110111110111011111111111011111111111110011111101100110011011111111111110111100111111110111111001111011001111111111001001
11100111110111110111011111111111011111111111110011111101100110011011111111111110111100111111110111111001111011001111111111001001
11101111110111110111011111111111011111111111110011111101101110011011111111111110111100111111110111111001111011001111111111001001
11101111110111110111011111111111011111111111110011111101101110011011111111111110111100111111100111111001111011001111111111001001
11101111110111110111011111111111011111111111110011111101101110011011111111111110111100111111100111111001111001001111111111001001
11101111110111110111011111111111011111111111110011111101101110011011111111111110111100111111100111111001111001001111111111001001
11101111110111110111011111111111011111111111110011111101101110011011111111111110111100111111100111111001111001001111111111001001
11101111110111110111011111111111011111111111110011111101101110011011111111111110111100111111100111111001111001001111111111001001
11101111110111110111011111111111011111111111110011111101101111011011111111111110111100111111100111111001111001011111111111001001
11101111110111110010011111111111011111111111110011111101101111011011111111111110111100111111100111111001111001011111111111001001
11101111110111110010011111111111011111111111110011111101101111010011111111111110111100111111100111111001111000011111111111000001
11101111110111110010011111111111011111111111110011111101101111010011111111111110111100111111101111111001111000011111111111000001
11101111110111110010011111111111011111111111110001111100001111000011111111111110111100111111101111111011111000011111111111000001
11001111110111110000011111111111011111111111110001111100001111000011111111111110111100101111101111111011111000011111111111000001
11001111110111110000011111111111011111111111110000011100001111000011111111111110111100000111101111111011111000011111111111000001
11001111110111110000011111111111011111111111110000011100001111000011111111111110111100000111101111111011111000011111111111000001
11011111110111110000011111111111011111111111110000011100001111000011111111111110111100000111101111111011111000011111111111000011
11011111110111110000011111111111011111111111110000011100001111000011111111111110111100000111101111111011111000011111111111000011
11011111110111111000011111111111011111111111110000011110001111000011111111111110111100000111101111111011111000011111111111000011
11011111110111111000111111111111011111111111110000011110001111000111111111111110111100000111111111111011111000011111111111100011
11011111110111111000111111111111011111111111110000011110001111000111111111111110111100000111111111111011111000011111111111100011
11011111111111111000111111111111111111111111110000011110001111000111111111111110111100000111111111111011111100011111111111100011
11011111111111111000111111111111111111111111110000011110001111000111111111111110111110000111111111111111111100011111111111100011
11011111111111111000111111111111111111111111110000011110001111000111111111111110111110000111111111111111111100011111111111100011
11011111111111111000111111111111111111111111111000111110001111100111111111111111111110000111111111111111111100011111111111100011
11011111111111111101111111111111111111111111111000111110011111111111111111111111111110001111111111111111111100011111111111100011
11011111111111111101111111111111111111111111111000111110011111111111111111111111111110001111111111111111111100011111111111100011
11011111111111111101111111111111111111111111111100111111011111111111111111111111111110101111111111111111111100011111111111100111
11111111111111111111111111111111111111111111111111111111111111111111111111111111111111111111111111111111111101111111111111111111
11111111111111111111111111111111111111111111111111111111111111111111111111111111111111111111111111111111111101111111111111111111