11101111111111111111111111111111111111111111111111111111111111111111111111111111111111111111111111111111111111111111111111111111
11101111111111111111111111111111111111111111111111111111111111111111111111111111111111111111111111111111111111111111111111111111
11101111100001111111111111111111100011111111111111011111000111111011111110111111111111100111111101111100111111111111111111110001
11100111100000111100111111111111000001111111111100001111000011110001111110111111111111100011111001111100011111111111111111100001
11100111100000111100111111111111000001111111111100001111000011110001111110111111111111100011111001111100011111111111111111100001
11000111100000111100111111111111000001111111111100001111000011110000111110111111111111100011111000111100011111000111111111100000
11000111100000111100011111111111000001111111111100001110000011110000111110111111111111100011111000111100011110000111111111100000
11000111100000111100011111111111000001111111111100001110000011110000111110111111111111100011111000111100011110000111111111100000
11000111100000111100011111111111000001111111111100001110000011110000111110111111111111100011111000111100011110000111111111100000
11000111100000111000011111111111000001111111111100001110000011110000111110111111111111100011111000111100011110000111111111100000
11000111100000111000011111111111000001111111111100001110000011110000111110111111111111100011111000111100011110000111111111100000
11000011100000111000011111111111000001111111111100001110000011110000111110011111111111100011111000111100011110000111111111100000
11000011100000111000011111111111000001111111111100001110000011110000111100011111111111100001110000111100001110000111111111100000
11000011100000111000011111111111000001111111111100001110000011110000111100011111111111100001110000111100001110000111111111110000
10000011100000111000011111111111000001111111111100001110000011110000111100011111111111100001110000111100001110000111111111110000
10000011100000111000011111111111000001111111111100001110000011110000111100011111111111100001110000111000001110000111111111110000
10000011100000111000011111111111000001111111111100001111000011110000111100011111111111100001110000111000001110000111111111110000
10000011100000111000011111111111100001111111111100001111000011110000111100011111111111100001110000111001001110000111111111110000
10000011111000111000011111111111111001111111111100001111000011110000111100011111111111001001110000111001001111000111111111111000
10000011111000111000011111111111111001111111111100001111000011110000111100011111111111001001110000111001001111000111111111111000
10010011111100111001011111111111111101111111111100111111000011110011111100011111111111001001110100111001101111100111111111111100
10010011111100111011011111111111111101111111111101111111110011110011111100011111111111001001110110111001101111100111111111111100
10010011111100111011011111111111111101111111111101111111110011110011111100011111111111001001110110111001101111100111111111111100
10111011111100111011011111111111111101111111111101111111110011110111111100011111111111001101110110111001101111100111111111111100
10111011111100111011011111111111111101111111111101111111110011110111111100011111111111001101110110111001101111100111111111111100
10111011111100111011011111111111111101111111111101111111110011110111111100011111111111001101110110111001101111100111111111111100
10111011111100111011011111111111111101111111111101111111110011110111111100011111111111001101110110111001101111100111111111111100
10111011111100111011011111111111111101111111111101111111110011110111111000011111111111001101110110111001101111100111111111111101
10111011111100111011011111111111111101111111111101111111110011110111111000011111111111001101110110111001101111100111111111111101
10111011111101111011011111111111111101111111111101111111110011110111111000011111111111001101110110111011101111100111111111111101
10111011111101111011011111111111111101111111111101111111110011110111111000011111111111011101110110111011101111100111111111111101
10111011111101111011011111111111111101111111111101111111110011110111111000011111111111011101110110111011101111100111111111111101
10111011111101111011011111111111111001111111111101111111110011110111111000011111111111011101110110111011101111100111111111111101
10111011111101111011011111111111111001111111111101111111110011110111111000011111111111011101110110111011101111101111111111111101
10111011111101111011011111111111111001111111111101111111110111110111111000011111111111011101110110111011101111101111111111111101
10111011111101111011011111111111111001111111111101111111100111110111111000011111111111011101110110111011101111101111111111111101
10111011111101111011011111111111111001111111111101111111100111110111111100011111111111011101110110111011101111101111111111111101
10111011111101111011011111111111111001111111111101111111100111110111111100011111111111011101110110111011101111101111111111111101
10111011111001111011011111111111111001111111111100111111100111110111111100011111111111011101110010111011101111101111111111111101
10111011111001111011011111111111111011111111111100111111100111110111111100011111111111011101110010111011101111101111111111111101
10111011111001111001011111111111111011111111111100111111100111100011111110011111111111011101110000111011101111101111111111111101
10111011111001111001011111111111111011111111111100111111100111100011111110011111111111011101110000111011101111001111111111111101
10111011111001111001011111111111111011111111111100111111100111100011111110011111111111011101110000111011101111001111111111111101
10111011111001111001011111111111111011111111111100111111100111100011111110011111111111011101110000111011101111001111111111111101
10111011111001111000011111111111111011111111111100011111100111100011111110011111111111001101110000111011101111001111111111111101
10111011111001111000011111111111111011111111111100011111100111100011111110011111111111001101110000111011101111001111111111111101
10111011111001111000011111111111111011111111111100011111100111110001111110011111111111001101110000111011101111001111111111111011
10111011111001111000011111111111111011111111111100011111100111110001111110011111111111001101110000111011101111001111111111111011
10111011111001111000011111111111111011111111111100011111100111110001111110011111111111001101111000111011101111001111111111111011
10111011111011111000011111111111111011111111111100011111100111110001111110011111111111001101111000111011101111001111111111111011
10111011111011111000011111111111111011111111111100011111100111110001111110011110000111001101111000111011101111001111100111111011
10111011111011111000011111001111110011110000111100011111100111110001111110011110000111001101111000111011101111001111000011111011
10111011111011111000011111001111110011110000111100011111100111110001111110011110000111001101111000111011101111001111000011111011
10110011111011111000011110000111110011110000011100001111100111110001111110011110000111001101111000111011101111001111000001111011
10110011111011111000011100000111110011110000011100001111100111110001111110011110000011001101111000111011101111001111000001111011
10110011111011111000011100000111110011110000011100001111100111110001111110011110000011001101111000111011101111001111000001111011
10110011111011111000011100000111110011110000011100001111100011110001111110011110000011001001111000111011101111001111000001111011
10010011111011111000011100000011110011110000011100001111100011110001111110011110000011001001111000111011101111001111000001111011
10010011111011111000011100000011110011110000011100001111100011111001111110011110000011001001111000111011101111001111000001111011
10010011111011111000011100000011110111110000011111001111100011111000111110011110000011000001111000111011101111101111000001111011
10010011110011111000011100000011110111110000011111001111100011111000111110011110000011000001111000111011101111101111000001111011
10010011110011111000011100000011110111110000011111001111100011111100111110011110000011000001111000111011101111101111000001111011
10000011110011111000011100000011110111110000011111001111100011111100111110011110000011100001110000111011101111100111000001111011
10000011110011111000011100000011110111110000011111001111100011111100111110011110000011100001110000111011101111100111000001111011
10000011110011111000011100000011110111110000011111001111110011111100111110011110000011100001110000111011101111100111000001111011
10000011110011111000011100000011110111110000011111101111110011111100111110011110000011100001110000111011101111100111000001111011
10000011110011111000011100000011110111110000011111101111110011111100111110011110000011100001110000111011101111110111000011111011
10000011110011111000011100000011110111110000011111101111110011111100111110011110000011100001110000111011101111110111000011111011
11000011110011111000011100000011110111110000011111101111110011111100111110011110000011100001110000111011101111110111100011111011
11000011110011111000011100000011110111110000011111100111110011111100111110011110000111100001110000111011101111110111111111111011
11000011110011111000011100000011110111110000011111100111110011111100111110011110000111100001110000111011101111110111111111111011
11000011110011111001011110000111110111110000011111100111111011111100111110011111000111100001110010111011101111110111111111111011
11000011110111111011011111000111110111110000011111100111111011111110111110011111101111100001110010011011101111110111111111110011
11000011110111111011011111000111110111110000011111100111111011111110111110011111101111100001110010011011101111110111111111110011
11000011110111111011011111111111110111111110111111100111111011111110111110011111111111100001110010011011101111110111111111110011
11000011110111111011011111111111100111111111111111100111111011111110111110011111111111100001110010011011101111110111111111110011
11000011110111111011011111111111100111111111111111100111111011111110111110011111111111100001110010011011101111110111111111110011
11000011110111111011011111111111100111111111111111100111111011111110111110011111111111100001110110011011101111110111111111110011
11000111110111111011011111111111100111111111111111100111111001111110111110011111111111100001110110011011101111110111111111110011
11000111110111111011001111111111100111111111111111100111111001111110111110011111111111100001110110011011101111110111111111110011
11100111110111111011001111111111100111111111111111100111111001111110111110011111111111100011110110011011101111110111111111110011
11100111110111111011001111111111100111111111111111100111111001111110111110011111111111110011110110011011101111110111111111110011
11100111110111111011001111111111100111111111111111100111111001111110111110011111111111110011110110011011101111110111111111110011
11100111110111111011001111111111100111111111111111100111111001111110111110011111111111110011110110011011101111110111111111110011
11100111110111111011001111111111100111111111111111100111111001111110111110011111111111110011110110011011101111110111111111110111
11100111110111111011001111111111100111111111111111100111111001111100111110011111111111110011110110011011101111110111111111110111
11100111110111110011001111111111100111111111111111100111111001111100111110011111111111110011110110011011101111110111111111110111
11100111110111110011001111111111100111111111111111101111111001111100111110011111111111110011110110011011101111110111111111110111
11100111110111110011001111111111100111111111111111101111111001111100111110011111111111110011110110011001101111110111111111110111
11100111110111110011001111111111100111111111111111101111111001111100111110011111111111110011110110011001101111110111111111110111
11100111110111110011001111111111100111111111111111101111111001111100111110011111111111110011110110011001101111110111111111110111
11100111110111110011001111111111100111111111111111101111111001111100111110011111111111110011110110011001101111110111111111110111
11100111110111110011001111111111100111111111111111101111111001111100111110011111111111110011110110011001101111110111111111110111
11100111110111110011001111111111100111111111111111101111111001111100111110011111111111110011110110011001101111110111111111110111
11100111110111110011001111111111100111111111111111101111111001111100111110011111111111110011110110011001101111110111111111110111
11100111110111110011001111111111100111111111111111101111111001111100111110011111111111110011110110011001101111110111111111110111
11100111110111110011001111111111100111111111111111101111111011111100111110011111111111110011110110011001101111110111111111110111
11100111110111110011001111111111101111111111111111101111111011111100111110011111111111110011110110011001101111110111111111110111
11100111110111111011001111111111101111111111111111101111111011111100111110011111111111110011110110011001101111110111111111110111
11100111110111111011001111111111101111111111111111101111111011111100111110011111111111110011110110011001101111100111111111110111
11100111110111111011001111111111101111111111111111101111111011111100111110011111111111110011110110011001101111100111111111110111
11100111110111111011001111111111101111111111111111001111111011111100111110011111111111110011110110011001101111100111111111110111
11100111110111111011001111111111101111111111111111001111110011111100111110011111111111110011110110011001101111100111111111110111
11101111110111111011001111111111101111111111111111001111110011111100111110011111111111110111110110011101101111100111111111110111
11101111110111111011001111111111101111111111111111001110110011111000111110011111111111110111110000011101101110100111111111110111
11001111110111111011001111111111101111111111111111001110110011111000111110011111111111110111110000011101101110000111111111110111
11001111110111111011001111111111101111111111111111001110110011111000111110011111111111110111110000011101001110000111111111110111
11001111110111111000001111111111100111111111111110001110000011110001111110011111111111100111110000011100001110000111111111110111
11001111110111111000001111111111100111111111111110001110000011110001111110011111111111100111110000011100001110000111111111110111
11001111110111111000011111111111100111111111111110001110000011110001111110011111111111100111110000011100001110000111111111110111
11001111110111111000011111111111100111111111111100001110000011110001111110011111111111100111110000011100001110000111111111110111
11001111110111111000011111111111100111111111111100001110000011110001111110011111111111100111110000011100001110000111111111110111
11001111110111111000011111111111101111111111111100011111000011110001111110011111111111100111110000011100001110000111111111110111
11001111110111111000011111111111101111111111111100011111000011110001111110011111111111100111110000111100011110000111111111110111
11001111110111111000011111111111101111111111111100011111000011110001111110011111111111100111111000111100011110000111111111111111
11001111110111111000011111111111101111111111111100011111000011110001111110011111111111100111111000111100011110000111111111111111
11011111110111111000011111111111101111111111111100011111000011110001111110011111111111100111111000111100011110001111111111111111
11011111110111111000011111111111101111111111111100011111000011110001111110011111111111101111111000111110011110001111111111111111
11011111110111111000011111111111101111111111111100011111000011110001111110011111111111101111111000111110011110001111111111111111
11011111110111111000011111111111101111111111111100011111000111110001111111111111111111101111111000111110011111001111111111111111
11011111110111111000011111111111101111111111111100011111000111110011111111111111111111101111111001111110011111011111111111111111
11011111110111111000011111111111101111111111111100011111000111110011111111111111111111101111111001111110011111011111111111111111
11011111110111111100011111111111101111111111111100111111000111110011111111111111111111111111111001111110011111111111111111111111
11011111110111111100011111111111101111111111111110111111001111110011111111111111111111111111111111111111111111111111111111111111
11011111110111111100011111111111101111111111111110111111001111110011111111111111111111111111111111111111111111111111111111111111
11011111110111111100111111111111111111111111111111111111101111110111111111111111111111111111111111111111111111111111111111111111
11111111110111111111111111111111111111111111111111111111111111111111111111111111111111111111111111111111111111111111111111111111
11111111110111111111111111111111111111111111111111111111111111111111111111111111111111111111111111111111111111111111111111111111