11111111111111111111111111111111111111111111111111111111111111111111111111111111111111111111111111111111111111111111111111111111
11111111111111111111111111111111111111111111111111111111111111111111111111111111111111111111111111111111111111111111111111111011
11111111111111111111111111111111111111111111111111111111111111111110111110111111111111111111111111111111111111111101111111111111
11111111111111111111111111111111111111111111111111111111111111111111111111111111111111111111111111111111111111111101111111110110
11111111111111111111111111111111111111111111111111111111111111111111111111111111111111111111111111111111111111111111111001111110
11111111111111111111111111111111111111111111111111111111111111111111111111111111111111111111111111111110111111111111111111111110
11111111111111111111111111111111111111111111111111111111111111111111111111111111111111111111111111111111111111111111111111111110
11111111111111111111111111111111111111111111111111111111111111111111111111111111111111111111111111111111111111111111111111111111
11111111111111111111111111111111111111111111111111111111111111111111111111111111111111111111111111111111111111111111111111111111
11111111111111111111111111111111111111111111111111111111111111111111111111111111111111111111111111111111111111111111111111111111
11111111111111111111111111111111111111111111111111111111111111111111111111111111111111111111111111111111111111111111111111111111
11111111111111111111111111111111111111111111111111111111111111111111111111111111111111111111111111111111111111111111111111111111
11111111111111111111111111111111111111111111111111111111111111111111111111111111111111111111111111111111111111111111111111111111
11111111111111111111111111111111111111111111111111111111111111111111111111111111111111111111111111111111111111100111111111111111
11111111111111110011101111111111111111111101111110111101111111011110110011101111111111000111110011101100111011000111010111111111
11111111111111110011101111111111111111111101111110111001111111011110110011101111111111000111110011101100111011000111010111111111
11111111111111110011101111111111111111111101111110111101111110011110110011101111111111000111110011101100111011000111010111111111
11111111111111110011101111111111111111111101111110111101111110011110110011101111111111000111110011101100111011000111010111111111
11111111111111110011101111111111111111111101110110111001111110011110110011101111111111000111110011101100111011000111010111111111
11111111111111110001101111111111111111111101110110111101111110011110110011101111111111000111110011101100111011000111010111111111
11111111111111110001101111111111111111111101111110111101111110011110110011101111111111000111110011101100111011000111010111111111
11111111111111110001101111111111111111111101111110111101111110011110110011101111111111000111110011101100111011000111010111111111
11111111111111110001101111111111111111111101110110111101111110011110110011101111111111000111110011101100111011000111010111111111
11111111111111110001101111111111111111111101110110111101111110011110110011101111111111000111110011101100111011000111010111111111
11111111111111110001101111111111111111111101110110111101111010011110110011101111111111000111110011101100111011000111010101111111
11111111111111110001101111111111111111111101110110111101111010011110110011101111111111000111110011101100111011000111010101111111
11111111111111110001101111111111111111111101110110111101111110011110110011101111111111000111110011101100111011000111010111111111
11111111111111110001101111111111111111111101111110111101111111011110110011101111111111000111110011101100111011000111010111111111
11111111111111110001101111111111111111111101111110111101111111011110110011101111111111000111110011101100111011000111010111111111
11111111111111110001101111111111111111111101111110111101111111011110110011101111111111000111110011101100111011000111010111111111
11111111111111110001101111111111111111111101111110111101111111011110110011101111111111000111110011101100111011000111010111111111
11111111111111110001101111111111111111111101110110111101111111011110110011101111111111000111110011101100111001000111010111111111
11111111111111110001101111111111111111111101110110111101111010011110110011101111111111000111110011101100111011000111010111111111
11111111111111110001101111111111111111111101111110111101111010011110100011101111111111000111110011101100111011000111010111111111
11111111111111110001101111111111111111111101111110111101111111011110100011101111111111000111110011101100111011000111010111111111
11111111111111110001101111111111111111111101111110111101111011011110100011111111111111000111110011101100111011000111010111111111
11111111111111110001101111111111111111111101111110111101111010011110110011111111111111000111110011101100111011000111010111111111
11111111111111110001101111111111111111111101111110111101111011011110110011111111111111000111110011101100111011000111010111111111
11111111111111110001101111111111111111111101111110111101111011011110110011111111111111000111110011101100111011000111010111111111
11111111111111110001101111111111111111111101111110111101111011011110110011111111111111000111110011101100111011000111010111111111
11111111111111110001101111111111111111111101111110111101111011011110110011111111111111000111110011101100111011000111010111111111
11111111111111110001101111111111111111111101111110111101111011011110110011111111111111000111110011101100111001000111010111111111
11111111111111110001101111111111111111111101111110111101111010011110110011111111111111000111110011101100111001000111010111111111
11111111111111110001101111111111111111111101111110111101111011011110110011101111111111000111110011101100111001000111010111111111
11111111111111110001101111111111111111111101111110111101111011011110110011111111111111000111110011101100111001000111010111111111
11111111111111110001101111111111111111111101111110111101111011011110110011111111111111000111110011101100111001000111010001111111
11111111111111110001101111111111111111111101111110111101111011011110110011111111111111000111110011101100111011000111010101111111
11111111111111110001101111111111111111111101111110111101111011011110110011111111111111000111110011101100111011000111010111111111
11111111111111110001101111111111111111111101111110111101111011011110110011111111111111000111110011101100111011000111010101111111
11111111111111110001101111111111111111111101111110111101111011011111110011111111111111000111110011101100111001000111010101111111
11111111111111110001101111111111111111111101111110111101111011011110110011111111111111000111110011101100111001000111010101111111
11111111111111110001101111111111111111111101111110111101111011011010110011111111111111000111110011101100111001000111010101111111
11111111111111110001101111111111111111011101111110111101111011011110110011111111111111000111110011101100111001000111010101111111
11111111111111110001101111111111111111111101111110111101111011011110100011111111111111000111110011100100111001000111010101111111
11111111111111110001101111111111111111111101111110111101111011011110100011111111111111000111110011100100111001000111010111111111
11111111111111110001101111111111111111111101111110111101111011011110110011111111111111000111110011101100111001000111010111111111
11111111111111110001101111111111111111111101111110111101111011011110110011111111111111000111110011101100111001000111010111111111
11111111111111110001101111111111111111111101111110111101111011011110110011111111111111000111110011101100111001000111010111111111
11111111111111110001101111111111111111111101111110111101111011011110110011111111111111000111110011101100111001000111010111111111
11111111111111110001101111111111111111111101111110111101111011011110100011111111111111000111110011101100111001000111010111111111
11111111111111110001101111111111111111111101111110111101111011011110100011111111111111000111110011101100111011000111010111111111
11111111111111110001101111111111111111111101111110111101111011011110000011111111111111000111110011101100111001000111010111111111
11111111111111110001101111111111111111111101111110111101111011011110000011111111111111000111110011101100111001000111010111111111
11111111111111110001101111111111111111111101111110111101111011011010000011111111111111000111110011101100111001000111010111111111
11111111111111110001101111111111111111111101111110111101111011011110110001111111111111000111110011101100111001000111010111111111
11111111111111111001101111111111111111111101111110111101111011011111110001111111111111000111110011101100111001000111010111111111
11111111111111111001101111111111111111111101111110111101111011011111110001111111111111000111110011101100111001000111010111111111
11111111111111111001101111111111111111111101111110111101111011011110110001111111111111000111110011101100111001000111010111111111
11111111111111110001100111111111111111111101111110111101111011011010000001111111111111000111110011101100111001000111010111111111
11111111111111111001100111111111111111111101111110111101111011011010000001111111111111000111110011101100111001000111010111111111
11111111111111111001100111111101111111111101111110111101111010011010100001111111111111000111110011100100111001000111010111111111
11111111111111111001100111111111111111111101111110111101111011011010100001111111111111000111110011101100111001000111011111111111
11111111111111111001100111111111111111111101111110111101111011011010110001111111111111000111110011101100111001000111011111111111
11111111111111111001100111111111111111111101111110111101111011011011110001111111111111000111110011101100111001000111011111111111
11111111111111111001100111111111111111111101111110111101111011011011100001111111111111000111110011101100111001000111110111111111
11111111111111111001100111111111111111111101111110111101111011011010100001111111111111000111110011101100111001000111111111111111
11111111111111111001101111111111111111111101111110111101111011011010110001111111111111000111110011101100111001000111110111111111
11111111111111111001100111111111111111111101111110111101111011001010110001111111111111000111110011101100111001000111010111111111
11111111111111111001100111111111111111111101111110111101111011011010110001111111111111000111110011101100111001000111010111111111
11111111111111111001100111111111111111111101111110111101111011011010000001111111111111000111110011101100111001000111011111111111
11111111111111111001100111111111111111111101111110111101111111011010000001111111111111000111110011100100111001000111011111111111
11111111111111111001100111111111111111111101111110111101111111011011110001111111111111000111110011100100111001000111011111111111
11111111111111111001100111111111111111111101111110111101111111011011110001111111111111000111110011101100111001000111111111111111
11111111111111111001100111111111111111111101111110111101111111011011110001111111111111000111110011101100111001000111110111111111
11111111111111111001100111111111111111111101111110111101111111011010000001111111111111000111110011101100111001000111010111111111
11111111111111111001100111111111111111111101111110111101111111011010110001111111111111000111110011101100111001000111010111111111
11111111111111011001100111111111111111111101111110111101111111001010110001111111111111000111110011101100111001000111010111111111
11111111111111111001100111111111111111111100111110111101111111001010110001111111111111000111110011101100111001000111010111111111
11111111111111111001100111111111111111111101111110111101111111001010110001111111111111000111110011101100111001000111010111111111
11111111111111011001100111111111111111111101111110111101111111011010110001111111111111000111110011101100111001000111011111111111
11111111111111011001100111111111111111111101111110111101111111011011110001111111111111000111110011101100111001000111011111111111
11111111111111011001100111111111111111111101111110111101111111011011110001111111111111000111110011100100111001000111011111111111
11111111111111011001100111111111111111111100111110011101111111011011110001111111111111000111110011100100111001000111011111111111
11111111111111011001100111111111111111111100111110011101111011011011110001111111111111000111110011100100111001000111011111111111
11111111111111011001100111111111111111111100111110011101111111011010110001111101111111000111110011101100111001000111011111111111
11111111111111011001100111111111111111111100111110011101111111011010110001111101111111000111110011100100111001000111011111111111
11111111111111011001100111111111111111111100111110011101111111011011110001111101111111000111110011101100111001000111011111111111
11111111111111011001100111111111111111111100111110011101111111001011110001111101111111000111110011101100111001000111011111111111
11111111111111011001100111111111111111111100111110011101111111011011110001111111111111000111110011101100111001000111010111111111
11111111111111011001100111111111111111111100111110011101111111011010110001111111111111000111110011100100111001000111010111111111
11111111111111011001100111111111111111111100111110011101111111011010110001111101111111000111110011100100111001000111010111111111
11111111111111011001100111111111111111111100111110011101111111001010110001111111111111000111110011100100111001000111011111111111
11111111111111111001100111111111111111111100111110011101111111001010110001111111111111000111110011100100111001000111011111111111
11111111111111111001100111111111111111111100111110011101111111001010110001111101111111000111110011100100111001000111011111111111
11111111111111111001100111111111111111111100111110011101111111001010110001111101111111000111110011100100111001000111010111111111
11111111111111011001100111111111111111111100111110011101111111000010110001111101111111000111110011100100111001000111010111111111
11111111111111011001100111111111111111111100111110011101111111000011100001111101111111000111110011100100111001000111010111111111
11111111111111011001100111111111111111111100111110011101111111001010110001111101111111000111110011100100111001000111010111111111
11111111111111011001100111111111111111111100111110011101111111001011110001111111111111000111110011100100111001000111010111111111
11111111111111111001100111111111111111111100111110011101111111001011110001111111111111000111110011100100111001000111010111111111
11111111111111111001100111111111111111111100111110011101111111001011110001111111111111000111110011100100111001000111011111111111
11111111111111111001100111111111111111111100111110011101111111001011110001111101111111000111110011100100111001000111011111111111
11111111111111111001100111111111111111111100111110011101111111001011110001111111111111000111110011101110111011100111111111111111
11111111111111111111111111111111111111111111111111111111111111111011111111111111111111111111111111111111111111111111111111111111
11111111111111111111111111111111111111111111111111111111111111111011111111111111111111111111111111111111111111111111111111111111
11111111111111111111111111111111111111111111111111111111111111111011111111111111111111111111111111111111111111111111111111111111
11111111111101111111111111111111111111111111111111111111111111111011111111111111111111111111111111111111111111111111111111111111
11111111111101111111011111111111111111111111111111111111111111111011111111111111111011111111111111111111101111111111110111111111
11111111111101111111111111111111111111111111111111111111111111111011111111111111111111111111111111111111111111111110111111111111
11111111111111111111111111111111111111111111111111111111111111111111111111111111111111111110111111111111111111111110111111111111
11111111111111111111111111101111111111111111111111111111111111111111111111111111111111111110111111111111111111111110111111111111
11110011111111111111111111111111111111111111111111111111111101111111111111111111111111111101111111111111110111111110111111111111
11111111111111111111111111111111111111111111111111111111111111111111111111111111111111111111111111111111111111111111111111111110
11111111111111111111111111111111111111111111111111111111111111111111111111111111111111111111111111111111111111111111111111111111
11111111111111111111111111111111111111111111111111111111111111111111111111111111111111111111111111111111111111111111111111111111
11111111111111111111111111111111111111111111111111111111111111111111111111111111111111111111111111111111111111111111111111111111
11111111111111111111111111111111111111111111111111111111111111111111111111111111111111111111111111111111111111111111111111111111
11111111111111111111111111111111111111111111111111111111111111111111111111111111111111111111111111111111111111111111111111111111