11111111111111111111111111111111111111111111111111111111111111111111111111111111111111111111111111111111111111111111111111111111
11111111111111111111111111111111111111111111111111111111111111111111111111111111111111111111111111111111111111111111111111111111
11111111111111111111111111111111111111111111111111111111111111111111111111111111111111111111111111111111111111111111111111111111
11111111111111111111111111111111111111111111111111111111111111111111111111111111111111111111111111111111111111111111111111111111
11111111111111111111111111111111111111111111111111111111111111111111111111111111111111111111111111111111111111111111111111111111
11111111111111111111111111111111111111111111111111111111111111111111111111111111111111111111111111111111111111111111111111111111
11111111111111111111111111111111111111111111111111111111111111111111111111111111111111111111111111111111111111111111111111111111
11111111111111111111111111111111111111111111111111111111111111111111111111111111111111111111111111111111111111111111111111111111
11111111111111111111111111111111111111111111111111111111111111111111111111111111111111111111111111111111111111111111111111111111
11111111111111111111111111111111111111111111111111111111111111111111111111111111111111111111111111111111111111111111111111111111
11111111111111111111111111111111111111111111111111111111111111111111111111111111111111111111111111111111111111111111111111111111
11111111111111111111111111111111111111111111111111111111111111111111111111111111111111111111111111111111111111111111111111111111
11111111111111111111111111111111111111111111111111111111111111111111111111111111111111111111111111111111111111111111111111111111
11111111111111111111111111111111111111111111111111111111111111111111111111111111111111111111111111111111111111111111111111111111
11111111111111111111111111111111111111111111111111111111111111111111111111111111111111111111111111111111111111111111111111111111
11111111111111111111111111111111111111111111111111111111111111111111111111111111111111111111111111111111111111111111111111111111
11111111111111111111111111111111111111111111111111111111111111111111111111111111111111111111111111111111111111111111111111111111
11111111111111111111111111111111111111111111111111111111111111111111111111111111111111111111111111111111111111111111111111111111
11111111111111111111111111111111111111111111111111111111111111111111111111111111111111111111111111111111111111111111111111111111
11111111111111111111111111111111111111111111111111111111111111111111111111111111111111111111111111111111111111111111111111111111
11111111111111111111111111111111111111111111111111111111111111111111111111111111111111111111111111111111111111111111111111111111
11111111111111111111111111111111111111111111111111111111111111111111111111111111111111111111111111111111111111111111111111111111
11111111111111111111111111111111111111111111111111111111111111111111111111111111111111111111111111111111111111111111111111111111
11111111111111111111111111111111111111111111111111111111111111111111111111111111111111111111111111111111111111111111111111111111
11111111111111111111111111111111111111111111111111111111111111111111111111111111111111111111111111111111111111111111111111111111
11111111111111111111111111111111111111111110111111011101111011111111111100111111111111111111110011110011111111111111111111111111
11111111111111111111100110111111111111111110111111011101111011111111111100111111111111111111110011110011111111111111111111111111
11111111111111111111100110111111111111111110111111011101111111111111111100111111111111111111110111110011111111111111111111111111
11111111111111111111100110111111111111111110111111011101111111111111111100111111111111111111110111110011111111111111111111111111
11111111111111111111100110111111111111111110111111011101111111111111111100111111111111111111110111110011111111111111111111111111
11111111111111111111100110111111111111111110111111011101111111111111111100111111111111111111110111110011111111111111111111111111
11111111111111111111100110111111111111111110111111011101111111111111111100111111111111111111110111110011111111111111111111111111
11111111111111111111100110111111111111111110111111011101111111111111111100111111111111111111110111110011111111111111111111111111
11111111111111111111100110111111111111111110111111011101111011111111111100111111111111111111110111110011111111111111111111111111
11111111111111111111100110111111111111111110111111011101111111111111111100111111111111111111110111110011111111111111111111111111
11111111111111111111100110111111111111111110111111011101111111111111111100111111111111111111110111110011111111111111111111111111
11111111111111111111100110111111111111111110111111011101111111111111111100111111111111111111110111110111111111111111111111111111
11111111111111111111100110111111111111111110111111011101111111111111111100111111111111111111110111110111111111111111111111111111
11111111111111111111100110111111111111111110111111011101111111111111111100111111111111111111110111110111111111111111111111111111
11111111111111111111100110111111111111111110111111011101111111111111111100111111111111111111110111110111111111111111111111111111
11111111111111111111100110111111111111111110111111011101110111111111111100111111111111111111110111110111111111111111111111111111
11111111111111111111100110111111111111111110111111011101110111111111111100111111111111111111110111110111111111111111111111111111
11111111111111111111100110111111111111111110111111011101110111111111111100111111111111111111110111110111111111111111111111111111
11111111111111111111100110111111111111111110111111011101110111111111111100111111111111111111110111110111111111111111111111111111
11111111111111111111100110111111111111111110111111011101110111111111111100111111111111111111110111110111111111111111111111111111
11111111111111111111100110111111111111111110111111011101110111111111111100111111111111111111110111110111111111111111111111111111
11111111111111111111100110111111111111111110111111011101110111111111111100111111111111111111110111110111111111111111111111111111
11111111111111111111100110111111111111111110111111011101110111111111111100111111111111111111100111110111111111111111111111111111
11111111111111111111100110111111111111111110111111011101110111111111111100111111111111111111100111110111111111111111111111111111
11111111111111111111100110111111111111111110111111011101110111111111111100111111111111111111100111110111111111111111111111111111
11111111111111111111100110111111111111111110111111011101110111111111111100111111111111111111100111110111111111111111111111111111
11111111111111111111100110111111111111111110111111011101110111111111111100111111111111111111100111110111111111111111111111111111
11111111111111111111100110111111111111111110111111011101110111111111111100111111111111111111100111110111111111111111111111111111
11111111111111111111100110111111111111111110111111011101110111111111111100111111111111111111100111110111111111111111111111111111
11111111111111111111100110111111111111111110111111011101110111111111111100111111111111111111100111110111111111111111111111111111
11111111111111111111100110111111111111111110111111011101110111111111111100111111111111111111100111100111111111111111111111111111
11111111111111111111100110111111111111111110111111011101110111111111111100111111111111111111100111100111111111111111111111111111
11111111111111111111100110111111111111111110111111011101110111111111111100111111111111111111100111100111111111111111111111111111
11111111111111111111100110111111111111111110111111011101110111111111111100111111111111111111100111100111111111111111111111111111
11111111111111111111100110111111111111111110111111011101110111111111111100111111111111111111100111100111111111111111111111111111
11111111111111111111100110111111111111111110111111011101110111111111111100111111111111111111100111100111111111111111111111111111
11111111111111111111100110111111111111111110111111011101110111111111111100111111111111111111100111100111111111111111111111111111
11111111111111111111100110111111111111111110111111011101110111111111111100111111111111111111100111100111111111111111111111111111
11111111111111111111100110111111111111111110111111011101110111111111111100111111111111111111100111100111111111111111111111111111
11111111111111111111100110111111111111111110111111011101110111111111111100111111111111111111100111100111111111111111111111111111
11111111111111111111100110111111111111111110111111011101110111111111111100111111111111111111100111100111111111111111111111111111
11111111111111111111100110111111111111111110111111011101110111111111111100111111111111111111100111100111111111111111111111111111
11111111111111111111100110111111111111111110111111011101110111111111111100111111111111111111100111100111111111111111111111111111
11111111111111111111100110111111111111111110111111011101110111111111111100111111111111111111100111100111111111111111111111111111
11111111111111111111100111111111111111111110111111011101110111111111111100111111111111111111100111100111111111111111111111111111
11111111111111111111100111111111111111111110111111011101110111111111111100111111111111111111100111100111111111111111111111111111
11111111111111111111100111111111111111111110111111011101110111111111111100111111111111111111100111100111111111111111111111111111
11111111111111111111100110111111111111111110111111011101110111111111111100111111111111111111100111100111111111111111111111111111
11111111111111111111100111111111111111111110111111011101110111111111111100111111111111111111100111100111111111111111111111111111
11111111111111111111100111111111111111111110111111011101110111111111111100111111111111111111100111100111111111111111111111111111
11111111111111111111100111111111111111111110111111011101110111111111111100111111111111111111100111100111111111111111111111111111
11111111111111111111100111111111111111111110111111011101110111111111111100111111111111111111100111100111111111111111111111111111
11111111111111111111100111111111111111111110111111011101110111111111111100111111111111111111100111100111111111111111111111111111
11111111111111111111100111111111111111111110111111011101110111111111111100111111111111111111100111100111111111111111111111111111
11111111111111111111100111111111111111111110111111011101110111111111111100111111111111111111100111100111111111111111111111111111
11111111111111111111100111111111111111111110111111011101110111111111111100111111111111111111100111100111111111111111110000000000
11111111111111111111100111111111111111111110111111011101110111111111111100111111111111111111100111100111111111111111110000000000
11111111111111111111100111111111111111111110111111011101110111111111111100111111111111111111100111100111111111111111110000000000
11111111111111111111100111111111111111111110111111011101110111111111111100111111111111111111100111100111111111111111110000000000
11111111111111111111100111111111111111111110111111011101110111111111111100111111111111111111100111100111111111111111110000000000
11111111111111111111100111111111111111111110111111011101110111111111111100111111111111111111100111100111111111111111110000000000
11111111111111111111100111111111111111111110111111011101110111111111111100111111111111111111100111100111111111111111110000000000
11111111111111111111100111111111111111111110111111011101110111111111111101111111111111111111100111100111111111111111110000000000
11111111111111111111110111111111111111111110111111011101110111111111111101111111111111111111100111100111111111111111110000000000
11111111111111111111110111111111111111111110111111011101110111111111111101111111111111111111100111100111111111111111110000000000
11111111111111111111100111111111111111111110111111011101110111111111111101111111111111111111100111100111111111111111110000000000
11111111111111111111110111111111111111111110111111011101110111111111111101111111111111111111100111100111111111111111110000000000
11111111111111111111110111011111111111111110111111011101110111111111111101111111111111111111100111100111111111111111110000000000
11111111111111111111110111111111111111111110111111011101110111111111111101111111111111111111100111100111111111111111110000000000
11111111111111111111110111111111111111111110111111011101110111111111111101111111111111111111100111100111111111111111110000000000
11111111111111111111110111011111111111111110111111011101110111111111111101111111111111111111100111100111111111111111110000000000
11111111111111111111110011011111111111111110111111011101110111111111111101111111111111111111100111100111111111111111110000001111
11111111111111111111110011011111111111111110111111011101110111111111111101111111111111111111100111100111111111111111111111111111
11111111111111111111110111011111111111111110111111011101110111111111111001111111111111111111100111100111111111111111111111111111
11111111111111111111110111011111111111111110111111011101110111111111111001111111111111111111100111100111111111111111111111111111
11111111111111111111110011011111111111111110111111011101110111111111111001111111111111111111100111100111111111111111111111111111
11111111111111111111110011011111111111111110111111011101110111111111111001111111111111111111100111100111111111111111111111111111
11111111111111111111110011011111111111111110111111011101110111111111111001111111111111111111100111100111111111111111111111111111
11111111111111111111110011011111111111111110111111011101110111111111111001111111111111111111100111100111111111111111111111111111
11111111111111111111110011011111111111111110111111011101110111111111111001111111111111111111100111100111111111111111111111111111
11111111111111111111110011011111111111111110111111011101110111111111111001111111111111111111100111100111111111111111111111111111
11111111111111111111110011011111111111111110111111011101110111111111111001111111111111111111100111100111111111111111111111111111
11111111111111111111110011011111111111111110111111011101110111111111111001111111110111111111100111101111111111111111111111111111
11111111111111111111110011011111111111111110111111111111111111111111111111111111111111111111111111111111111111111111111111111111
11111111111111111111111111111111111111111111111111111111111111111111111111111111111111111111111111111111111111111111111111111111
11111111111111111111111111111111111111111111111111111111111111111111111111111111111111111111111111111111111111111111111111111111
11111111111111111111111111111111111111111111110011111111111111111111111111111111111111111111111111111111111111111111111111111111
11111111111111111111111111111111111111111111111111111111111111111111111111111111111111111111111111111111111111111111111111111111
11111111111111111111111111111111111111111111101111111111111111111111111111111111111111111111111111111111110111111111111111111111
11111111111111111111111111111111011111111111111111111111111111111111111111111111111111111111111111111111111111111111111111111111
11111111111111111111111111111111111111111111111111111111111111111111111111111111111111111111111111111111111111111111111111111111
01111111111111111111111111111111111111111111111111111111111111111111111111111111111111111111111111111111111111111111111111111111
11111111111111111111111111111111111111111111111111111111111111111111111111111111111111111111111111111111111111111111111111111111
11111111111111111111111111111111011111111111111111111111111111111111111111111111111111111111111111111111111111111111111111111111
11111111111111111111111111111111111111111111111111111111111111111111111111111111111111111111111111111111111111111111111111111111
11111111111111111111111111111111111111111111111111111111111111111111111111111111111111111111111111111111111111111111111111111111
11111111111111111111111111111111111111111111111111111111111111111111111111111111111111111111111111111111111111111111111111111111
11111111111111111111111111111111111111111111111111111111111111111111111111111111111111111111111111111111111111111111111111111111
11111111111111111111111111111111111111111111111111111111111111111111111111111111111111111111111111111111111111111111111111111111
11111111111111111111111111111111111111111111111111111111111111111111111111111111111111111111111111111111111111111111111111111111
11111111111111111111111111111111111111111111111111111111111111111111111111111111111111111111111111111111111111111111111111111111
11111111111111111111111111111111111111111111111111111111111111111111111111111111111111111111111111111111111111111111111111111111
11111111111111111111111111111111111111111111111111111111111111111111111111111111111111111111111111111111111111111111111111111111