11111111111111111111111111111111111111111111111111111111111111111111111111111111111111111111111111111111111111111111111111111111
11111111111111111111111111111111111111111111111111111111111111111111111111111111111111111111111111111111111111111111111111111111
11111111111111111111111111111111111111111111111111111111111111111111111111111111111111111111111111111111111111111111111111111111
11111111111111111111111111111111111111111111111111111111111111111111111111111111111111111111111111111111111111111111111111111111
11111111111111111111111111111111111111111111111111111111111111111111111111111111111111111111111111111111111111111111111111111111
11111111111111111111111111111111111111111111111111111111111111111111111111111111111111111111111111111111111111111111111111111111
11111111111111111111111111111111111111111111111111111111111111111111111111111111111111111111111111111111111111111111111111111111
11111111111111111111111111111111111111111111111111111111111111111111111111111111111111111111111111111111111111111111111111111111
11111111111111111111111111111111111111111111111111111111111111111111111111111111111111111111111111111111111111111111111111111111
11111111111111111111111111111111111111111111111111001111111111111111111111111111111111111111111111111111111111111111111111111111
11111111111111111111111111111111111111111111111111111111111111111111111111111111111111111111111111111111111111111011111111111111
11111111111111111111111111111111111111111111111111111111111111111111111111111111111111111111111111111111111111111111111111111111
11111111111111111111111111111111111111111111111111111111111111111111111111111111111111111111111111111111111111111111111111111111
11111111111111111111111111111111111111111111111111111111111111111111111111111111111111111111111111111111111111111111111111111111
11111111111111111111111111111111111111111111111111111111111111111111111111111111111111111111111111111111111111111111111111111111
11111111111111111111111111111111111111111111111111111111111111111111111111111111111111111111111111111111111111111111111111111111
11111111111111111111110011011111111111111110111111001111111011111111011011111111111111111111111111111111111111111111111111111111
11111111111111111111110011011111111111111110111111001111111011111111011011111111110111011001111111111111111111111111111111111111
11111111111111111111110011011111111111111110111111001111111011111111011011111111110111011001111111111111111111111111111111111111
11111111111111111111110011011111111111111110111111001111111011111111011011111111110111011001111111111111111111111111111111111111
11111111111111111111110011011111111111111110111111001111111011111111011011111111110111011001111111111111111111111111111111111111
11111111111111111111110011011111111111111110111111001111111011111111011011111111110111011001111111111111111111111111111111111111
11111111111111111111110011011111111111111110111111001111111011111111011011111111110111011001111111111111111111111111111111111111
11111111111111111111110011011111111111111110111111001111111011111111011011111111110111011001111111111111111111111111111111111111
11111111111111111111110011011111111111111110111111001111111011111111011011111111110111011001111111111111111111111111111111111111
11111111111111111111110011011111111111111110111111001111111011111111011011111111110111011001111111111111111111111111111111111111
11111111111111111111110011011111111111111110111111001111111011111111011011111111110111011001111111111111111111111111111111111111
11111111111111111111110011011111111111111110111111001111111011111111011011111111110111011001111111111111111111111111111111111111
11111111111111111111110011011111111111111110111111001111111011111111011011111111110111011001111111111111111111111111111111111111
11111111111111111111110011011111111111111110111111001111111011111111011011111111110111011001111111111111111111111111111111111111
11111111111111111111110011011111111111111110111111001111111011111111011011111111110111011001111111111111111111111111111111111111
11111111111111111111110011011111111111111110111111001111111011111111011011111111110111011001111111111111111111111111111111111111
11111111111111111111110011011111111111111110111111001111111011111111011011111111110111011001111111111111111111111111111111111111
11111111111111111111110011011111111111111110111111001111111011111111011011111111110111011001111111111111111111111111111111111111
11111111111111111111110011011111111111111110111111001111111011111111011011111111110111011001111111111111111111111111111111111111
11111111111111111111110011011111111111111110111111001111111011111111011011111111110111011001111111111111111111111111111111111111
11111111111111111111110011011111111111111110111111001111111011111111011011111111110111011001111111111111111111111111111111111111
11111111111111111111110011011111111111111110111111001111111011111111011011111111110111011001111111111111111111111111111111111111
11111111111111111111110011011111111111111110111111001111111011111011011011111111110111011001111111111111111111111111111111111111
11111111111111111111110011011111111111111110111111001111111011101010010011011111110111011001111111111111111111111111111111111111
11111111111111111111110011011111111111111110111111001111111011101010010011011111110111011001111111111111111111111111111111111111
11111111111111111111110011011111111111111110111111001101111011101010010011011111110111011001111111111111111111111111111111111111
11111111111111111111110011011111111111111110111111001101111011101010010011011111110111011001111111111111111111111111111111111111
11111111111111111111110011011111111111111110111111001101111011101010010011011111110111011001111111111111111111111111111111111111
11111111111111111111110011011111111111111110111111001101111010101010010011011111110111011001111111111111111111111111111111111111
11111111111111111111110011011111111111111110111111001101111010101010010011011111110111011001111111111111111111111111111111111111
11111111111111111111110011011111111111111110111110001101111010101010010011011011110111011001111111111111111111111111111111111111
11111111111111111111110011011111111111111110111110001101111010101110010011011011110111011001011111111111111111111111111111111111
11111111111111111111110011011111111111111110111110001101110010101110010011011011110110011001011011111111111111111111111111111111
11111111111111111111110011011111111111111110111110001101110011101110010011011011100110011001011011110101111111111111111111111111
11111111111111111111110011011111111111111110111110001101110011111110010011011011100110011001011011110101111111111111111111111111
11111111111111111111110011011111111111111110111110001101110010111110010011011011100110011001011011110111111111111111111111111111
11111111111111111111110011011111111111111110111110001101110011111110010011011011100110011001011011110101111111111111111111111111
11111111111111111111110011011111111111111110111110001101110010111110010011011011100110011001011011110101111111111111111111111111
11111111111111111111110011011111111111111110111110001101110011111110010011011011100110011001011011110101011111111111111111111111
11111111111111111111110011011111111101111110111110001101110011111110010011011011100110011001011011110101011111111111111111111111
11111111111111111111110011011111111111111110111110001101110011111110010011011011100110010001011011110101011111111111111111111111
11111111111111111111110011011111111101111110111110001101110111111110010011011011100110010001011011110101011111111111111111111111
11111111111111111111110011011111111101111110111110001101110111111110010011011011100110010001011011110101011111111111111111111111
11111111111111111111110011011111111101111110111110001101110111111110010011011011100110010001011011110101011111101111111111111111
11111111111111111111110011011111111101111110111110001101110111111110010111011011100110010001011011110101011111101111111111111111
11111111111111111111110011011111111101110110111010001101110111111110110111011111100110010001011011110101011111101111111111111111
11111111111111111111110011011111111101111110111010001111110111111110110111111111100110010001011011110101011111101111111111111111
11111111111111111111110011011101111101110110111010001111110111111110110111111111100110010001011011110101011111101111111111111111
11111111111111111111110011011101111101110110111010001111110111111110110111111111100110010001011011110101011111101111111111111111
11111111111111111111110011011101101101110110111010011111110111111110110111111111101110010001111111110101011111101111111111111111
11111111111111111111110011011101101101110110111010011111110111111110110111111111101110010011111111110101011111101111111111111111
11111111111111111111110011011101101101110110111010011111110111111110110111111111101110010011111111110101011111101111111111111111
11111111111111111111110011011101101101110110111010011111110111111110110111111111101110010011111111110101011111101111111111111111
11111111111111111111110011011101101101110110111010011111110111111110110111111111101110010011111111110101011110101111111111111111
11111111111111111111110011011101101101110110111010011111110111111110110111111111101110110011111111110101011110101111111111000000
11111111111111111111110011011101101101110110111110011111110111111110110111111111101110110011111111110101011110101111111111000000
11111111111111111111110011011101101101110110111110011111110111111110110111111111101110110011111111110101011110101111111111000000
11111111111111111111110011011101101101110110111110011111110111111110110111111111101110110011111111110101011110101111111111000000
11111111111111111111110011011101101101110110111110011111110111111110110111111111101110110011111111110101011110101111111111000000
11111111111111111111110011011101101101110110111110011111110111111110110111111111101110110011111111110101011110101111111111000000
11111111111111111111110011011101101101110100111110011111110111111110110111111111101110110011111111110101011110101111111111000000
11111111111111111110110011011101101101110100111110011111110111111110110111111111101110110011111111110101011110101111111111000000
11111111111111111110110011011101101101110100111110011111110111111110110111111111101110110011111111110101011110101111111111000000
11111111111111111110110011011101101101110101111110011111110111111110110111111111101110110011111111110101011110101111111111000000
11111111111111111110110011011101101101110100111110011111110111111110110111111111101110110011111111110101111110111111111111000000
11111111111111111010110011011101101111111100111110011111110111111110110111111111101110110011111111111101111111111111111111000000
11111111111111111010110011011101101111111101111110011111110111111110110111111111101110110011111111111111111111111111111111000000
11111111111111111010100010011101101111111101111110011111110111111110110111111111101110110011111111111111111110111111111111000000
11111111111111111010100010011101101111111101111110011111110111111110110111111111101110110011111111111101111111111111111111000000
11111111111111111010100010011101101111111101111110011111110111111110110111111111101110110011111111111111111111111111111111000000
11111111111111111010100010011101111111111101111110011111110111111110110111111111101110110011111111111111111111111111111111000000
11111111111111111010100010011101111111111101111110011111110111111110110111111111101110110011111111111111111111111111111111000000
11111111111111111010100110011101111111111101111110011111110111111110110111111111101110110011111111111111111111111111111111000000
11111111111111111010100010011101111111111101111110011111110111111110110111111111101110110011111111111111111111111111111111000000
11111111111111111010100110111111111111111101111110011111110111111110110111111111101110110011111111111111111111111111111111111111
11111111111111111010100110111101111111111101111110011111110111111110110111111111101110110011111111111111111111111111111111111111
11111111111111111010100110111111111111111101111110011111110111111110110111111111101110110011111111111111111111111111111111111111
11111111111111111010100110111111111111111101111110011111110111111110110111111111101110110011111111111111111111111111111111111111
11111111111111111011100110111111111111111101111110011111110111111110110111111111101110110011111111111111111111111111111111111111
11111111111111111011100110111111111111111101111110011111110111111110110111111111101110110011111111111111111111111111111111111111
11111111111111111010100110111111111111111101111110011111110111111110110111111111101110110011111111111111111111111111111111111111
11111111111111111011100110111111111111111101111110011111110111111110110111111111101110110011111111111111111111111111111111111111
11111111111111111011100110111111111111111101111110011111110111111110110111111111101110110011111111111111111111111111111111111111
11111111111111111011100110111111111111111101111110011111110111111110110111111111101110110011111111111111111111111111111111111111
11111111111111111011100110111111111111111101111110011111110111111110110111111111101110110011111111111111111111111111111111111111
11111111111111111011100110111111111111111101111110011111110111111110110111111111101110110011111111111111111111111111111111111111
11111111111111111011100110111111111111111101111110011111110111111110110111111111101110110011111111111111111111111111111111111111
11111111111111111011111111111111111111111101111110011111110111111110110111111111101110110011111111111111111111111111111111111111
11111111111111111011111111111111111111111111111111111111111111111110110111111111101110110011111111111111111111111111111111111111
11111111111111111011111111111111111111111111111111111111111111111111111111111111111111111111111111111111111111111111111111111111
11111111111111111011111111111111111111111111111111111111111111111111111111111111111111111111111111111111111111111111111111111111
11111111111111111111111111111111111111111111111111111111111111111111111111111111111111111111111111111111111111111111111111111111
11111111111111111111111111111111111111111111111111111111111111111111111111111111111111111111111111111111111111111111111111111111
11111111110111111111111111111011111111111111111111111111111111111111111111111111111111111111111111111111111111111111111111111111
11111111111111111111111111111111111111111111111111111111111111111111111111111111111111111111111111111111111111111111111111111111
11111111111111111111111111111111111111111111111111111111111111111111111111111111111111111111111111111111111111111111111111111111
11111111111111111111111111111111111111111111111111111111111111111111111111111111111111111111111111111111111111111111111111111111
11111111111111111111111111111111111111111111111111111111111111111111111111111111111111111111111111111111111111111111111111111111
11111111111111111111111111111111111111111111111111111111111111111111111111111111111111111111111111111111111111111111111111111111
11111111111111111111111111111111111111111111111111111111111111111111111111111111111111111111111111111111111111111111111111111111
11111111111111111111111111111111111111111111111111111111111111111111111111111111111111111111111111111111111111111111111111111111
11111111111111111111111111111111111111111111111111111111111111111111111111111111111111111111111111111111111111111111111111111111
11111111111111111111111111111111111111111111111111111111111111111111111111111111111111111111111111111111111111111111111111111111
11111111111111111111111111111111111111111111111111111111111111111111111111111111111111111111111111111111111111111111111111111111
11111111111111111111111111111111111111111111111111111111111111111111111111111111111111111111111111111111111111111111111111111111
11111111111111111111111111111111111111111111111111111111111111111111111111111111111111111111111111111111111111111111111111111111
11111111111111111111111111111111111111111111111111111111111111111111111111111111111111111111111111111111111111111111111111111111
11111111111111111111111111111111111111111111111111111111111111111111111111111111111111111111111111111111111111111111111111111111
11111111111111111111111111111111111111111111111111111111111111111111111111111111111111111111111111111111111111111111111111111111
11111111111111111111111111111111111111111111111111111111111111111111111111111111111111111111111111111111111111111111111111111111
11111111111111111111111111111111111111111111111111111111111111111111111111111111111111111111111111111111111111111111111111111111
11111111111111111111111111111111111111111111111111111111111111111111111111111111111111111111111111111111111111111111111111111111