11111111111111111111111111111111111111111111111111111111111111111111111111111111111111111111111111111111111111111111111111111111
11111111111111111111111111111111111111111111111111111111111111111111111111111111111111111111111111111111111111111111111111111111
11111111111111111111111111111111111111111111111111111111111111111111111111111111111111111111111111111111111111111111111111111111
11111111111111111111111111111111111111111111111111111111111111111111111111111111111111111111111111111111111111111111111111111111
11111111111111111111111111111111111111111111111111111111111111111111111111111111111111111111111111111111111111111111111111111111
11111111111111111111111111111111111111111111111111111111111111111111111111111111111111111111111111111111111111111111111111111111
11111111111111111111111111111111111111111111111111111111111111111111111111111111111111111111111111111111111111111111111111111111
11111111111111111111111111111111111111111111111111111111111111111111111111111111111111111111111111111111111111111111111111111111
11111111111111111111111111111111111111111111111111111111111111111111111111111111111111111111111111111111111111111111111111111111
11111111111111111111111111111111111111111111111111111111111111111111111111111111111111111111111111111111111111111111111111111111
11111111111111111111111111111111111111111111111111111111111111111111111111111111111111111111111111111111111111111111111111111111
11111111111111111111011101111111111111101111101110111111111011111111111111111111111011111111101111011110111101111111111111111111
11111111111111111110011100111001111111011111101110011111111111111111011111111111111011111111110110111111111101111111111111111111
11111111111111111110111100111001111111111111111110011111111111111111111111111111111111111111111110101111111101111111101111111111
11111111111111111111011100111001111111100111011110011111111111111111111111111111111111111111111111011111111111111111100111111111
11111111111111111111011100111101111111111111111100011111111111111111111111111111111111111111111111011111111111111111100111111111
11111111111111111111111100111111111111111111111110011111111111111111111110111111111111111111101111111111111101111111111111111111
11111111111111111111111111111111111111111111111111111111111111111111111111111111111111111111111111111111111111111111111111111111
11111111111111111111111111111111111111111111111111111111111111111111111111111111111111111111111111111111111111111111111111111111
11111111111111111111111111111111111111111111111111111111111111111111111111111111111111111111111111111111111111111111111111111111
11111111111111111111111111111111111111111111111111111111111111111111111111111111111111111111111111111111111111111111111111111111
11111111111111111111111101111111111111111111111111111111111111111111111111111111111111111111111111111111111111111111111111111111
11111111111111111100000000001111111111011100001111110010011100101000111111100011011100001111111011111110101011110101111111111111
11111111111111111100000000001111111111011100001110110000011100001000001111100011011100001110111011111110000011110101111111111111
11111111111111111100000000001111111111011100001110110000011100001000001111100011011100001110111011111110000011110101111111111111
11111111111111111100000000001111111111011100001110110000011100001000001111100000011100001110111011111111000011110101111111111111
11111111111111111100000000000111111111011100001110110000011100001000001111100000011100001110111011011111000011111101111111111111
11111111111111111100000000000111111111011100001110110000011100000000001111111000011100001110111011011111000011111001111111111111
11111111111111111100000000000111111111011100001110110000011100000000001111111000011100001110111011011110000011111001111111111111
11111111111111111100000000000111111111011100001110110000011100000000001111111000011100001110111011011110000011111001111111111111
11111111111111111100000000000111111111011100001110110000011100000000001111111010011100001110111011011110001011111001111111111111
11111111111111111100000000000111111111011100001110110000011100000000001111111011011100001110111011011110001011111001111111111111
11111111111111111100000000001111111111011101001111110000011100000000001111111011011100001110111011011110001011111001111111111111
11111111111111111100000000001111111111011101001111110000011100100000001111111000011100001110111011011111001011111001111111111111
11111111111111111100000000001111111111011101001111110000011100100000001111100000011100001110111011011111000011111101111111111111
11111111111111111100000000001111111111011101001111110000011100100000001111100000011100001110111011011111000011111101111111111111
11111111111111111100000000001111111111011101001111110000011100000000001111100000011100001110111011011111000011111101111111111111
11111111111111111100000000001111111111011101001110110000011100000000001111100000011100001110111011011111000011111101111111111111
11111111111111111100000000001111111111011101001110110000011100000000001111111000011100001110111011011111100011111101111111111111
11111111111111111100000000001111111111011101001110110000011100000000001111111000001100001110111011011111100011111101111111111111
11111111111111111100000000000111111111011100001110110000011100000000001111111000001100001110111011011111000011111001111111111111
11111111111111111100000000000111111011011100001110110000011100000000001111111000001100000110111011011111000011111001111111111111
11111111111111111100000000000111111011011100001110110000011100000000001111111011001100000110111011011111000011111001111111111111
11111111111111111100000000000111111011011100001110110000011100000000001111111011001100000110111011011111000011111001111111111111
11111111111111111110000000000111111011011100001110110000011100000000001111111011001100000110111111011111000011111001111111111111
11111111111111111110000000000111111011011100001110110000011100000000001111111011001100000110111111011111000011111001111111111111
11111111111111111110000000000111111111011100001110110000011100000000001111111011001100000110111111011111000011111001111111111111
11111111111111111110000000000111111111011100001110110000011100000000001111111000001100000110111111011111000011111001111111111111
11111111111111111110000000000111111111011100001110110000011100000000001111111000001100000110111111011111111111111001111111111111
11111111111111111100000000000111111111011100001110110000011100000000001111100000001100000110111111011111111111111001111111111111
11111111111111111100000000000111111111011100001110110000011100000000001111100000001100000110111111011111111111111001111111111111
11111111111111111100000000000111111111011100001111110000011100000000001111100000001100000110111111011111001111111001111111111111
11111111111111111100000000000111111011011100001111110000011100000000001111100000001100000110111111011111000011111001111111111111
11111111111111111100000000000111111011011100001111110010011100000000001111100000001100000110111111011111001101111001111111111111
11111111111111111110000000000111111011011100001110110010011100100000001111100000001100000110111111011111000001111001111111111111
11111111111111111110000000000111111011011100001110110010011100100000001111100000001100000110111111011111000011111001111111111111
11111111111111111110000000000111111011011100001110110000011100100000001111100000001100000110111111011111001111111001111111111111
11111111111111111110000000000111111011011100001110110000011100100011001111100000001100000110111111111111001111111001111111111111
11111111111111111110000000000111111011011100001110110000011100000011001111100000001100000110111111111111111111111001111111111111
11111111111111111110000000000111111011011100001110110000011100000011101111100000001100000110111111111111110001111111111111111111
11111111111111111110000000000111111011011100001110110000011110000011111111100001001100000110111111111111110001111110111111111111
11111111111111111110000000000111011011011100001110110000011110000000111111101001001100000111111111111111000001111000111111111111
11111111111111111110000000000111011011011100001110110000011110000000111111111000001100000111111111111111000001111000111111111111
11111111111111111110000000000111011011011100001110110000011110000000111111111000001100000110111111111111000001111000111111111111
11111111111111111110000000001111011011011100001110110000011110000000111111111000001100000110111111111111000001111000111111111111
11111111111111111110000000001111111011011100001110110000011110000000111111111000001100000110111111111111000001111000111111111111
11111111111111111110000000001111111011011100001110110000011110000000111111111000001100000111111111111111000001111000111111111111
11111111111111111110000000000111011011011100001110110000011110000000001111111000001100000111111111111111000001111000111111111111
11111111111111111100000000000111011011011100001110110000011110000000001111111000001100000111111111111111000001111010111111111111
11111111111111111100000000000111011011011100001110110000011110000000001111101000001100000111111111111111000001111010111111111111
11111111111111111110000000000111011011011100001110110011011110000000001111101000001100000111111111111111000001111000111111111111
11111111111111111110000000000111011011011100001110110011011110000000001111101000001100000111111111111111000001111000111111111111
11111111111111111110000000000111011011011100001110110011011110000000001111101000001100000111111111111111000001111000111111111111
11111111111111111110000000000111011011011100001110110011011110000000001111101000001100000111111111111111000101111000111111111111
11111111111111111110000000000111011011011100001110110011011110000000001111100000001100000111111111111111000101111000111111111111
11111111111111111110000000000111011011011100001110110010011110000000001111100000001100000111111111111111000101111000111111111111
11111111111111111110000000000111011011011100001110110000011110000000001111101001001110000111111111111111000101111000111111111111
11111111111111111110000000000111011011011100001110110000011110000000001111101001001110000111111111111111000001111000111111111111
11111111111111111100000000000111011011011100001110110000011110000000001111101001001110000111111111111111000101111000111111111111
11111111111111111110000000000111011011011100001110110000011110000000001111101001001110000111111111111111000101111000111111111111
11111111111111111110000000000111011011011100001110110000011110000000001111100000001110000111111111111111000101111000111111111111
11111111111111111110000000000111111011011100001110111000011110000000001111100000001110000111111111101111000101111000111111111111
11111111111111111110000000000111111011011100001110111000011110000000001111100000001110000111111111101111000101111100111111111111
11111111111111111110000000000111111011011100001110111000011110000000001111100001001110000111111111101111000101111100111111111111
11111111111111111110000000000111111011011110001110111000011110000000000111100001001110000111111111101111000101111100111111111111
11111111111111111110000000000111111011011110001110111000011110000000000111100001101110000111011101101111000101111100111111111111
11111111111111111110000000000111111011011110001111111000011110000000000111100001101110000111011101101111000101111100111111111111
11111111111111111110000000000111111011011110001111111000011110000001000111100001101110000111011101101111000101111111111111111111
11111111111111111110000000000111011011011110001111111000011110000001110111100001101110000011011101101111000101111011111111111111
11111111111111111110000000000111011011011100001111111000011110000001110111100001101110000011011101101111000101111011111111111111
11111111111111111110000000000111011011011100001111111000011110000000110111100001101110000011011101101111000101111011111111111111
11111111111111111110000000000111011011011110001111111000011110000000000111100001101110000011011101101111000101111000111111111111
11111111111111111110000000000111011011011110001111111000011110000000000111100001101110000011011101101111000111111111111111111111
11111111111111111110000000000111111011011110001111111000011110000000000111100001001110000011011101101111100111111111111111111111
11111111111111111110000000000111111011011110001111111000011110000000000111100001001110011111011101101111100111111111111111111111
11111111111111111110000000000111011011011110001111111000011110000000000111100001001110011111011101101111100111111111111111111111
11111111111111111110000000000111011011011110001111111000011110000000000111101001001110011111011101101111111111111111111111111111
11111111111111111110000000000111011011011110001111111000011110000000000111101001001110011011011101101111111111111111111111111111
11111111111111111110000000000111011011011110001111111000011110000000000111101000001110011011011101101111111111111111011111111111
11111111111111111110000000000111011011011110001111111000011110000000000111101000001110011111011101101111111111111111011111111111
11111111111111111110000000000111011011011110001111111000011110000000000111100001101110011111011101101111111111111111011111111111
11111111111111111110000000000111011011011110001111111000011110000000000111100001101110011111011101101111111111111111011111111111
11111111111111111110000000000111011011011110001111111000011110000000000111100001101110000111111101101111100111111111111111111111
11111111111111111110000000000111011011011110001111111000001110000000000111100001101110000011111111101111100111111100111111111111
11111111111111111110000000000111011011011110001111111000011110000000000111101001101110000011111111101111111111111100111111111111
11111111111111111110000000000111011111011111101111111011111111111101000111111101101111011111111111111111111111111101111111111111
11111111111111111110000000001111111111111111111111111111111111111101001111111111111111111111111111111111111111111101011111111111
11111111111111111110000000001111011111011111110111111100111110001101100000111110011111101111110001111000111111111101011111111111
11111111111100011110000000001110001111000001110001111000011111101101100110011111111111011011111100111110111111111100001111111111
11111111111000011110011110011110110111111011110111111111011101110001111110111111111111111011111101111110111110111100011111111111
11111111111011101110011111011110110111111011110111111111011111110001111110111111111110111111111111111111111110111100011111111111
11111111111011101110011110111110001111110111110011111111011111110011111100111111111111111011111111111100111100011111111110111111
11111111111011101111111110111110001111111111111101111110111111110111111111111111011111011011111111111111111101101111111110111111
11111111111000011111111110111110000111101111111111111101111111110111111111011110011111100011111111111111011101110111111101111111
11111111111110011111111101111101111111101111111110111111111111110111111111111111111111110111110111111111011101110111111011111111
11111111111110011111111101111101111111101111111110111011111101110111111111011111111111110111110111111111011101111111111111111111
11111111111110111111111101111100110111101111111101111011111111101111111111111110011111101111110111111110111100001111111111111111
11111111111111111111111101111110001111111111110011111100011110001111111001111111111111111111111111111111111111111111111111111111
11111111111111111111111111111111111111111111111111111111111111111111111111111111111111111111111111111111111111111111111111111111
11111111111111111111111111111111111111111111111111111111111111111111111111111111111111111111111111111111111111111111111111111111
11111111111111111111111111111111111111111111111111111111111111111111111111111111111111111111111111111111111111111111111111111111
11111111111111111111111111111111111111111111111111111111111111111111111111111111111111111111111111111111111111111111111111111111
11111111111111111111111111111111111111111111111111111111111111111111111111111111111111111111111111111111111111111111111111111111
11111111111111111111111111111111111111111111111111111111111111111111111111111111111111111111111111111111111111111111111111111111
11111111111111111111111111111111111111111111111111111111111111111111111111111111111111111111111111111111111111111111111111111111
11111111111111111111111111111111111111111111111111111111111111111111111111111111111111111111111111111111111111111111111111111111
11111111111111111111111111111111111111111111111111111111111111111111111111111111111111111111111111111111111111111111111111111111
11111111111111111111111111111111111111111111111111111111111111111111111111111111111111111111111111111111111111111111111111111111