11111111111111111111111111111111111111111111111111111111111111111111111111111111111111111111111111111111111111111111111111111111
11111111111111111111111111111111111111111111111111111111111111111111111111111111111111111111111111111111111111111111111111111111
11111111111111111111111111111111111111111111111111111111111111111111111111111111111111111111111111111111111111111111111111111111
11111111111111111111111111111111111111111111111111111111111111111111111111111111111111111111111111111111111111111111111111111111
11111111111111111111111111111111111111111111111111111111111111111111111111111111111111111111111111111111111111111111111111111111
11111111111111111111111111111111111111111111111111111111111111111111111111111111111111111111111111111111111111111111111111111111
11111111111111111111111111111111111111111111111111111111111111111111111111111111111111111111111111111111111111111111111111111111
11111111111111111111111111111111111111111111111111111111111111111111111111111111111111111111111111111111111111111111111111111111
11111111111111111111111111111111111111111111111111111111111111111111111111111111111111111111111111111111111111111111111111111111
11111111111111111111111111111111111111111011111111111111111111111111111111111111111111111111111111111111111111111111111111111111
11111111111111111111111011111111111111111011100111111111111111111111011111111100111111111111110111111011111111111111111111011111
11111111111111111011111011111111111111111111100111111111111111111111011111111100111111111111111111111111111111111111111111111111
11111111111111111011111110111111111011111111111111111111111111111111111111111100111111111111111111111111111111111111011111111111
11111111111111111011111110111111111011111111111011111111111111111111111111111111111111111111111111111111110111110111111111111111
11111111111110111111111110111111111111111111111111111111111111111111111111111111111111111111111111111111110111111111111111111111
11111111111111111111111111111111111111111111111111111111111111111111111111111111111111111111111111111111111111111111111111111111
11111111111111111111111111111111111111111111111111111111111111111111111111111111111111111111111111111111111111111111111111111111
11111111111111111111111111111111111111111111111111111111111111111111111111111111111111111111111111111111111111111111111111111111
11111111111111111111101111111111111111111110011111111111111111111111111111111111111111111111111111111111111111111111111111111111
11111111111111110011001110111011111111110110001100111000100110011111100111000111000011110110000011011100001111111001111111111111
11111111111111110011001110111011111111110110001100111000101110011111100111000111000011110110000011011100001111011001111111111111
11111111111111110011001100111011111111110110001100111000101110011111100111000111000011110110000011011100001111011001111111111111
11111111111111110011001100111011111111110110001100111000101110011111100111000111000011110110000011011100001111011001111111111111
11111111111111110011001100111011111111110110001100111000101110011111100111000111000011110110000011011100001111011001111111111111
11111111111111100011001100111011111111110110001100111000101110011111100111000111000011110110000011011100001111011001111111111111
11111111111111100011001100111011111111110110001100111000101110011111100111000111000011110110000011011100001111011001111111111111
11111111111111100011001100111011111111110110001100111000101110011111100111000111000011110110000011011100001111011001111111111111
11111111111111100011001100111011111111110110001100111000101110011111100111000111000011110110000011011100001111011001111111111111
11111111111111100011001100111011111111110110001100111000101110011111100111000111000011110110000011011100001111011001111111111111
11111111111111100011001100111011111111110110001100111000101110011111100111000111000011110110000011011100001111011001111111111111
11111111111111100011001100111011111111110110000000111000101110011111100111000111000011110110000011011100001111011001111111111111
11111111111111100011001100111011111111110110000000111000101110011111100111000111000011110110000011011100001111011001111111111111
11111111111111100011001100111011111111110110000000111000101110011111100110000111000011110110000011011100001111011001111111111111
11111111111111100011001100111011111111110110000000111000101110011111100111000111000011110110000011011100001111011001111111111111
11111111111111100000001100111011111111110110000000111000101110011111100111000111000011110110000011011100001111011001111111111111
11111111111111100000001100111011111111110110000000111000101110011111100110000111000011110110000011011100001111011001111111111111
11111111111111100000001100111011111111110110000000111000101110011111100110000111000011110110000011011000001111011001111111111111
11111111111111100000001100111011111111110110000000111000101110011111100110000111000011110110000011011000001111011001111111111111
11111111111111100000001100111011111111111110000000111000101110011111100110000111000011110110000011011000001111011001111111111111
11111111111111100000001100111011111111111110000000111000101110011111100110000111000011110110000011011000001111011001111111111111
11111111111111100000001100111011111111111110000000111000101110011111100110000111000011110110000011011000001111011001111111111111
11111111111111100000001100111011111111111110000000111000101100011111100110000111000011110110000011011000001111011001111111111111
11111111111111100000001100111011111111111100000000111000001100000111100110000111000011110110000011011000001111011001111111111111
11111111111111100000001100111011111111110000000000111000001100000111100110000111000011110110000011011000001111011001111111111111
11111111111111100000001100111011111011110000000000111000001100000001100110000111000011110110000011011000001111011001111111111111
11111111111111100000001100111011111011111100000000111000001100000111100110000111000011110110000011011000001111011001111111111111
11111111111111100000001100111011111011111100000000111000001100000001100110000111000011110110000011011000001111011001111111111111
11111111111111100000001100111011111011111100000000111000001100000001100110000111000011110110000011011000001111011001111111111111
11111111111111100000001100111011111011111100000000111000001100000001100110000111000011110110000011011000001111011001111111111111
11111111111111100000001100111011111011110000000000111000001100000000000110000111000011110110000011011000001111011001111111111111
11111111111111100000001100111011111011110000000000111000001100000000000110000111000011110110000011011000001111011001111111111111
11111111111111100000001100111011111011110000000000111000001100000000000110000111000011110110000011011000001111011001111111111111
11111111111111100000001100111011111011110000000000111000001100000000000110000111000011110110000011011000001111011001111111111111
11111111111111100000000000111011111011111100000000111000001100000000000110000111000011110110000011011000001111011001111111111111
11111111111111100000000000111011011011111100000000111000001100000000000110000111000011110110000011011000001111011001111111111111
11111111111111100000000000111011011011111100000000111000001100000000000110000111000011110110000011011000001111011001111111111111
11111111111111100000000000111011011011111100000000111000001100000000000110000111000011110110000011011000001111011001111111111111
11111111111111100000000000111011011011110000000000111000001100000000000110000111000011110110000011011000001111011001111111111111
11111111111111100000000000111011011011110000000000111000001100000000000110000111000011110110000011011000001111011001111111111111
11111111111111100000000000111011011011110000000000111000001100000000000110000111000011110110000011011000001111011001111111111111
11111111111111100000000001111011011011110000000000111000001100000000000110000111000011110110000011011000001111011001111111111111
11111111111111100000000001111011011011110000000000111000001100000000000110000111000011110110000011011000001111011001111111111111
11111111111111100000000001111011011011110000000000111000001100000000000110000111000011110110000011011000001111011001111111111111
11111111111111100000000001111011011011110000000000111000001100000000000110000111000011110110000011011000001111011001111111111111
11111111111111100000000001111011011011110000000000111000001100000000000110000111000011110110000011011000001111011001111111111111
11111111111111100000000001111011011011110000000000111000001100000000000110000111000011110110000011011000001111011001111111111111
11111111111111100000000001111011011011111100000000111000001100000000000110000111000011110110000011011000001111011001111111111111
11111111111111100000000001111011011011101100000000111000001100000000000110000111000011110110000011011000001111011001111111111111
11111111111111100000000001111011011011101100000000111000001100000000000110000111000011110110000011011000001111011001111111111111
11111111111111100000000001111011011011100000000000111000001100000000000110000110000011110110000011011000001111011001111111111111
11111111111111100000000001111011011011100000000000111000001100000000000110000110000011110110000011011000001111011001111111111111
11111111111111100000000001111011011011100000000000111000001100000000000110000110000011110110000011011000001111011001111111111111
11111111111111100000000001111011011011100000000000111000001100000000000110000110000011110110000011011000001111011001111111111111
11111111111111100000000001111011011011100000000000111000001100000000000110000110000011110110000011011000001111011001111111111111
11111111111111100000000001111011011011100000000000111000001100000000000110000110000011110110000011011000001111011001111111111111
11111111111111100000000001111011011011100000000000111000001100000000000110000110000011110110000011011000001111011001111111111111
11111111111111100000000001111011011011100000000000111000001100000000000110000110000011110110000011011000001111011001111111111111
11111111111111100000000001111011011011100000000000111000001100000000000110000110000011110110000011011000001111011001111111111111
11111111111111100000000001111011011011100000000000111000001100000000000110000110000011110110000011011000001111011001111111111111
11111111111111100000000001111011111011100000000000111000001100000000000110000110000011110110000011011000001111011001111111111111
11111111111111100000001001111011111011100000000000111000001100000000000110000110000011110110000011011000001111011001111111111111
11111111111111100000001001111011111011100000000000111000000000000000000110000110000011110110000011011000001111011001111111111111
11111111111111100000001001111011111011100000000000111000000000000000000110000110000011110110000011011000001111011001111111111111
11111111111111100000000001111011111011100000000000111000000000000000000110000110000011110110000011011000001111011001111111111100
11111111111111100000000001111011111011100000000000111000000000000000000110000110000011110110000011011000001111011001111111111100
11111111111111100000000001111011111011100000000000111000000000000000000110000110000011110110000011011000001111010001111111111100
11111111111111100000000001111011111011100000000000111000000000000000000110000110000011110110000011011000001111011001111111111100
11111111111111100000000001111011111011100000000000111000000000000000000110000110000011110110000011011000001111011001111111111100
11111111111111100000000001111011111011100000000000111000000000000000000110000110000011110110000011011000001111011001111111111100
11111111111111100000000001111011111011100000000000111000000000000000000110000110000011110110000011011000001111011001111111111100
11111111111111100000000001111111111011100000000000111000000000000000001110000110000011110110000011011000001111011001111111111100
11111111111111100000000001111111111011100000000000110000000000000000001110000110000011110110000011011000001111011001111111111100
11111111111111100000000001111111111011100000000000110000000000000000001110000110000011110110000011011000001111011001111111111100
11111111111111100000001001111111111011100000000000110000000000000000001110000110000011110110000011011000001111011001111111111100
11111111111111100000001001111111111011100000000000110000000000000000001110000110000011110110000011011000001111011001111111111100
11111111111111100000000001111111111011100000000000110000000000000000001110000110000011110110000011011000001111010001111111111100
11111111111111100000000001111111111011100000000000110000000000000000001110000110000011110110000011011000001111011001111111111100
11111111111111100000000001111110111011100000000000110000000000000000001110000110000011110110000011011000001111011001111111111100
11111111111111000000000001111110111011100000000000110000000000000000001110000110000011110110000011011000001111011001111111111100
11111111111111000000000001111110111011100000000000110000000000000000001110000110000011110110000011011000001111011001111111111100
11111111111111000000000001111110111011100000000000110000000000000000001110000110000011110110000011011000001111011001111111111100
11111111111111000000000001110110111011100000000000110000000000000000001110000110000011110110000011011000001111011001111111111111
11111111111111000000000001110110111011100000000000110000000000000000001110000110000011110110000011011000001111011001111111111111
11111111111111000000001011111111111011101000011000111001101100110001101110010111000011111110000111011000001111111001111111111111
11111111111111000111111111111111111111111111111111111111111111110001111111111111111111111111111111111101111111111001111111111111
11111111111111000111111111111111111111111111111111111111111111110001111111111111111111111111111111111111111111111001111111111111
11111111111111000111111111111111111111111111111111111111111111110001111111111111111111111111111111111101111111111001111111111111
11111001111111000111001111100111111001111110111111101111100111110001111101111110111111100111110011111001111110011001111111111111
11111110111111000111101111100111111111111110111110111111100111110001111101111100111111111111111111111011111111011001111111111111
11111110111111000111111111100111111111111110111111111111100111110101111101111111111111111111111111111111111111111001111111111111
11111100111111111111111111111111111111111111111111111111111111111111111101111111011111111111110111111111111111111111111101111111
11111101111111111111111111111011111111111111111111111111111011111111111101111111011111011111110111111111111111111111111111111111
11111111111111111111111111111111111111111111111111111111111111111111111111111111111111111111111111111111111111111111111111111111
11111111111111111111111111111111111111111111111111111111111111111111111111111111111111111111111111111111111111111111111111111111
11111111111111111111111111111111111111111111111111111111111111111111111111111111111111111111111111111111111111111111111111111111
11111111111111111111111111111111111111111111111111111111111111111111111111111111111111111111111111111111111111111111111111111111
11111111111111111111111111111111111111111111111111111111111111111111111111111111111111111111111111111111111111111111111111111111
11111111111111111111111111111111111111111111111111111111111111111111111111111111111111111111111111111111111111111111111111111111
11111111111111111111111111111111111111111111111111111111111111111111111111111111111111111111111111111111111111111111111111111111
11111111111111111111111111111111111111111111111111111111111111111111111111111111111111111111111111111111111111111111111111111111
11111111111111111111111111111111111111111111111111111111111111111111111111111111111111111111111111111111111111111111111111111111
11111111111111111111111111111111111111111111111111111111111111111111111111111111111111111111111111111111111111111111111111111111
11111111111111111111111111111111111111111111111111111111111111111111111111111111111111111111111111111111111111111111111111111111
11111111111111111111111111111111111111111111111111111111111111111111111111111111111111111111111111111111111111111111111111111111
11111111111111111111111111111111111111111111111111111111111111111111111111111111111111111111111111111111111111111111111111111111
11111111111111111111111111111111111111111111111111111111111111111111111111111111111111111111111111111111111111111111111111111111
11111111111111111111111111111111111111111111111111111111111111111111111111111111111111111111111111111111111111111111111111111111
11111111111111111111111111111111111111111111111111111111111111111111111111111111111111111111111111111111111111111111111111111111