11111111111111111111111111111111111111111111111111111111111111111111111111111111111111111111111111111111111111111111111111111111
11111111111111111111111111111111111111111111111111111111111111111111111111111111111111111111111111111111111111111111111111111111
11111111111111111111111111111111111111111111111111111111111111111111111111111111111111111111111111111111111111111111111111111111
11111111111111111111111111111111111111111111111111111111111111111111111111111111111111111111111111111111111111111111111111111111
11111111111111111111111111111111111111111111111111111111111111111110111100111101111111111111111111111111111111101111111111111111
11111111111111111111111111111111111111110111111111111111111111111111111110111111111011111111101111111111111111111111111111111111
11111111111111111111101111111111111111111111111111111111111111111111111111111111111111111111111111110111111111111111111111111111
11111111111111111111101111111111111111111111011111111111111111111111111111111111111111110001111111111111111111111111111111111111
11111111111111111111111111111111111111111111111111111111111111111111111111111111111111111111111011111111111111111111111111111111
11111111111111111111111011111111110111111111111111111111111111111111111111111110111111111111111111111111111111111111111111111111
11111111111111111111111011111111111111111111111111111111111111111111111111111111111111111111111111110111111111111111111111111111
11111111111111111111111111111111111111111111001111111111111111111111111111111111111111111111111111111111111111111111111111111111
11111111111111111111111111111111111111111111111111111111111111111111111111111111111111111111111111111111111111111111111111111111
11111111111111111111111111111111111111111111111111111111111111111111111111111111111111111111111111111111111111111111111111111111
11111111111111111111111111111111111111111111111111111111111111111111111111111111111111111110011111111111111111111111111111111111
11111111111111111111111111111111111111111111111111111101101111111111001110110011111011011110011111111110101111111111111111111111
11111111111111110110011011110110111111111101111111111101101111111101001110110011111011011110011111111110101111111111111111111111
11111111111111110100011011110110111111101101111111111101101111111111001110110011111011111110011111111110101111111111111111111111
11111111111111110100011011110110111111111101111111111101101111111111001110110011111011111110011111111110101111111111111111111111
11111111111111110100011011110111111111111101111111111101101111111111001110110011011011111110011111111110101111111111111111111111
11111111111111110100011011110111111111101001111111111101101111111101001110110011011011011110011111111110101111111111111111111111
11111111111111010110011011110111111111101101111111111101101111111101001110110011011011011110011111111110101111111111111111111111
11111111111111010110011011110110111111101101111111111101101111111101001110110011011011111110011111111110101111111111111111111111
11111111111111010110011011110111111111101101111111111101101111111101101110110011011011111110011111111110101111111111111111111111
11111111111111010110011011110111111111101101111111111101101111111101101110110011011011111110011111011110101111111111111111111111
11111111111111010110011011110111111111101101111111111101101111111101001110110011011011111110011111011110101111111111111111111111
11111111111111010110011011110111111111101101111111111101101111111101001110110011011011111110011101011110101111111111111111111111
11111111111111010110011011110111111111101101111111111101101111111101101110110011011011111110011111011110101111111111111111111111
11111111111111010110011011110111111111101101111111111101101111111101101110110001011011111110011111011110101111111111111111111111
11111111111111010110011011110111111111101101111111111101101111110101101110110001011011111110011111011110111111111111111111111111
11111111111111010110011011110111111111101101111111111101101111110101101110110001011011111110011101011111111111111111111111111111
11111111111111010110011011110111111111101101111111111101101111110101101110110001011011111110011101011111111111111111111111111111
11111111111111010110011011110111111111101101111111111101101111110101101110110001011011111110011101011111111111111111111111111111
11111111111111010110011011110111111111101101111111111111101111110101101110110001011011111110011101011111111111111111111111111111
11111111111111010110011011110111111111101101111111111111101111110111101110110001011111111110011101011111111111111111111111111111
11111111111111010110011011110111111111101101111111111111101111110111101110110001011111111110001101011111111111111111111111111111
11111111111111010110011011110111111111101101111111111111101111110111101110110001011111111110001101011111111111111111111111111111
11111111111111010110011011110111111111101101111111111111101111010111101110010001011111111110011101011111111111111111111111111111
11111111111111010110011011110111111111101101111111111111101111110111101110010001011111111110011101011111111111111111111111111111
11111111111111010110011011110111111111101101111111111111101111110111101110010001011111111110011101011111111111111111111111111111
11111111111111010110011011110111111111101101111110111111101111010111101110010001011111111110001101011110111111111111111111111111
11111111111111010110011011110111111111101101111110111111101111010111101110010001011111111110001101011111111111111111111111111111
11111111111111010110011011110111111111101101111110111111101111010111101110010001011111111110001101011111111111111111111111111111
11111111111111010110011011110111111111101101111110111111101111010111101110010001011111111110001101011111111111111111111111111111
11111111111111010110011011110111111011101101111110111111101111010111101110010001011111111110001101011111111111111111111111111111
11111111111111010110011011110111111011101101111110111111101111010111101110010001011111111110001101011111111111111111111111111111
11111111111111010110011011110111111011101101111110111111101111010111101110010001011111111110001101011111111111111111111111111111
11111111111111010110011011110111111011101101111110111111101111010111101110010001011111111110001101011111011111111111111111111111
11111111111111010110011001110111111011101101111110111111101111011111101110010001011111111110001101011111111111111111111111111111
11111111111111010110011011110111111011101101111110111111101111011111101110010001011111111110001101011111111111111111111111111111
11111111111111010110011001110111111011101101111110111111101111011111101110010001011111111110001101111111111111011010111111111111
11111111111111010110011001110111111011101101111110111111101111011111101110010001111111111110001101111111111111011010111111111111
11111111111111010110011001110111111011101101111110111111101111011111101110010001111111111110001101111111111111011011111111111111
11111111111111010110011001110111111011101101111010111111101111011111101110010001111111111110001101111111111111011011111111111111
11111111111111011110011001111111111011101101111010111111101111011111101110010001111111101110001111011111001111011010111111111111
11111111111111011110011001111111111011101101111010111111101111111111100110010001111111111110001111111111001111011010111111111111
11111111111111011110011001110111111011101101111010111111101111111111100110010001111111111110001111111111001111011010111111111111
11111111111111011110011001111111111011111101111010111111100111111111100110010001111111111110001111111111111111011010111111111111
11111111111111011110011001111111111011111101111010111111100111111111100110010001111111101110001111111111110111011010111111111111
11111111111111010110011001111111111011111101111010111111100111111111100110010001111111101110001111111111110111011000111111111111
11111111111111010110011001110111111011111101111010111111100111111111100110010001111111101110001111111111010111011010111111111111
11111111111111010110011001111111111011111101111010111111101111111111100110010001111111101110001111111111010111011010111111111111
11111111111111011110011001111111111011111101111010111111101111111111100110011001111111101110001111111111010111011010111111111111
11111111111111011110011001110111111011111101111010111111100111111111100110011001111111101110001111111111010111011010111111111111
11111111111111011110011001110111111011111101111010111111100111111111100110011001111111101111001111111111010111011010111111111111
11111111111111011110011001110111111011111101111010111111100111111111100110011001111111101111001111111111010111011010111111111111
11111111111111010110011001111111111011111101111010111111100111111111100110011001111111101111001111111111000111011010111111111111
11111111111111010110011001111111111011111101111010111111100111111111100110011001111111101110001110111111000111011010111111111111
11111111111111011110011001111111111011111101111010111111100111111111100110011001111101101110001110111111000111011010111111111111
11111111111111011110011001111111111011111101111010111111100111111111100110011001111101101110001111111111010111011010111111111111
11111111111111011110011001111111111011111101111010111111100111111111100110011001111101101110001111111111010111011010111111111111
11111111111111010110011001111111111011111101111010111111100111111111100110011001111101101110001111111111010111011010111111111111
11111111111111011110011001111111111011111101111010111111100111111111100110011001111101101111001111111111010111011010111111111111
11111111111111011110011001111111111011111101111010111111100111111111100110011001111101101111001110011111010111011010111111111111
11111111111111011110011001111111111011111101111010111111100111111111100110011001111101101111001111111111010111011000111111111111
11111111111111011110011001111111111011111101111010111111100111111111100111011001111101101111001111111111010111011010111111111111
11111111111111011110011001111111111011111101111010111111100111111111100111010001111101101111001111111111010111011010111111111111
11111111111111011110011001111111111011111100111010111110100111111111100110011001111101101111001110111111010111011010111111111111
11111111111111011110011001111111111011111101111010111111100111111111100111011001111101101111001110111111000111011000111111111111
11111111111111011110011001111111111011111101111111111111100111111111100111011001111101101111001111111111010111011000111111111111
11111111111111011110011001111111111011111101111011111111100111111111100111011001111101101111001111111111010111111000111111111111
11111111111111011110011001111111111011111100111011111110100111111111100111011001101101101111001110101111010111111011111111111111
11111111111111011110011001111111111011111100111011111110100111111111100111011001101101101111001110101111010111111111111111111111
11111111111111011110011001111111111011111100111011111110100111111111100111011001101101101111001110101111010111111111111111111111
11111111111111011110011001111111111011111100111111111110100111111111100111011000101101101111001110101111010111111111111111111111
11111111111111011110011001111111111011111100111111111110100111111111100111011000101101101111001111111111010111111111111111111111
11111111111111011110011001111111111011111100111111111110100111111111100111011001101101101111001111111111011111111111111111111111
11111111111111011110011001111111111011111100111111111110100111111111100111011001101101101111001111111111011111111111111111111111
11111111111111011110011001111111111011111100111111111110100111111111100111011001101101111111001111101111011111111111111111111111
11111111111111011110011001111111111011111100111111111110100111111111100111011001101101111111001111101111011111111111111111111111
11111111111111011110011001111111111011111100111111111110100111111110100111011001101101111111001111101111011111111111111111111111
11111111111111011110011001111111111011111100111111111110100111111110100111011001101101111111001111101111011111111111111111111111
11111111111111111110011001111111011011111100111111111110100111111110100111011001101101111111001111101111011111111111111111111111
11111111111111111110011001111111011011111100111111111110110111111110100111011001101101111111001111101111011111111111111111111111
11111111111111111110011001111111011011111100111111111110110111111110100111011001101101111111001111101111011111111111111111111111
11111111111111011110011001111111011011111100111111111110110111111110100111011001101101111111001111101111011111111111111111111111
11111111111111011110001001111111011011111100111111111110110111111110100111011001101101111111001110101111111111111111111111111111
11111111111111011110001001111111011011111100111111111110110111111110100111011001101101111111001110101111111111111111111111111111
11111111111111011110001001111111011011111100111111111110110111111110100111011001101101111111001111101111111111111111111111111111
11111111111111011110001001111111011011111100111111111110110111111110100111011001101101111111001110101111111111111111111111111111
11111111111111111110001001111111011011111100111111111110110111111110100111011000101101111111001110101111111111111111111111111111
11111111111111011110001001111111011011111100111111111110110111111110100111011000101111111111001110101111111111111111111111111111
11111111111111111110001001111111011011111100111111111110110111111110110111011000101111111111000110101111111111111111111111111111
11111111111111111110001001111111011011111100111111111110110111111110110111011000101111111111000110101111111111111111111111111111
11111111111111111110001001111111011011111100111111111110110111111010110111011000101111111111000110101111111111111111111111111111
11111111111111111110001001111111011011111100111111111110110111111010110111011000101111111111000110101111111111111111111111111111
11111111111111111110001001111111011011111100111111111110110111111010110111011000101111111111000110101111111111111111111111111111
11111111111111011110001001111111011011111100111111111110110111111010110111011000101111111111000110101111111111111111111111111111
11111111111111011110001001111111011011111100111111111110110111111010110111011000101111111111000110101111111111111111111111111111
11111111111111111110001001111111011011111100111111111110110111111010110111011000101111111111000110101111111111111111111111111111
11111111111111111110001101111111011011111100111111111110110111111010110111011000101111111111000110101111111111111111111111111111
11111111111111111110001101111111011011111100111111111110110111111010110111011000101111111111000110101111111111111111111111111111
11111111111111111110001101111111011011111100111111111110110111111011110111001000101111111111000110111111111111111111011111111111
11111111111111111110001101111111011111110100111111111110110111111011110111011000111111111111111111111111111111111111011111111111
11111111111111111110001101111111011011110100111111111110110111101010110111011101111111111111111111111111111111111111011111111111
11111111111111111110001101111111011111111100111111111111111111111011111111111111111111111111111111111111111111101111011111111111
11111111111111111111111111111111111111111111111111111111111111111011111111111111111111111111111111111110111111101111011111111111
11111111111111111111111111111111111111111111111111111111111111111011111111111111111111110111111111111110111111111111011111111111
11111111111111111111111111111111111111111111111111111111111111111011111110111111111111111111111111111110111111111101111110111111
11111101111111111111001111110111111000111110011111100111111111111010111110111111111111111111111110111111111111111111111101111111
11111111111111111111111111101111111110111111111111111111110111111011111111111111111111110111111110111111111111111111111111111111
11111111111111111111111111111111111111111110111111111111110111111011111111111111001111111111111110111111111111111111111111111111
11111011111111111111111111110011111111111111011111110111111111111111111111111111101111111111111111111111111111111111111111111111
11111100111111111111111111100011111111111111111111111111111111111111111111111111111111111111111101111111111111111111111111111111
11111101111111111111011111111111111111111111111111111111111101111111111111111111111111111111111111111111111111111111111111111111
11111101111111111111111111111111111111111111111111111111111011111111111111111111111111111111111111111111111111111111111111111111
11111111111111111111111111110111111111111111111111111111111111111111111111111111111111111111111111111111111111111111111111111111
11111111111111111111111111111111111111111111111111111111111111111111111111111111111111111111111111111111111111111111111111111111