11111111111111111111111111111111111111111111111111111111111111111111111111111111111111111111111111111111111111111111111111111111
11111111111111111111111111111111111111111111111111111111111111111111111111111111111111111111111111111111111111111111111111111111
11111111111111111111111111111111111111111111111111111111111111111111111111111111111111111111111111111111111111111111111111111111
11111111111111111111111111111111111111111111111111111111111111111111111111111111111111111111111111111111111111111111111111111111
11111111111111111111111111111111111111111111111111111111111111111111111111111111111111111111111111111111111111111111111111111111
11111111111111111111111111111111111111111111111111111111111111111111111111111111111111111111111111111111111111111111111111111111
11111111111111111111111111111111111111111111111111111111111111111111111111111111111111111111111111111111111111111111111111111111
11111111111111111111111111111111111111111111111111111111111111111111111111111111111111111111111111111111111111111111111111111111
11111111111111111111111111111111111111111111111111111111111111111111111111111111111111111111111111111111111111111111111111111111
11111111111111111111111111111111111111111111111111111111111111111111111111111111111111111111111111111111111111111111111111111111
11111111111111111111111111111111111111111111111111111111111111111111111111111111111111111111111111111111111111111111111111111111
11111111111111111111111111111111111111111111111111111111111111111111111111111111111111111111111111111111111111111111111111111111
11111111111111111111101111111111111111111111111111111111111111111111111111111111111111111111111111111111111111111111111111111111
11111111111111111111111111111111111111111111111111111111111111111111111111111101111111111111111111111111111111111111111111101111
11111111111111111111111111111111111111111111111111111111111111111111111111111111111111111111111111111111111111111111111111111111
11111111111111111111111011111111111111111111111111111111111111111111111111111111111111111111111111111111111111111111111111111111
11111111111111111111111111111111111111111111111111111111111111111111111111111111111111111111111111111111111111111111111111111111
11111111111111111111111111111111111111111111111111111111111111111111111111111111111111111111111111111111111111111111111111111111
11111111111111111111111111111111111111111111111111111111111111111111111111111111111111111111111111111111111111111111111111111111
11111111111111111111111111111111111111111111111111111111111111111111111111111111111111111111111111111111111111111111111111111111
11111111111111111111111111111111111111111111111111111111111111111111111111111011111111101111110011111111111111111111111111111111
11111111111111111110011011111111111111111011111111111111001100111111001110110011101101101111100011111111010111111111111111111111
11111111111111111110011011111111110111111011111111111111001100111111001110110011101101101111100011111111010111111111111111111111
11111111111111111110011011111111111111111011111111111111001100111111001110110011101101101111100011111111010111111111111111111111
11111111111111111110011011111111111111111011111111111111001100111111001110110011101101101111100011111111010111111111111111111111
11111111111111111110011011111111111111111011111111111111001100111111001110110011101101101111100011111111010111111111111111111111
11111111111111111110011011111111111111111011111111111111001100111111001110110011101101101111100011111111010111111111111111111111
11111111111111111110011011111111111111111011111111111111001100111111001110110011101101101111100011111111010111111111111111111111
11111111111111111110011011111111111111111011111111111111001100111111001110110011101101101111100011111111010111111111111111111111
11111111111111111110011011111111111111111011111111111111001100111111001110110011101101101111100011111111010111111111111111111111
11111111111111111110011011111111111111111011111111111111001100111111001110110011101101101111100011111111010111111111111111111111
11111111111111111110011011111111111111111011111111111111001100111111001110110011101101101111100011111111010111111111111111111111
11111111111111111110011011111111111111111011111111111111001100111111001110110011101101101111100011111111010111111111111111111111
11111111111111111110011011111110111111111011111111111111001100111111001110110011101101101111100011111111010111111111111111111111
11111111111111111110011011111111111111111011111111111111001100111111001110110011101101101111100011111111010111111111111111111111
11111111111111111110011011111110111111111011111111111111001100111111001110110011101101101111100011111111010111111111111111111111
11111111111111111110011011111110111111111011111111111111001100111111001110110011101101101111100011111111010111111111111111111111
11111111111111111110011011111110111111111011111111111111001100111111001110110011101101101111100011111111010111111111111111111111
11111111111111111110011011111110111111111011111111111111001100111111001110110011101101101111100011111111010111111111111111111111
11111111111111110110011011111110111111111011111111111111001100111111001110110011101101101111100011111111010111111011111111111111
11111111111111111110011011111110111111111011111111111111001100111111001110110011101101101111100011111111010111111111111111111111
11111111111111111110011011111110111111111011111111111111001100111111001110110011101101101111100011111111010111111111111111111111
11111111111111110110011011111110111111111011111111111111001100111111001110110011101101101111100011111111010111111111111111111111
11111111111111110110011011111110111111111011111111111111001100111111001110110011101101101111100011111111010111111111111111111111
11111111111111110110011011111110111111111011111111111111001100111111001110110011101101101111100011111111010111111111011111111111
11111111111111110110011011111110111111111011111111111111001100111111001110110011101101101111100011111111010111111111011111111111
11111111111111110110011011111110111111111011111111111111001100111111001110110011101101101111100011111111010111111111111111111111
11111111111111110110011011111110111111111011111111111111001100111111001110110011101101101110100011111111010111111111111111111111
11111111111111110110011011111110111111111011111111111111001100111111001110110011101101101110100011111111010111111111011111111111
11111111111111110110011011111110111111111011111111111111001100111111001110110011101101101110100011111111010111111111011111111111
11111111111111110110011011111110111111111001111111111111001100111111001110110011101101101110100011111111010111111111011111111111
11111111111111110110011011111110111111111011111111111111001100111111001110110011101101101110100011111111010111111111011111111111
11111111111111110110011011111110111111111001111111111111001100111111001110110011101101101111100011111111010111111111011111111111
11111111111111110110011011111110111111111001111111111111001100111111001110110011101101101111100011111111010111111111011111111111
11111111111111110110011011111110111111111001111111111111001100111111001110110011101101101111100011111111010111111111011111111111
11111111111111110110011011110110111111111001111111111111001100111111001110110011101101101111100011111111010111111111011111111111
11111111111111110110011011110110111111111001111111111111001100111111001110110011101101101111100011111111010111111111011111111111
11111111111111110110011011110110111111111001111111111111001100111111001110110011101101101110100011111111010111111111011111111111
11111111111111010110011011110110111111111001111111111111001100111111001110110011101101101110100011111111010111111111011111111111
11111111111111010110011011110110111111111001111111111111001100111111001110110011101101101110100011111111010111111111011111111111
11111111111111010110011011110110111111111001111111111111001100111111001110110011101101101110100011111111010111111101011111111111
11111111111111010110011011110110111111111001111111111111001100111111001110110011101101101110100011111111010111111111011111111111
11111111111111010110011011110110111111111001111111111111001100111101001110110011101101101110100011111111010111111111011111111111
11111111111111010110011011110111111111111001111111111111001100111101001110110011101101101110100011111111010111111101011111111111
11111111111111010110011011110110111111111001111111111111001100111101001110110011101101101110100011111111010111111101011111111111
11111111111111010110011011110111111111111001111111111101001100111101001110110011101101101110100011111111010111111101011111111111
11111111111111010110011011110110111111111001111111111101001100111101001110110011101101101110100011111111010111111101011111111111
11111111111111010110011011110110111111111001111111111101001100111101001110110011101101101110100011111111010111111101011111111111
11111111111111010110011011110111111111111001111111111101001100111101001110110011101101101110100011111111010111111101011111111111
11111111111111010110011011110111111111111001111111111101001100111101001110110011101101101110100011111111010111111101011111111111
11111111111111010110011011110111111111111001111111111101001100111101001110110011101101101110100011111111010111111100011111111111
11111111111111010110011011110111111111111001111111111101001100111101001110110011101101101110100011111111010111111100011111111111
11111111111111010110011011110111111111111001111111111101001100111101001110110011101101101110100011111111010111111100011111111111
11111111111111010110011011110111111111111001111111111101001100111101001110110011101101101110100011111111010111111101011111111111
11111111111111010110011011110111111111111001111111111101001100111101001110110011101101101110100011111111010111111101011111111111
11111111111111010110011011110111111111111001111111111101101100111101001110110011101101101110100011111111010111111101011111111111
11111111111111010110011011110111111111111001111111111101101100111101101110110011101101101110100011111111010111111101011111111111
11111111111111010110011011110111111111111001111111111101101100111101001110110011101101101110100011111111010111111100011111111111
11111111111111010110011011110111111111111001111111111101001100111101001110110011101101101110100011111111010111111100011111111111
11111111111111010110011011110111111111111001111111111101001100111101001110110011101101101110100011111111010111111100011111111111
11111111111111010110011011110111111111111001111111111101001100111101001110110001101101101110100011111111010111111100011111111111
11111111111111010110011011110111111111111001111111111101101100111101001110110001101101101110100011111111010111111100011111111111
11111111111111010110011011110111111111111001111111111101101100111101101110110001101101101110100011111111010111111100011111111111
11111111111111010110011011110111111111111001111111111101101100111101101110110001101101101110100011111111010111111100011111111111
11111111111111010110011011110111111111111001111111111101101100111101101110110001101101101110100011111111010111111100011111111111
11111111111111010110011011110111111111111001111111111101101100111101101110110001101101101110100011111111010111111100011111111111
11111111111111010110011011110111111111111001111111111101101100111101101110110001101101101110100011111111010111111100011111111111
11111111111111010110011011110111111111111001111111110101101100111101101110110001101101101110100011111111010111111100011111111111
11111111111111010110011011110111111111101001111111110101101100111101001110110001101101101110100011111111010111111100011111111111
11111111111111010110011011110111111111101001111111110101101100111101101110110001101101101110100011111111010111111100011111111111
11111111111111010110011011110111111111101001111111110101101100110101101110110001101101101110100011111111010111111100011111111111
11111111111111010110011011110111111111101001111111110101101100110101101110110001101101101110100011111111010111111100011111111111
11111111111111010110011011110111111111101001111111110101101100110101001110110001101101101110100011111111010111111100011111111111
11111111111111010110011011110111111111101001111111110101101100110101101110110001101101101110100011111111010111111100011111111111
11111111111111010110011011110111111111101001111111110101101100110101101110110001101101101110100011111111010111111100011111111111
11111111111111010110011011110111111111101001111111110101101100110101101110110001101101101110100011111111010111111100011111111111
11111111111111010110011011110111111111101001111111110101101100110101101110110001101101101110100011111111010111111100011111111111
11111111111111010110011011110111111111101101111111110101101100110101101110110001101101101110100011111111010111111100011111111111
11111111111111010110011001110111111111101101111111110101101100110101101110110001101101101110100011111111010111111100011111111111
11111111111111010110011001110111111111101101111111110101101100110101101110110001101101101110100011111111010111111100011111111111
11111111111111010110011001110111111111101101111111110101101100110101101110110001101101101110100011111111010111111100011111111111
11111111111111010110011001110111111111101101111111110101101100110101101110110001101101100110100011111111010111111100011111111111
11111111111111010110011001110111111111101101111111110101101100110101101110110001101101100110100011111111010111111100011111111111
11111111111111010100011001110111111111101001111111110101101100110101101110010001101101100110100011111111010111111100011111111111
11111111111111010100011001110111111111101101111111110101101100010101101110010001101101100110100011111111010111111100011111111111
11111111111111010110011001110111111111101101111111110101101100010101101110010001101101100110100011111111010111111100011111111111
11111111111111010110011011110111111111101101111111110101101100110101101110110001101101100110100011111111010111111100011111111111
11111111111111010100011011110111111111101101111111110101101100110101101110110001101101100110100011111111010111111100011111111111
11111111111111010111111111111111111111111111111111111111111111110101111111111111111111111111111111111111111111111100011111111111
11111111111111010111111111111111111111111111111111111111111111110101111111111111111111111111111111111111111111111100011111111111
11111111111111010111111111111111111111111111111111111111111111110101111111111111111111111111111111111111111111111100011111111111
11111101111111010111101111100111111101111101111111111111110111110101111101111111111111111111111111111110111111011100011111111111
11111111111111010111111111111111111111111111111111111111111111110101111111111111111111111111111111111111111110101100011101111111
11111110111111010111111111100111111111111101111111011111111111110101111111111101101111111111111111111111111111101100011110111111
11111111111111111111111111111111111111111111111111111111111111111111111111111101101111111111111111111111111111101110011111011111
11111101111111111111111111111111111111111111111111111111111111111111111111111111101111111111110011111111111111111111111110111111
11111111111111111111111111111111111111111111111111111111111011111111111111111111111111011111111111111111111111111111111101111111
11111111111111111111111111111111111111111111111111111111111111111111111111111111111111111111111111111101111111011111111111111111
11111111111111111111111111111111111111111111111111111111111111111111111111111111111111111111111111111111111111111111111111111111
11111111111111111111111111111111111111111111111111111111111111111111111111111111111111111111111111111111111111111111111111111111
11111111111111111111111111111111111111111111111111111111111111111111111111111111111111111111111111111111111111111111111111111111
11111111111111111111111111111111111111111111111111111111111111111111111111111111111111111111111111111111111111111111111111111111
11111111111111111111111111111111111111111111111111111111111111111111111111111111111111111111111111111111111111111111111111111111
11111111111111111111111111111111111111111111111111111111111111111111111111111111111111111111111111111111111111111111111111111111
11111111111111111111111111111111111111111111111111111111111111111111111111111111111111111111111111111111111111111111111111111111
11111111111111111111111111111111111111111111111111111111111111111111111111111111111111111111111111111111111111111111111111111111
11111111111111111111111111111111111111111111111111111111111111111111111111111111111111111111111111111111111111111111111111111111
11111111111111111111111111111111111111111111111111111111111111111111111111111111111111111111111111111111111111111111111111111111