11111111111111111111111111111111111111111111111111111111111111111111111111111111111111111111111111111111111111111111111111111111
11111111111111111111111111111111111111111111111111111111111111111111111111111111111111111111111111111111111111111111111111111111
11111111111111111111111111111111111111111111111111111111111111111111111111111111111111111111111111111111111111111111111111111111
11111111111111111111111111111111111111111111111111111111111111111111111111111111111111111111111111111111111111111111111111111111
11111111111111111111111111111111111111111111111111111111111111111111111111111111111111111111111111111111111111111111111111111111
11111111111111111111111111111111111111111111111111111111111111111111111111111111111111111111111111111111111111111111111111111111
11111111111111111111111111111111111111111111111111111111111111111111111111111111111111111111111111111111111111111111111111111111
11111111111111111111111111111111111111111111111111111111111111111111111111111111111111111111111111111111111111111111111111111111
11111111111111111111111111111111111111111111111111111111111111111111111111111111111111111111111111111111111111111111111111111111
11111111111111111111111111111111111111111111111111111111111111111111111111111111111111111111111111111111111111111111111111111111
11111111111111111111111111111111111111111111111111111111111111111111111111111111111111111111111111111111111111111111111111111111
11111111111111111111111111111111111111111111111111111111111111111111111111111111111111111111111111111111111111111111111111111111
11111111111111111111111011111111111111111111111011111111111111111111111111111101011111111111111111110111111111111111111111111111
11111111111111111111111011111111111111111111110111111111111111111111111111111111111111111111111111110111111111111111111111111111
11111111111111111100111000111111111111111111110111100111111111101111111111111110111111111111111111110011111111111111101111111111
11111111111111111111111110111111111111111111111111111111111111111111111111111111111111111111111111111111110111100111111111001111
11111111111111111111111110111111111111111111111111111111111111111111111111111111111111111111111111111111111111111111111111111111
11111111111111111111111111111111111111111111111111111111111111111111111111111111111111111111111111111111111111111111111111111111
11111111111111111111111111111111111111111111111111111111111111111111111111111111111111111111111111111111111111111111111111111111
11111111111111111111111111111111111111111111111111111111111111111111111111111111111111111111111111111111111111111111111111111111
11111111111111111111111111111111111111111111111111111111111111111111111111111111111111111111111111111111111111111111111111111111
11111111111111110011000110111111111101111110111100001100110110011110111111111000011101111111000011111001110000011100111111111111
11111111111111110011000110111111101101111110111100001100100110011010101111111000011101111111000011101001110000011100111111111111
11111111111111111111000100111111111101111110111100001100100110011010101111111000011101111111000011100001110000011100111111111111
11111111111111111111000100111111111101111110111100001100100110011010101111111000011101111111000011100001110000011100111111111111
11111111111111110011000100111111111101111110111100011100100110011010101111111000011101111111000011100001110000011100111111111111
11111111111111110011000100111111111101110110111100011100100110011010101111111000011101111111000011100001110000011100111111111111
11111111111111110011000100111111111111110110111100011100100110011110101111111000011101101111000011100001110000011000111111111111
11111111111111110011000100111111111111110110111100011100100110011111101111111000011101101111000011100001110000011000111111111111
11111111111111110011000100111111111111110110111100011100100110011010101111100000011101101111000011100001110000011000111111111111
11111111111111110011000100111111111111110110111100011100100110011110101111100000011101101111000011100001110000011000111111111111
11111111111111110011000100111111111111110110111100011100100110011110101111111000011101101111000011100001110000011000111111111111
11111111111111110011000100111011111111110110111100011100100110011111101111111000011101101111000011100001110000011000111111111111
11111111111111100011000100111011111111110110111100011100100110011111101111100000011101101111000011100001110000011000111111111111
11111111111111101011001100111011111111110110111100011100100110011111101111100000011101101111000011100001110000011000111111111111
11111111111111101011001100111011111111110110111100011100100110011111101111100000011101101111000011100001110000011000111111111111
11111111111111100011001100111011111111110110111100011100100110011111101111100000011101101111000011100001110000011000111111111111
11111111111111100011001100111011111111110110111100011100100110011111101111100000011101101111000011100001110000011000111111111111
11111111111111100011001100111011111111110110111100011100100110011111101111100000011101101111000011100001110000011000111111111111
11111111111111100011001100111011111111110110111100011100100110011111101111100000011101101111000011100001110000011010111111111111
11111111111111100011001100111011111111110110111100011100100110011111111111100000011101101111000011111001110000011010111111111111
11111111111111100011001100111011111111110110111100011100100110011111111111000000011101101111000011111001110000011000111111111111
11111111111111100011001100111011111111110110111100011100100110011111111111000000011101111110000011100001110000011000111111111111
11111111111111100010001100111011111111110100111100011100100110011111111111000000011101111110000011100001110000011000111111111111
11111111111111100000001100111011111111110100111100011100100100011111111111000000011111111110000011100001110000011010111111111111
11111111111111100000001100111011111111110100111100011100100100011111111111010000011111101110000011100001110000011010111111111111
11111111111111100000001100111011111111110100111100011100100100011111111111010000011111111110000011100001110000011000111111111111
11111111111111100000001100111011111111110100111100011100100100011111111111010000011111111110000011111001110000011010111111111111
11111111111111100000001100111011111111110100111100011100100100011111111111010000011111111110000011111001110000011010111111111111
11111111111111100010001101111011111111110100111100011100100100011111111111000000011111111110000011111001110000011010111111111111
11111111111111100010001101111011111111111100111100011100101100011111111111000000011111111110000011111001110000011011111111111111
11111111111111100010001101111011111111111100111000011100101100011111111111000000011111111110000011111001110000011011111111111111
11111111111111100010001101111011111111111100111000011100101100011111111111010000011111111110000011100001110000011011111111111111
11111111111111100010001101111011111111111100111000011100101100011111111111010000011111111110000011100001110000011011111111111111
11111111111111100010001101111011111111111100111000011100101100011111111111010000011111111110000011100001110000111011111111111111
11111111111111100010001101111011111111111100111000011100101100011111111111000000011111111110000011100001110000111011111111111111
11111111111111100010001101111011111111111100111000011101101100011111111111000000011111111110000011100001110000011011111111111111
11111111111111100010001101111011011111111100111000011101101100011111111111000000011111111110000011100001110000111011111111111111
11111111111111100010001101111011011011111100111000011101101100011111111111000000011111111110000011000001110000111001111111111111
11111111111111100010001101111011011011111100111000011101101100010111111111000000011111111110000011000001110000111001111111111111
11111111111111100010001101111011011011111100111000011101101100011111111111000000011111111110000011000001110000111001111111111111
11111111111111100010001101111011011011111100111000011101101100010111111111000000011111111110000011000001110000111001111111111111
11111111111111100010001101111011011011111100111000011101101100010111111111000000011111111110000011000001110000111001111111111111
11111111111111100010001101111011011011111100111000011101101100010111111111000000011111111110000011000001110000111001111111111111
11111111111111100010001101111011011011111100111000011101101100010111111111000000011111111110000011000001110000111001111111111111
11111111111111100010001101111011011011111100111000011101101100010111111111000000011111111110000011000001110000111001111111111111
11111111111111100010001101111011011011111100111000011101101100010111111111000000011111111110000011000001110000111001111111111111
11111111111111100010001101111011011011111100111000011101101100010101111111000000011111111110000011000001110000111001111111111111
11111111111111100010001101111011011011111100111000011101101100010111111111010000011111111110000011010001110000111011111111111111
11111111111111100010001101111011011011111100111000011001101100010111111111010000011111111110000011010001110000111011111111111111
11111111111111100000001101111011011011111100111000011101101100010111111111010000011111111110000011010001110000111011111111111111
11111111111111100010001101111011011011111100111000011101101100010111111111010000011111111110000011000001110000111011111111111111
11111111111111100010001101111011011011111100111000011001101100010101111111010000011111111110000011000001110000111011111111111111
11111111111111100010001001111011011011111100111000011001101100010101111111000000011111111110000011000001110000111001111111111111
11111111111111100010001001111011011011111100111000011001101100010101111111010000011111111110000011000001110000111001111111111111
11111111111111100010001001111011011011111100111000011001101100010101111111010000011111111110000011000001110000111001111111111111
11111111111111100010001001111011011011111100111000011001101100010101111111010000011111111110000011000001110000111001111111111111
11111111111111100010001001111011011011111101111000011001101100010101111111010000011111111110000011010001110000111001111111111111
11111111111111100000001001111011011011111101111000011001101100010101111111010000011111111110000011010001110000111001111111111111
11111111111111100010001001111011011011111101111000011001101100010101111111000000011111111110000011000001110000111001111111111111
11111111111111100010001001111011011011111101111000011001101100010101111111000000011111111110000011010001110000111111111111111111
11111111111111100000001001111111011011111101111000011001101100010101111111000000011111111110000011010001110000111111111111111111
11111111111111100000001001111111011011111101111000011001101100010101111111000000011111111110000011010001110000111111111111111111
11111111111111100010001001111111011011111101111000011001101100010101111111000000011111111110000011000001110000111111111111111111
11111111111111100010001001111111011011111101111000011001101100110101111111000000011111111110000011000001110000111111111111111111
11111111111111100010001001111111011011111101111000011001101100110101111111000000011111111110000011000001110000111001111111111111
11111111111111100010001001111111111011101101111000011001101100110101111111000000011111111110000011000001110000111001111111111111
11111111111111100010001001111111111011101101111000011001101100110101111111010000011111111110000011000001110000111111111111111111
11111111111111100000001001111111111011101101111010011001101100110101011111010000011111111110000011010001110000111111111111111111
11111111111111100000001001111111111011101101111010011001101100110101011111010000011111111110000011010001110000111111111111111111
11111111111111100000001001111111111011101101111000011001101100110101011111010000011111111110000011000001110000111111111111111111
11111111111111100000001001111111111011101101111000011001101100110101011111010000011111111110000011000001110000111111111111111111
11111111111111100000001001111111111011101101111000011001101100110101011111010000011111111110000011000001110000111001111111111111
11111111111111100000001001111111111011101101111000011001101100110101011111010000011111111110000011000001110000111111111111111111
11111111111111100000001001111111111011101101111000011001101100110101011111010000011011111110000011000001110000111001111111111111
11111111111111100000001001111111111011101101111000011001101100110101011111000000011011111110000011010001110000111001111111111111
11111111111111100000001001111111111011101101111000011001101100110101011111010000011011111110000011010001110000111001111111111111
11111111111111100000001001111111111011101101111000111001101100110101011111010000011011111110000011010001110000111001111111111111
11111111111111100000001001111111111011101101111000111001101100110101011111010000011011111110000011000001110000111001111111111111
11111111111111100000001001111111111011101101111000111001001100110101011111010000011011111110000011000001110000111111111111111111
11111111111111100000001001111111111011101101111000111001001100110101011111010000011011111110000011000001110000111111111111111111
11111111111111100000001001111111111011101101111000111001001100110101011111010000011011111110000111000001110000111111111111111111
11111111111111100000001001111111111011101101111000111001001100110101011111000000011011011110000111000001110000111111111111111111
11111111111111100000001001111111111011101001111000111001001100110101011111000000011011011110000111000001110000111001111111111111
11111111111111100000001001111111111011101101111000111001001100110101011111110000011011011110000111000001110000111001111111111111
11111111111111100100001001111111111011101101111110111001101100110101011111110010011011111111100111010001111100111001111111111111
11111111111111100111111111111111111111111111111111111111111111110101111111111111111111111111111111111111111111111111111111111111
11111111111111000111111111111111111111111111111111111111111111110101111111111111111111111111111111111111111111111111111111111111
11111111111111000111111111111111111111111111111111111111111111110101111111111111111111111111111111111111111111111111111111111111
11111111111111000111101111111111111101111101111111111111110111110101111101111111111111011111111111111111111111111111111111111111
11111111111111000111111111111111111111111111111111011111111111110101111101111111111111111111111111111111111111111001111111111111
11111011111111110111111111100111111111111111111111111111100111111101111101111111111111001111111111111111111101111111111111111111
11111100111111111111111111111111111111111111111111111111111111111111111111111111111111111111111111111111111101111111111111111111
11111111111111111111111111111011111111111111111111111111111011111111111111111111111111111111110111111101111110111111111111111111
11111111111111111111111111111111111111111111111111111111111111111111111111111101111111111111111111111111111111111111111111111111
11111111111111111111111111111111111111111111111111111111111111111111111111111111111111111111111111111111111111111111111111111111
11111111111111111111111111111111111111111111111111111111111111111111111111111111111111111111111111111111111111111111111111111111
11111111111111111111111111111111111111111111111111111111111111111111111111111111111111111111111111111111111111111111111111111111
11111111111111111111111111111111111111111111111111111111111111111111111111111111111111111111111111111111111111111111111111111111
11111111111111111111111111111111111111111111111111111111111111111111111111111111111111111111111111111111111111111111111111111111
11111111111111111111111111111111111111111111111111111111111111111111111111111111111111111111111111111111111111111111111111111111
11111111111111111111111111111111111111111111111111111111111111111111111111111111111111111111111111111111111111111111111111111111
11111111111111111111111111111111111111111111111111111111111111111111111111111111111111111111111111111111111111111111111111111111
11111111111111111111111111111111111111111111111111111111111111111111111111111111111111111111111111111111111111111111111111111111
11111111111111111111111111111111111111111111111111111111111111111111111111111111111111111111111111111111111111111111111111111111
11111111111111111111111111111111111111111111111111111111111111111111111111111111111111111111111111111111111111111111111111111111
11111111111111111111111111111111111111111111111111111111111111111111111111111111111111111111111111111111111111111111111111111111
11111111111111111111111111111111111111111111111111111111111111111111111111111111111111111111111111111111111111111111111111111111