11111111111111111111111111111111111111111111111111111111111111111111111111111111111111111111111111111111111111111111111111111111
11111111111111111111111111111111111111111111111111111111111111111111111111111111111111111111111111111111111111111111111111111111
11111111111111111111111111111111111111111111111111111111111111111111111111111111111111111111111111111111111111111111111111111111
11111111111111111111111111111111111111111111111111111111111111111111111111111111111111111111111111111111111111111111111111111111
11111111111111111111111111111111111111111111111111111111111111111111111111111111111111111111111111111111111111111111111111111111
11111111111111111111111111111111111111111111111111111111111111111111111111111111111111111111111111111111111111111111111111111111
11111111111111111111111111111111111111111111111111111111111111111111111111111111111111111111111111111111111111111111111111111111
11111111111111111111111111111111111111111111111111111111111111111111111111111111111111111111111110111111111111111111111011111111
11111111111111111111111111111111111111101111111111111111111111111111111111111111111111111111111111111111111111111111111111111111
11111111111111111111111110111111111111111111111111111111111111111111111111111111111111111111111111111111111111111111110011111111
11111111111111111111111110111111111111111110111111111111111111111111111111111111111110011111111111111111111111111111111111111111
11111111111111111111111110001111111111111111111111111111111111111111111111111111111111111111111111111111111111111111101101111111
11111111111111111111111111101111111111111111111111111111111111111111111111111111111111111111111111111111111111111111111111111111
11111111111111111111111111111111111111111111111111111111111111111111111111111111111111111111111111111111111111111111111111111111
11111111111111111111111111111111111111111111111111111111111111111111111111111111111111111111111111111111111111111111111111111111
11111111111111111111111111111111111111111111111111111111111111111111111111111111111111111111111111111111111111111111111111111111
11111111111111111111111111111111111111111111111111111111111111111111111111111111111111111111111111111111111111111111111111111111
11111111111111111111111111111111111111111111111111111111111111111111111111111111111111111111111111111111111111111111111111111111
11111111111111111111111111111111111111111111111111111111111111111111111111111111111111111111111111111111111111111111111111111111
11111111111111111111111111111111111111111111111111111111111111111111111111111111111111111111111111111111111111111111111111111111
11111111111111111110011011111111111111110111111111001111011111111111001111111111111111111111110111101111111111111111111111111111
11111111111111111110011011111111111111110111111111001111011111111111001111111111111111111111110111101111111111111111111111111111
11111111111111111110011011111111111111110111111111001111011111111111001111111111111111111111110111101111111111111111111111111111
11111111111111111110011011111111111111110111111111001111011111111111001111111111111111111111111111101111111111111111111111111111
11111111111111111110011011111111111111110111111111001111011111111111001111111111111111111111111011101111111111111111111111111111
11111111111111111110011011111111111111110111111111001111011111111111001111111111111111111111111011101111111111111111111111111111
11111111111111111110011011111111111111110111111111001111011111111111001111111111111111111111111011101111111111111111111111111111
11111111111111111110011011111111111111110111111111001111011111101111001111111111111111111111111011101111111111111111111111111111
11111111111111111110011011111111111111110111111111001111011111101111001111111111111111111101111011101111111111111111111111111111
11111111111111111110011011111111111111110111111111001111011111101111001111111111111111111101111011101111111111111111111111111111
11111111111111111110011011111111111111110111111111001111011111101111001111111111111111111101111011101111111111111111111111111111
11111111111111111110011011111111111111110111111111001111011111101111001111111111111111111101111011101111111110111111111111111111
11111111111111111110011011111111111111110111111111001111011111101111001111111111111111111101111011101111111110101111111111111111
11111111111111111110011011111111111111110111111111001111011111101111001111111111111111111101111011101111111110101111111111111111
11111111111111111110011011111111111111110111111111001111011111101111001111111111111111101101111011101111111110101111111111111111
11111111111111111110011011111111111111110111111111001111011111101011001111111111111111101101111011101111111110101111111111111111
11111111111111111110011011111111111111110111111111001111011111101111001111111111111111101101111011101111111110101111111111111111
11111111111111111110011011111111111111110111111111001111011111101111001111111111111111101101111011101111111110101111111111111111
11111111111111111110011011111111111111110111111111001111011111101011001111111111111111101101111011101111111110101111111111111111
11111111111111111110011011111111111111110111111111001111011111101011001111111111111111101111111011101111111110101111111111111111
11111111111111111110011011111111111111110111111111001111011111101111001111111111111111101111111011101111111110101111111111111111
11111111111111111110011011111111111111110111111111001111011111101111001111111111111110101111111011101111111110101111111111111111
11111111111111111110011011111111111111110111111111001111011110101111001111111111111110101111111011101111111110111111111111111111
11111111111111111110011011111111111111110111111111001111011110101111001111111111111110101111111011101111111110111111111111111111
11111111111111110110011011111111111111110111111111001111011110101111001111111111111110101111111011101111111110111111111111111111
11111111111111110110011011111111111111110111111111001111011110101111001111111111111110101111111011101111111110111111111111111111
11111111111111110100011011111111111111110111111111001111011110101111001111111111111110101111111011101111101111111111111111111111
11111111111111110100011011111111111111110111111111001111011110101111001111111111111110101111111011101111101111111111111111111111
11111111111111110100011011111111111111110111111111001111011110101111001111111111111110101111111011101111101111111111111111111111
11111111111111110100111011111111111111110111111111001111011110101111001111111111111110111111111011101111101111111111111111111111
11111111111111110100111011111111111111110111111111001111011110101111001111111111111110111111111011101111101111111111111111111111
11111111111111110100111111111111111111110111111111001111011110101111001111111111111110111111111011101111101111111111111111111111
11111111111111110100111111111111111111110111111111001111011110101111001111111111111110111111111011101111101111111111111111111111
11111111111111110100111111111111111111110111111111001111011110101111001111111111111110111111111011101111101111111111111111111111
11111111111111111100110111111111111111110111111111001111011110101111001111111111111110111111111011100101101111111111111111111111
11111111111111110100111111111111111111110111111111001111011110101111001111111111111110111111111011100101111111111111111111111111
11111111111111111100111111101111111111110111111111001111011110101111001111111111111110111111111011100101111111111111111111111111
11111111111111111100111111101111111111110111111111001111011110101111001111111111111110111111111011100101111111111111111111111111
11111111111111111100110111101111111111110111111111001111011110101111001111111111111110111111111011100101111111111111111111111111
11111111111111111100110111101111111111110111111111001111011110101111001111111111111110111111111011100101111111111111111111111111
11111111111111111100110111101111111111110111111111001111011110111111001111111111111110111111111011100101111111111111111111111111
11111111111111111100110111101111111111110111111111001111001111111111001111111111111111111111111011100101111111111111111111111111
11111111111111111100110111101101111111110111111111001111001111111111001111111111111111111111111011100101111111011111111111111111
11111111111111111100110111101111111111110111111111001111001111111111001111111111011111111111111011100101111111011111111111111111
11111111111111111100110111101101111111110111111111001111001111111111001111111111011111111111111011100101111111010111111111111111
11111111111111111100110111101101111111110111111111001111001111111111001111111111011111111111111011100101111111010111111111111111
11111111111111111100110111101101111111110111111111001111001111111111001111111111011111111111111011100111111111010111111111111111
11111111111111111100110111101101111111110111111111001111001111111111001111111111011111111111111011100111111111010111111111111111
11111111111111111100110111101101111111110111111111001111001011111111001111111111011111111111111011100111111111010111111111111111
11111111111111111100110111101101101111110111111111001111001011111111001111111111011111111111111011100111111111010111111111111111
11111111111111111100110111101101101111110111111111001111001011111111001111111111011111111111111011110111111111010111111111111111
11111111111111111100110111101101101111110111111111001111001011111111001111111111111111111111111011110111111111010111111111111111
11111111111111111100110111101101101111110111111111001111001011111111001111111111111111111111111011110111111111010111111111111111
11111111111111111100110111101101101111110111111111001111001011111111001111111111111111111111111001110111111111010111111111111111
11111111111111111100110111101101101111110111111111001111001011111111001111111111111111111111111001110111111111010111111111111111
11111111111111111100110111101101101111110111111111001111001011111111001111111111111111111111111001110111111111010111111111111111
11111111111111111100110111111101101111110111111111001111001011111111001111111111111111111111111001110111111111000111111111111111
11111111111111111100110111101101101111110111111111001111001011111111001111111111111111111111111001110111111111000111111111111111
11111111111111111100110111111101101111110111111111001111001011111111001111111111111111111111111001110111111111010111111111111111
11111111111111111100110111111101101111110111111111001111001011111111001111111111111111111111111001110111110111010111111111111111
11111111111111111100110111111101101111110111111111001111001011111111001111111111111111111111111001110111110111000111111111111111
11111111111111111100110111111101101111110111111111001111001011111111001111111111111111111110111001110111110111000111111111111111
11111111111111111100110111111101101111110111111111001111001011111111001111111111111111111110111101110111110111000111111111111111
11111111111111111100110111111101101111110111111111001111001011111111001111111111111111111110111101110111110111000111111111111111
11111111111111111100110111111101101111110111111111001111001011111111001111111111111111111110111101110111110111100111111111111111
11111111111111111100110111111101101111110111111111001111001011111111001110111111111111111110111101110010110111100111111111111111
11111111111111111100110111111101101111110111111111001111001011111111001110111111111111111110111101110010110111100111111111111111
11111111111111111100110111111111101111110111111111001111001011111111001110111111111111111110111101110000110111100011111111111111
11111111111111111100110111111111101111100111111111001111001011111111001110111111111111111110111101110000110111100011111111111111
11111111111111101100110111111111101111100111111111001111001011111111001110101111111111111110111101110000110111100011111111111111
11111111111111101100110111111111101111100111111111001111001011111111001110101111111111110110111101110010110111100011111111111111
11111111111111101100110111111111101111100111111111001111001011111111001110101111111111110110111101110010110111100011111111111111
11111111111111101000110111111111101111100111111111001111001011111111001110101111111111110110111101110000111111100011111111111111
11111111111111101000110111111111101110100111111111001111001011111111001110101111111111110110111101110010111111100011111111111100
11111111111110101000110111111111101110100111111111001111001011111111001110101111111111110110111101110010111111100011111111111000
11111111111110101000110111111111101110100111111111001111001011111111001110101111111111010110111101110010111111100011111111111000
11111111111110101000110111111111101110100111111111001111001011111111001110101111111111010110111101110010111111100011111111111000
11111111111110101000110111111111101110100111111111001111001011111111001110101111111111010110111101110010111111100011111111111000
11111111111110101000110111111111101110100111111111001111001011111111001110101111111111010110111101110000111111100011111111111000
11111111111110101000110111111111101110100111111111001111001011111111001110101111111111010110111101110000111111100011111111110000
11111111111110101000110111111111101110100111111111001111001011111111001110101111111111010111111101110000111111100011111111110000
11111111111110101000110111111111101110100111111111001111001011111111001110101111111111010111111101110000111111100011111111110000
11111111111110101000110111111111111110100111111111001111001011111111001110101111111111010111111100110000111011100011111111110000
11111111111110101000110111111111111110100111111111001111001011111111000110101111111111010111111100110000111011100011111111100000
11111111111110101000110111111111111110100111111111001111001111111111000110101111111111010111111100110000111011100001111110000000
11111111111110101111111111111111111111111111111111111111111111111111001111111111111111010111111100110000111011100001111100000000
11111111111110101111111111111111111111111111111111111111111111111111111111111111111111111111111111111011111011100001111100000000
11111111111110001111111111111111111111111111111111111111111111111111111111111111111111111111111111111111111111100001110000000000
11111111111110111111111111111111111111111111111111111111111111111111111111111111111111111111111111111111111111100000100000000000
11111100001110001110001111000111111001111001111110001111000111111111101111111011110000111110011111110111111000000000000000000000
11111101101110001111101111011011111101111011111101101111111011111111111111111111111100111100001111100111110000000000000000000000
11111101101110011111111111010111111111111011111101111110111011111111011111110111111100111100001111000111110000000000000000000000
11111101101111111111011111000111111011111000111101110110111011111111011111100111111100111100000111000111110000000000000000000000
11111100001111111111111111000111111111111110111101110110111011111111001111100011111100111110001111000011110000000000000000000000
11111110011111111110111111111011110111111111011101110110111011111110111111101101111100011100001111100011110000000000000000000000
11111111011111111110111110111011110111111111011101110110111011111110000111011101111111011100000111100011100000000000000000000000
11111111111111111111111110111011111111111110111101111110111011111110000111011101111111011100000111100011000000000000000000000000
11111110111111111111111110000111111111111100111101101111011011111111110111101101111111011100000111100000000000000000000000000000
11111111111111111111111111001111111111111011111110011111000111111111111111100001110000011100000111100000000000000000000000000000
11111111111111111111111111111111111111111111111111111111111111111111111111111111111000111110000111100000000000000000000000000000
11111111111111111111111111111111111111111111111111111111111111111111111111111111111111111111001111110000000000000000000000000000
11111111111111111111111111111111111111111111111111111111111111111111111111111111111111111111111111110000000000000000000000000000
11111111111111111111111111111111111111111111111111111111111111111111111111111111111111111111111111110000000000000000000000000000
11111111111111111111111111111111111111111111111111111111111111111111111111111111111111111111111110000000000000000000000000000000
11111111111111111111111111111111111111111111111111111111111111111111111111111111111111111111111100000000000000000000000000000000
11111111111111111111111111111111111111111111111111111111111111111111111111111111111111111111111000000000000000000000000000000000
11111111111111111111111111111111111111111111111111111111111111111111111111111111111111111111111000000000000000000000000000000000
11111111111111111111111111111111111111111111111111111111111111111111111111111111111111111111100000000000000000000000000000000000