11111111111111111111111111111111111111111111111111111111111111111111111111111111111111111111111111111111111111111111111111111111
11111111111111111111111111111111111111111111111111111111111111111111111111111111111111111111111111111111111111111111111111111111
11111111111111111111111111111111111111111111111111111111111111111111111111111111111111111111111111111111111111111111111111111111
11111111111111111111111111111111111111111111111111111111111111111111111111111111111111111111111111111111111111111111111111111111
11111111111111111111111111111111111111111111111111111111111111111111111111111111111111111111111111111111111111111111111111111111
11111111111111111111111111111111111111111111111111111100111000011111111111111111111111110011111111111111111110111111111101111111
11111111111001111011110000111111101111111111111111111011111110111111111111111111111111110111111101101111111111111111111110011111
11111111111111111111111111111001101111111111111111111011111110111111111110111111111111110111111111101111111111111011111110111111
11111111111111111111111111111001101111111111111111111111111110111111111110111110000111111111111111111101111111111111111110011111
11111111111111111111110000111010101111111111111111111111111111111111111111110111111111111111111111111011111101111111111111111111
11111111111111111111110111111011001111111111111111111111111111111111111111110111111111111111111111111011111111111111111111111111
11111111111111111111110111011111001111111111111111111111111111111111111111111111111111111111101111111111111111111111111111111111
11111111111111111111110111111111101111111111111111111111111111111111111111111111111111111111111111111111111111111111111111111111
11111111111001111111111111111111111111111111111111111111111111111111111111111111111111111111111111111111111111111111111111111111
11111111111111111111111111111111111111111111111111111111111111111111111111111111111111111111111111111111111111111111111111111111
11111111111111111111111111111111111111111111111111111111111111111111111111111111111111111111111111111111111111111111111111111111
11111111111111111111111111111111111111111111111111111111111111111111111111111111111111111111111111111111111111111111111111111111
11111111111111111111111111111111111111111111111111111111111111111111111111111111111111111111111111111111111111111111111111111111
11111111111111111111111111111111111111111111111111111111111111111111111111111111111111111111111111111111111111111111111111110001
11111111111111111111111111111111111111111111111111111111111101111111111111111111111110110011011110001111100011011101100011100011
11111111111111001110111111111111111111100111111111111101111001101011110111111111111110110011011110001111100011011101100011100001
11111111111111000110111111111111111111100111111111111101111001111011110111111111111110110011011110001111100011011101100011101000
11111111111111000110111111111111111111100111111111111101111001111111110111111111111110110010011110011111100011011101100011101000
11111111101111000110111111111111111111100111111111111101111001111111110111111111111110110010011110011111100011011101100011101011
11111111101111000110111111111111111111110111111111111101111001111111110111111111111110110011011110011111100011011101100011101011
11111111101111000110111111111111011111110111111111111101111001111111110111111111111110110011011110011111100011011101100111100011
11111111101111000110111111111111011111110111111101111101111001111111110111111111111110110011011110011111100011011101100111111011
11111111101111000110111111111111011111110111111101111101111001111111110111111111111110110011011110011111100011011111100111111011
11111111101111000110111111111111011111110111111101111101111001111111110111111111111110110011011110011111100011011111000111111011
11111111101111000110111111111111011111110111111101111101111001111111110111111111111110110011011110011111100011011111100111111011
11111111101111000110111111111111011111110111111101111101111001111111111111111111111110110011011110011111100011011111000111111011
11111111101111000110111111111111011111110111111101111101111001111111111111111111111110110011011110011111100011011111000111111011
11111111101111000110111111111111011111110111111101111101111001111111111111111111111110110011011110011111100011011111000111111011
11111111101111000110011111111111011111110111111101111101111001111111111111111111111110110011011110011111100011011111000111111011
11111111101111000110011111111111011111110111111101111101111001111111111111111111111110110011011110011111100011011111000111111011
11111111101111000110011111111111011111110111111101111101111001111111111111111111111110110011011110011011100011011111000111111011
11111111111111000110011111111111111110110111111101111101111001111111111111111111111110110011011110011111100011011111000111111011
11111111111111000110011111111111111110110111111101111111111001111111111111111111111110110111011110011111100011011111000111111011
11111111111111000110011111111111111110110111111101111111111001111111111111111111111110110011011110011011100011011111000111111111
11111111111111000110011111111111111110110111111101111111111001111111111111111111111110110111011110011011100011011111000111111011
11111111111111000110011111111111111110110111111101111111111001111111111111111111111110110111011110011011100011011111000111111011
11111111111111000110011111111111111110110111111101111111111001111111111111111111111110110111011110011011100011011111000111111011
11111111111111000110011111111111111110110111111101111111111001111111111111111111111110110111011110011011100011011111000111111111
11111111111111000110011110111111111110110111111101111111111001111111111111111111111110110111011110011011100011011111000111111111
11111111111111000110011110111111111111110111111101111111111001111111111111111111111110110111011110011011100011011111000111111111
11111111111111000110011110111111111111110111111101111111111001111111111111111111111110110111011110011011100011111111000111111111
11111111111111000110011110111111111111110111111101111111111001111111111111111111111110110111011110011011100011111111000111011111
11111111111111000110011111111111111111110111111101111111111001111111111111111111111110110111011110011011100011111111000111011111
11111111111111000110011111111111111111110111111111111111111001111111111111111111111110110111011110011011100011111111000111011111
11111111111111000110011111111111111111110111111111111111111001111111111111111111111110110111011110011011100011111111000111011111
11111111111111000110011111111111111111110111111111111111111001111111111111111111111110110111011100011011100011111111000111011111
11111111111111100110011111111111111111110111111111111111111001111111111111111111111110110111011100011011100011111111000111011111
11111111111111100110011111111111111111110111111111111111111001111111111111111111111110110111011100011011100011111111000111011111
11111111111111100110011111111111111111110111111111111111111001111111111111111111111110110111011100011011100011111111000111011111
11111111111101100110011111111111111111110111111111111111111001111111111111111111111110110111011100011011100011111111000111011111
11111111111101100110011111111111111111110111111111111111111101111111111111111111111110110111011100011011100011111111000111011111
11111111111101100110011111111111111111110111111111111111111101111111111111111111111110110111011100011011100011111111000111011111
11111111111101100110011111111111111111110111111111111111111101111111111111111111111110110111011100011011100011111111000111011111
11111111111101100110011111111111111111110111111111111111111101111111111111111111111110110111011100011011100011111111000111011111
11111111111111100110011111111111111111110111111111111111111101111111111111111111111110110111011100011011100011111111000111011111
11111111111111100111011111111111111111110111111111111111111101111111111111111111111110110111011100011011100011111111000111011111
11111111111111100111011111111111111111110111111111111111111101111111111111111111111110110111011100011011100011111111000111011111
11111111111111100111011111111111111111110111111111111111111101111111111111111111111110110111011100011011100011111111000111011111
11111111111111100111011111111111111111110011111111111111111101101111111111111111111110110110011100011011100011111111000111011111
11111111111111100011011111111111111111110011111111111111111101101111111111111111111110110110011100011011100011111111000111011111
11111111111111100011011111111111111111110011111111111111111101101111111111111111111110110110011100011011100011111111000111011111
11111111111111100011011111111111111111110011111111111111111101101101111111111111111110110110011100011111100011111111000111011111
11111111111111100011011111111111111111110011111111111111111101101100111111111111111110110110011100011111100011111111000111111111
11111111110111100011011111111111111111110011111111111111111101101111111111111111111110110110011100011111100011111111000111111111
11111111110111100011011111111111111111110011110111111111111101101111111111111111111110110110011100011111100011111111000111111111
11111111110111100011011111111111111111110011110111111111111101101111111111111111111110110110011100011111100011111111000111111111
11111111110111100011011111111111111111110011110111111111111101101011111111111111111110110110011100011111100011111111000111110111
11111111111111100011011111111111111111110011110111111111111101101111111111111111111110110110011100011111100011111111000111110111
11111111111111100011011111111111111111110011110111111111111101101111111111111111111110110110011100011111100011111111000111110111
11111111111111100011011111111111111111110011110111111111111101101111111111111111111110110110011100011111100011111111000111110111
11111111111111100011011111111111111111110011110111111111111101101111111111111111111110110110011100011111100011111111000111110111
11111111111111100011011111111111111111110011110111111111111101101111111111111111111110110110011100011111100011111111000111110111
11111111111111100011011111111111111111110011110111111111111101101111111111111111111111110110011100011111100011111011000111110111
11111111111111100011011111111111111111110011110111111111111101101111111111111111111111110110011100011111100011111011000111110111
11111111111111100011011111111111111111110011110111111111111101101111111111111111111111110110011100011111100011111011000111110111
11111111111111100011011111111111111111110011110111111111111101101111111111111111111111110110011100011111100011111011000111110111
11111111111111100011001111111111111111110011111111111111111101101111111111111111111111110110011100011111100011111011000111110111
11111111111111100011001111111111111111110011111111111111111101101111111111111111111111110110011100011111100011111011000111110111
11111111111111100011001111111111111111110011111111111111111101101111111111111111111111110110011100011111100011111011001111110111
11111111111111100011001111111111111111110011111111111111111101101111111111111111111111110110011100011111100011111011001111110111
11111111111111100011001111111111111111110011111111111111111101101111111111111111111111110110011100011111100011111011001111110111
11111111111111100011001111111111111111110011111111111111111101101111111111111111111111110110011100011111100011111011001111110111
11111111111111100011001111111111111111110011111111111111111101101111111111111111111111110110011100011111100011111011001111110111
11111111111111110011001111111111111111110011111111111111111101101111111111111111111111110110011100011111100111111011001111111111
11111111111111110011001111111111111111111011111111111111111101101111111111111111111111110110011100011111100111111011001111111111
11111111111111110011001111111111111111111011111111111111111101101111111111111111111111110110011100011111100111111011001111111111
11111111111111110011001111111111111111111011111111111111111101101111111111111111111111110110011100011111100111111111001111111111
11111111111110110011001111111111111111111011111111111111111101101111111111111111111111110110011100011111100111111111001111111111
11111111111110110011001111111111111111111011111111111111111101101111111111111111111111110110011100011111100111111111001111111111
11111111111111110011001111111111111111111011111111111111111101101111111111111111111111110110011100011111100111111111001111111111
11111111111111110011001111111111111111111011111111111111111101101111111111111111111111110110011100011111100111111111001111111111
11111111111111110011001111111111111111111011111111111111111101101111111111111111111111110110011100011111100111111111001111111111
11111111111111110011001111111111111111111011111111111111111101101111111111111111111111110110011100011111100111111111001111111111
11111111111111110011001111111111111111111011111111111111111101101111111111111111111111110110011100011111100111111110001111111111
11111111111111110011101111111111111111111011111111111111111101101111111111111111111111110110011100011111100110111110001111111111
11111111111111110011101111111111111111111011111111111111111101101111111111111111111111110110011100011111100110111110001110111111
11111111111111110011101111111111111111111011111111111111111101101111111111111111111111110110011100011111100110111110001110111111
11111111111111110011101111111111111111111011111111111111111101101111111111111111111111110110011100011111000110111110001110111111
11111111111111110001101111111111111111111011111111111111111101101111111111111111111111110110011100011111000110111110001110111111
11111111111111110001101111111111111111111011111111111111111101101111111111111111111111110110011100011111000110111110001110111111
11111111111111110001101111111111111111111011111111111111111101101111111111111111111111110110011100011111000110111110001110111111
11111111111111110001101111111111111111111011111111111111111101101111111111111111111111110110011100011111000110111110001110111111
11111111111111110001101111111111111111111011111111111111111101101111111111111111111111110110011100011111000110111110001110111111
11111111111111111111111111111111111111111111111111111111111111111111111111111111111111111111111111111111111111111111111110111111
11111111111111111111111111111111111111111111111111111111111111111111111111111111111111111111111111111111111111111111111110111111
11111111111111111000001111111111110111111111111111111111111111111111111111111111111111111111111111111111111111111111111110111111
11111111111111111111111111111111111111011111111111111011111111111111111111111111111011111111111111111111111111111111111110111111
11111111111111111111111111111111111111111111111111111111111111011111111111111111111011111111111111111011111111111110111110111111
11111111111111111111111111111111111111111111111111111111111111011111111101111111110111111111111101111011111111111111111110111111
11111111111111111111111111100111111111111111111111101111101111111111111100011111100111111111111111111011111111111111111111111111
11100111111111111111111111111111111111111111111111111111101111111111111011111111111111111111111111111111111110111111111111111111
11110111111111111111111111111111111111111111111111111111111111011111111111111111111111111111111111110111111101111011111111111111
11111111111111111111111111111111111111111111111111111111111111011111111111110111111111111111111111111111111101111000001111111111
11111111111111111111111111111111111111111111111111111111111111111111111111111111111101110111111111111111111111111111111111111111
11111111111111111111111111110111111111111100111111001111111110111111111101011111111111110001111111111111111111111111111111111111
11111111111111111111111111111111111111111111111111111111111111111111111111111111111111111111111111111111111111111111111111111111
11111111111111111111111111111111111111111111111111111111111111111111111111111111111111111111111111111111111111111111111111111111
11111111111111111111111111111111111111111111111111111111111111111111111111111111111111111111111111111111111111111111111111111111
11111111111111111111111111111111111111111111111111111111111111111111111111111111111111111111111111111111111111111111111111111111
11111111111111111111111111111111111111111111111111111111111111111111111111111111111111111111111111111111111111111111111111111111
11111111111111111111111111111111111111111111111111111111111111111111111111111111111111111111111111111111111111111111111111111111
11111111111111111111111111111111111111111111111111111111111111111111111111111111111111111111111111111111111111111111111111111111
11111111111111111111111111111111111111111111111111111111111111111111111111111111111111111111111111111111111111111111111111111111