01111111111111111111111111111111111111111111111111111111111111111111111111111111111111111111111111111111111111111111111111111111
01111111111111111111111111111111111111111111111111111111111111111111111110111111111110011111111111111111111111111111111111111111
01111111111111111111111111111111111111111111111111111111111111111111111111111111111111111111111111111111111111111111111111111111
01111111111111111111111111111111111111111111111111111111111111111111111111111111111111111111111111111111111111111111111111111111
01111111111111111111111111111111111111111111111111111111111111111111111111111111111111111111111111111111111111111111111111111111
01111111111111111111111111111111111111111111111111111111111111111111111111111111111111111111111111111111111111111111111111111111
01111111111111111111111111111111111111111111111111111111111111111111111111111111111111111111111111111111111111111111111111111111
01111111111111111111111111111111111111111111111111111111111111111111111111111111111111111111111111111111111111111111111111111111
01111111111111111111111111111111111111111111111111111111111111111111111111111111111111111111111111111111111111111111111111111111
01111111111111111111111111111111111111111111111111111111111111111111111111111111111111111111111111111111111111111111111111111111
01111111111111111111111111111111111111111111111111111111111111111111111111111111111111111111111111111111111111111111111111111111
01111111111111111111111111111111111111111111111111111111111111111111111111111111111111111111111111111111111111111111111111111111
01111111111111111111111111111111111111111111111111111111111111111111111111111111111111111111111111111111111111111111111111111111
01111111111111111111111111111111111111111111111111111111111111111111111111111111111111111111111111111111111111111111111111111111
01111111111111111111111111111111111111111111111111111111111111111111111111111111111111111111111111111111101111111101111111111111
01111111111111111111111111111111111111111111111111111111111111111111111111111111111111111111111111111111111111111110111111111111
01111111111111111111111111111011111111111111111101111111111111111111111111111111111111111111111111111111111111111110111111111111
01111111111111111111111111111111111111111111111111111111111111111111111111111111111111111110111111111111111111111111111111111111
01111111111111111111111111111111111111111111111111111111111111111111111111111111111111111111111111111111111111111111111111111111
01111111111111111111111111111111111111111111111111111111111111111111111111111111111111111111111111111111111111111111111111111111
01111111111111111111111111111111111111111111111111111111111111111111111111111111111111111111111111111111111111111111111111111111
01111111111111111111111111111111111111111111111111111111111111111111111111111111111111111111111111111111111111111111111111111111
01111111111111111111111111111111111111111111111111111111111111111111111111111111111111111111111111111111111111111111111111111111
01111111111111111111111111111111111111111111111111111111111111111111101111111011101101101111111101111111111001111111111111111111
01111111111111111111111111111111111111111111110111111111111001111111101111111011101101101111111101111111110011111111111111111111
01111111111111111111111111100111111111110111110111111111111001111111101111111011101101101111111101110111111001111111111111111111
01111111111111111111111111100110111111110111110111111111111001111111101111111011101101101111111101110011110001111111111111111111
01111111111111111111111111100110111111111111110111111111111001111111101111111001101101101111111101110011111001111111111111111111
00111111111111111111111111100110111111111111110111111111111001111111101111111001101101101111111101110011111001111111111111111111
00111111111111111111111111100110111111111111110111111111111001111111101111111011101101101111111101110011110011111111111111111111
00111111111111111111111111100110111111111111110111111111111001111111101111111001101101101111111101110011110011111111111111111111
00111111111111111111111111100110111111111111110111111111111001111111100111111001101101101111111101110011110011111111111111111111
00111111111111111111111111100110111111111111110111111111111001111111100111111001101101101111111101110011110011111111111111111111
00111111111111111111111111100110111111111111110111111111111001111111100111111001101101101111111101110011110011111111111111111111
00111111111111111111111111100110111111111111110111111111111001111111101111111001101101101111111101110011110011111111111111111111
00111111111111111111111111100110111111111111110111111111111000111111101111111001101101101111111101110011110011111111111111111111
00111111111111111111111111100110111111111111110111111111111000111111101111111001101101101111111101110011110011111111111111111111
00111111111111111111111111110110111111111111110111111111111001111111100111111001101101101111111101110011110011111111111111111111
00111111111111111111111111110110111111111111110111111111111001111111100111111001101101101111111101110011110011111111111111111111
00111111111111111111111111110110111111111111110111111111111000111111101111111001101101101111111101111111110011111111111111111111
00111111111111111111111111110110111111111111110111111111111000111111101111111001101101111111111101111111110011111111111111111111
00111111111111111111111111110110111011111111110111111111111000111111100111111001101101111111111101111111110011111111111111111111
00111111111111111111111111110110111011111111110111111111111000111111100111111001101101111111111101110011110011111111111111111111
00111111111111111111111111110110111011111111110111111111111000111111101111111001101101111111111101111011110011111111111111111111
00111111111111111111111111110110111111111111010111111111111000111111100111111001101101111111111101110011110011111111111111111111
00111111111111111111111111110110111111111111010111111111111000111111100111111001101101111111111101111111111111111111111111111111
00111111111111111111111111110110111111111111010111110111111000111111100111111001101101101111111111111111111111111111111111111111
00111111111111111111111111110110111111111111110111110111111000111111100111111001101101101111111111111111111111111111111111111111
00111111111111111111111111110110111111111111110111110111111000111111100111111001101101111111111111111111111111111111111111111111
00111111111111111111111111110110111111111111110111111111111000111111100111111001101101111111111111111111111111111111111111111111
00111111111111111111111111110110111111111111110111110111111000111111100111111011101101111111111111111111111111111111111111111111
00111111111111111111111111110110111111111111110111110111111000111111100111111001101101111111111111111111111111111111111111111111
00011111111111111111111111110110111111111111110111110111111000111111100111111001101101111111111111111111111111111111111111111111
00011111111111111111111111110110111111111111110111110111111000111111100111111001101101111111111111111111111111111111111111111111
00011111111111111111111111110010111111111111110111110111111000111111100111111001101101111111111111111111111111111111111111111111
00011111111111111111111111110011111111111111110111110111111000111111100111111001101101111111111111111111111111111111111111111111
00011111111111111111111111110011111111111111111111110111111000111111100111111001101101111111111111111111111111111111111111111111
00011111111111111111111111110011111111111111111111110111111000111111100111111001101101111111111111111111111111111111111111100000
00011111111111111111111111110011111111111111111111110111111000111111100111111001101101111111111111111111111111111110000000000000
00011111111111111111111111110011111111111111111111111111111000111111100111111001101101111111111111111111110000000000000000000000
00011111111111111111111111110011111111111111111111111111111000111111100111111001101101111111111110000000000000000000000000000000
00011111111111111111111111110011111111111111111011111111111000111111100111111001101101111100000000000000000000000000000000000000
00011111111111111111111111110011111111111111111011111111111000111111100111111001101101111000000000000000000000000000000000000000
00011111111111111111111111110011111111111111111011111111111000111111100111111001101101111000000000000000000000000000000000000000
00011111111111111111111111110011111111111111111011111111111000111111100111111001101101111000000000000000000000000000000000000000
00011111111111111111111111110011111111111111111011111111111000111111100111111001101101111000000000000000000000000000000000000000
00011111111111111111111111110011111111111111111011111111111000111111100111111001101101111000000000000000000000000000000000000000
00011111111111111111111111110011111111111111111011111111111000111111100111111001101101111000000000000000000000000000000000000000
00011111111111111111111111110011111111111111111011111111111000111111100111111001101101111000000000000000000000000000000000000000
00011111111111111111111111110011111111111111111011111111111000111111100111111001101101111000000000000000000000000000000000000000
00011111111111111111111111110011111111111111111011111111111000111111100111111001101101111100000000000000000000000000000000000000
00011111111111111111111111110011011111111111111011111111111000111111100111111001101101111100000000000000000000000000000000000000
00011111111111111111111111110011011111111111111011111111111000111111100111111001101101111100000000000000000000000000000000000000
00011111111111111111111111110011011111111011111011111111111000111111100111111001101101111100000000000000000000000000000000000000
00011111111111111111111111110011011111111011111011111111111000111111100101111001101101111100000000000000000000000000000000000000
00011111111111111111111111110011011111111011111011111111111000111111100101111001101101111100000000000000000000000000000000000000
00011111111111111111111111110011011111111011111011111111111000111111100101111001101001111100000000000000000000000000000000000000
00011111111111111111111111111011011111111011111011111111111000111111100101111001101101111100000000000000000000000000000000000000
00011111111111111111111111111011011111111011111011111111111000111111100111111001101101111100000000000000000000000000000000000000
00011111111111111111111111111011011111111011111011111111111000111111100101111001101101111100000000000000000000000000000000000000
00001111111111111111111111111011011111111011111011111111111000111111100101111001101101111100000000000000000000000000000000000000
00001111111111111111111111111011011111111011111011111111111000111111100101111001101001111100000000000000000000000000000000111111
00001111111111111111111111111011011111111111111011111111101000111111100101111001101001111100000000000000000000000011111111111111
00001111111111111111111111111011011111111111111011111111101000111111100101111001100001111100000000000000001111111111111111111111
00001111111111111111111111111011011111111111111011111111101000111111100101111001100001111100000001111111111111111111111111111111
00001111111111111111111111111011011111111111111011111111101000111111100101111001100001111111111111111111111111111111111111111111
00001111111111111111111111111011011111111111111011111111101000111011100101111001100001111111111111111111111111111111111111111111
00001111111111111111111111111011011111111111111011111111101000111111100111111001100001111111111111111111111111111111111111111111
00001111111111111111111111111011011111111111111011111111101000111011100101111001100001111111111111111111111111111111111111111111
00001111111111111111111111111011011111111111111011111111101000111011100101111001100001111111111111111111111111111111111111111111
00001111111111111111111111111011011101111111111011100111101000111011100101111001100001111111111111111111111111111111111111111111
00001111111111111111111111111011011111111111111011111111111000111011100101111001100001111111111111111111111111111111111111111000
00001111111111111111111111111011011111111111111011101111101000111011100101111001100001111111111111111111111111111111110111111110
00001111111111111111111111111011011111111111111011101111101000111011100111111001101101111111111111111111111111111111111111111110
00001111111111111111111111111001011111111111111011111111111000111111100111111011101101111111111111111111100111111111111111111110
00001111111111111111111111111001011111111111111011111111111000111111100111111011101101111111111111100111101111111111111111111110
00001111111111111111111111111001011111111111111011111111111000111111100111111001101101111111111111100111101111111111111111111110
00001111111111111111111111111001011111111111111011111111111000111111100111111001101101111111111111101111111111111111111111111110
00001111111111111111111111111001011111111111111011111111111000111111100101111001101101111111111111101111111111111111111111111110
00001111111111111111111111111001111111111111111011111111111000111111100101111001101101111101111111101111101111111111111111111110
00001111111111111111111111111001111111111111111011111111111000111111100111111001101101111101111111101111101111111111111111111110
00001111111111111111111110111001111111111111111011111111111000111111100111111001101101111111111111111111101111111111111111111110
00001111111111111111111111111001111111111111111011111111111000111111100101111001101101111111111111111111101111111111111111111110
00001111111111111111111111111001111111111111111011111111111000111111100101111011101101111111111111111111111111111111111111111110
00001111111111111111111111111001111111111111111011111111111000111111100101111011101101111111111111111111111111111111111111111110
00001111111111111111111111111001111111111111111011111111111000111111100101111001101101111111111111111111111111111111111111111110
00001111111111111111111111111001111111111111111011111111111000111111100101111001101101111111111111111111100111111111111111111110
00000111111111111111111111111001111111111111111011111111111000111111100101111001101101111111111111111111100111111111111111111110
00000111111111111111111111111001111111111111111011111111111100111111100111111001101101111101111111111111111111111111111111111110
00000111111111111111111111111001111111111111111011111111111100111111100111111001101101111111111111100111111111111111111111111110
00000111111111111111111111111001111111111111111011111111111100111111100111111001101101111111111111100111100111111111111111111110
00000111111111111111111111111001111111111111111111111111111100111111100111111001101101111101111111100111111111111111111111111110
00000111111111111111111111111001111111111111111111111111111100111111100101111001101101111101111111100111111111111111111111111110
00000111111111111111111111111001111111111111111111111111111100111111100101111001101101111101111111100111101111111111111111111110
00000111111111111111111111111001111111111111111111111111111100111111100111111001101101111101111111111111100111111111111111111110
00000111111111111111111111111001101111111111111111111111111100111111100111111011101101111111111111111111100111111111111111111110
00000111111111111111111111111101111111111111111111111111111111111111111111111111111111111111111111111111100111111111111111111110
00000111111111111111111111111111111111111111111111111111111111111111111111111111111111111111111111111111100111111111111111111110
00000111111111111111111111111111111111111111111111111111111111111111111111111111111111111101111011111111100111111111111111111100
00000111111111111111111111111111111111111111111111111111111111111111111111111111111111111101111111111111100111111111111111111100
00000111111111111111111111111111111111111111111111111111111111111111111111111111111111111111111001111001111111101111111111111100
00000111111111111111111111111111111111111111111111111111111111111111111111111111111111111111111111111111111111011111111111111100
00000111111111111111111111111111111101111111111111111111111111111111111111111111111111111111111111111111111110111111111111111100
00000111111111111111111111111111111111111111111111111111111111111111111111111101111111111111111111111111111111111111111111111100
00000111111111111111111111111111111111111111111111111111111111111111111111111111111011111111111111111111111111111111111111111100
00000111111111111111111111111111111111111111111111111111111111111111111111111111111111111111111111111111111111111111111111111000
00000111111111111111111111111111111111111111111111111111111111111111111111111111111111111111111111111111111111111111111101110000
00000111111111111111111111111111111111111111111111111111111111111111111111111111111111111111111111111111111111111111111101100000