11111111111111111111111111111111111111111111111111111111111111111111111111111111111111111111111111111111111111111111111111111111
11111111111111111111111111111111111111111111111111111111111111111111111111111111111111111111111111111111111111111111111111111111
11111111111111111111111111111111111111111111111111111111111111111111111111111111111111111111111111111111111111111111111111111111
11111111111111111111111111111111111111111111111111111111111111111111111111111111111111111111111111111111111111111111111111111111
11111111111111111111111111111111111111111111111111111111111111111111111111111111111111111111111111111111111111111111111111111111
11111111111111111111111111111111111111111111111111111111111111111111111111111111111111111111111111111111111111111111111111111111
11111111111111111111111111111111111111111111111111111111111111111111111111111111111111111111111111111111111111111111111111111111
11111111111111111111111111111111111111111111111111111111111111111111111111111111111111111111111111111111111111111111111111111111
11111111111111111111111111111111111111111111111111111111111111111111111111111111111111111111111111111111111111111111111111111111
11111111111111111111111111111111111111111111111111111111111111111111111111111111111111111111111111111111111111111111111111111111
11111111111111111111111111111111111111111111111111111111111111111111111111111111111111111111111111111111111111111111111111111111
11111111111111111111111111111111111111111111111111111111111111111111111111111111111111111111111111111111111111111111111111111111
11111111111111111111111111111111111111111111111111111111111111111111111111111111111111111111111111111111111111111111111111111111
11111111111111111111111111111111111111111111111111111111111111111111111111111111111111111111111111111111111111111111111111111111
11111111111111111111111011111111111111111111111111111111111111111111111111111111111111111111111111111111111111111111111111111111
11111111111111111111111111111111111111111111111111111111111111111111111111111111111111111111111111111111111111111111111111111111
11111111111111111111111111111111111111111111111111111111111111111111111111111111111111111110111111111111111111111111111111111111
11111111111111111111111111111111111111111111111111111111111111111111111111111111111111111111111111111111111111111111111111111111
11111111111111111111111111111111111111111111111111111111111111111111111111111111111111111111111111111111111111111111111111111111
11111111111111111111111111111111111111111111111111111111111111111111111111111111111111111111111111111111111111111111111111111111
11111111111111111111111111111111111111111111111111111111111111111111111111111111111111111111111111111111111111111111111111111111
11111111111111111111111111111111111111111111111111111111111111111111111111111111111111111111111111111111111111111111111111111111
11111111111111111111100110111111111011111101111101110111101111111111111110011111111101111101111111001110111111111111111111111111
11111111111111111111100110111111111011111101111100110011101111111111111110011111011101101101111111001011111111111111111111111111
11111111111111111111100110111111111011111101110101110111101111111111111110011111111101101101110111001010111111111111111111111111
11111111111111111111100110111011111011111101110101110111101111111111111110011111111101101101110111001011111111111111111111111111
11111111111111111111100110111011011011101101110101110111101111111111111110011111111101101101110111001011111111111111111111111111
11111111111111111111100110111111011011101101111101110111101111111111111110011111111101101101110110001010111111111111111111111111
11111111111111111111100110111111011011101101111101110111101111111111111110011111111101101101110111001010111111111111111111111111
11111111111111111111100110111011011011101101110101110111101111111111111110011111111101101101110111001011111111111111111111111111
11111111111111111111100110111011011011101101110101110111101111111111111110011111111101101101110111001011111111111111111111111111
11111111111111111111100110111011011011101101110101110111101111111111111110011111111101101101110111001010111111111111111111111111
11111111111111111111100110111011011011101101110101110111101111111111111110011111111101101101110111001011111111111111111111111111
11111111111111111111100110111011011011101101110101110111101111111111111110011111111101101101110111001010111111111111111111111111
11111111111111111111100110111011011011101101110101110111101111111111111110011111111101101101110111001010111111111111111111111111
11111111111111111111100110111011011011101101110101110111101111111111111110011111111101101101111111001011111111111111111111111111
11111111111111111111100110111011011011101101110101110111101111111111111110011111111101101101111111001011111111111111111111111111
11111111111111111111100110111011011011101101110101110111101111111111111110011111111101101101111111001011111111111111111111111111
11111111111111111111100110111011011011101101110101110111101111111111111110011111111101101101111111001011111111111111111111111111
11111111111111111111100110111011011011101101110101110111101111111111111110011111111101101101111111001011111111111111111111111111
11111111111111111111100110111011011011101101110101110111101111111111111110011111011101101101110111001111111111111111111111111111
11111111111111111101100110111011011011101101110101110111101111111111111110011111111101101101110111001111111111111111111111111111
11111111111111111101100110111011011011101101110101110111101111111111111110011111111101101101110111001011111111111111111111111111
11111111111111111101100110111011011011101101110101110111101111111111111110011111111101101101110111001011111111111111111111111111
11111111111111111101100110111011011011101101110101110111101111111111111110011111111101101101110110001011111111111111111111111111
11111111111111111101100110111011011011101101110101110111101111111111111110011111111101101101110111001011111111111111111111111111
11111111111111111111100110111011011011101101110101110111101111111111111110011111111101101101110111001011111111111111111111111111
11111111111111111111100110111011011011101101110101110111101111111111111110011111111101101101110111001011111111111111111111111111
11111111111111111111100110111011011011101101110101110111101111111111111110011111111101101101110111001011111111111111111111111111
11111111111111111101100110111011011011101101110101110111101111111111111110011111111101101101111111001011111111111111111111111111
11111111111111111101100110111011011011101101110101110111101111111111111110011111111101101101111111001011111111111111111111111111
11111111111111111101100110111011011011101101111101110111101111111111111110011111111101101101111111001011111111111111111111111111
11111111111111111101100110111011011011101101111101110111101111111111111110011111111101101101111111001011111111111111111111111111
11111111111111111101100110111011011011101101111101110111101111111111111110011111111101101101110111001011111111111111111111111111
11111111111111111101100110111011011011101101111101110111101111111111111110011111111101101101110111001011111111111111111111111111
11111111111111111101100110111011011011101101110101110111101111111111111110011111111101101101111111001011111111111111111111111111
11111111111111111101100110111011011011101001111101110111101111111111111110011111111101101101111111001011111111111111111111111111
11111111111111110101100100111011011011101101111101110111101111111111111110011111111101101101111111001011111111111111111111111111
11111111111111110101100100111011011011101101110101110111101111111111111110011111111101101101111111001011111111111111111111111111
11111111111111110101100100111011011011101101110101110111101111111111111110011111111101101101111111001011111111111111111111111111
11111111111111110101100100111011011011101101111101110111101111111111111110011111111101101101111111001011111111111111111111111111
11111111111111110101000100111011011011101001111101110111101111111111111110011111111101101101111111001011111111111111111111111111
11111111111111110101000100111011011011101001111101110111101111111111111110011111111101101101111111001011111111111111111111111111
11111111111111110101000100111011111011101001111101110111101111111111111110011111111101101101111111001011111111111111111111111111
11111111111111110101000100111011011011101011111101110111101111111111111110011111111101101101111111001011111111111111111111111111
11111111111111110101000100111011111011101001111101110111101111111111111110011111111101101101111111001011111111111111111111111111
11111111111111110101000100111011011011101001111101110111101111111111111110011111111101101101111111001011111111111111111111111111
11111111111111110101000100111011011011101011111101110111101111111111111110011111111101101101111111001011111111111111111111111111
11111111111111110101001100111011011011101011111101110111101111111111111110011111111101101101111111001011111111111111111111111111
11111111111111110101001100111011011011101011111101110111101111111111111110011111111101101101111111001011111111111111111111111111
11111111111111110101001100111011011011101001111101110111101111111111111110011111111101101101111111001011111111111111111111111111
11111111111111110101001100111011111011101001111101110111101111111111111110011111111101101101111111001011111111111111111111111111
11111111111111110101001100111011111011101011111101110111101111111111111110011111111101101101110111001011111111111111111111111111
11111111111111110101001100111011011111101011111101110111101111111111111110011111111101101101110111001011111111111111111111111111
11111111111111110101001100111011111111101011111101110111101111111111111110011111111101101101110111001011111111111111111111111111
11111111111111110101001100111011111111101011111101110111101111111111111110011111111101101101111111001111111111111111111111111111
11111111111111110101001100111011111111101011111101110111101111111111111110011111111101101101111111001111111111111111111111111111
11111111111111110111001100111011111111101011111101110111101111111111111110011111111101101101111111001111111111111111111111111111
11111111111111110111001100111111111111111011111101110111101111111111111110011111111101101101111111001111111111111111111111111111
11111111111111110111001101111111111111111011111101110111101111111111111110011111111101101101111111001011111111111111111111111111
11111111111111110111001101111011111111111011111101110111101111111111111110011111111101101101110111001011111111111111111111111111
11111111111111111111001101111111111111111011111101110111101111111111111110011111111101101101110111001011111111111111111111111111
11111111111111111111001101111111111111111011111101110111101111111111111110011111111101101101110111001011111111111111111111111111
11111111111111110111001101111011111111111011111101110111101111111111111110011111111101101101110111001011111111111111111111111111
11111111111111110111001101111111111111111011111101110111101111111111111110011111111101101101110111001011111111111111111111111111
11111111111111111111001101111111111111111011111101110111101111111111111110011111111101101101110111001011111111111111111111111111
11111111111111110111001101111111111111111011111101110111101111111111111110011111111101101101111111001011111111111111111111111111
11111111111111110111001101111111111111111011111101110111101111111111111110011111111101101101110111001011111111111111111111111111
11111111111111111111001101111111111111111011111101110111101111111111111110011111111101101101110110001011111111111111111111111111
11111111111111111111001101111111111111111011111101110111101111111111111110011111111101101101111111001111111111111111111111111111
11111111111111111111001101111111111111111011111101110111101111111111111110011111111101101101111111001011111111111111111111111111
11111111111111111111001101111111111111111011111101110111101111111111111110011111111101101101111111001111111111111111111111111111
11111111111111110111001101111111111111111011111101110111101111111111111110011111111101101101111111001111111111111111111111111111
11111111111111111111001101111111111111111011111101110111101111111111111110011111111101101101111111001111111111111111111111111111
11111111111111111111001101111111111111111011111101110111101111111111111110011111111101101101111111001111111111111111111111111111
11111111111111111111001101111111111111111011111101110111101111111111111110011111111101101101111111001011111111111111111111111111
11111111111111111111001101111111111111111011111101110111101111111111111110011111111101101101111111001111111111111111111111111111
11111111111111111111001101111111111111111011111101110111101111111111111110011111111101101101111111001111111111111111111111111111
11111111111111111111001101111111111111111011111101110111101111111111111110011111111101101101111111001111111111111111111111111111
11111111111111111111001101111111111111111011111101110111101111111111111110011111111101101101111111001111111111111111111111111111
11111111111111111111001101111111111111111011111101110111101111111111111110011111111101101101111111001111111111111111111111111111
11111111111111111111001101111111111111111011111101110111101111111111111110011111111101101101110111001011111111111111111111111111
11111111111111111111001101111111111111111011111101110111101111111111111110011111111101101101110111001011111111111111111111111111
11111111111111111111001101111111111111111011111101110111101111111111111110011111111101101101110111001111111111111111111111111111
11111111111111111111111111111111111111111011111101110111101111111111111110011111111101101101110111001011111111111111111111111111
11111111111111111111111111111111111111111111111111111111111111111111111111111111111111111111111111001111111111111111111111111111
11111111111111111111111111111111111111111111111111111111111111111111111111111111111111111111111111111111111111111111111111111111
11111111111111111111111111111111111111111111111111111111111111111111111111111111111111111111111111111111111111111111111111111111
11111111111111111111111111111111111111111111111110111111111111111111111111111111111101111111111111111111111111111111111111111111
11111111111111111111111111111111111111111111111111111111111111111111111111111111111111111111111111111111111111111111111111111111
11111111111111111111111111111111111111111111111111111111111111111111111111111111111111111111111111111111011111111111111111111111
11111111111111111111111111111111111111111111111111111111111111111111111111111111111111111111111111111111111111111111111111111111
11111111111111111111111111111111111111111111111111111111111111111111111111111111111111111111111111111111111111111111111111111111
11111111111111111111111111111111111111111111111111111111111111111111111111111111111111111111111111111111111111111111111111111111
11111111111111111111111111111111111111111111111111111111111111111111111111111111111111111111111111111111111111111111111111111111
11111111111111111111111111111111111111111111111111111111111111111111111111111111111111111111111111111111111111111111111111111111
11111111111111111111111111111111111111111111111111111111111111111111111111111111111111111111111111111111111111111111111111111111
11111111111111111111111111111111111111111111111111111111111111111111111111111111111111111111111111111111111111111111111111111111
11111111111111111111111111111111111111111111111111111111111111111111111111111111111111111111111111111111111111111111111111111111
11111111111111111111111111111111111111111111111111111111111111111111111111111111111111111111111111111111111111111111111111111111
11111111111111111111111111111111111111111111111111111111111111111111111111111111111111111111111111111111111111111111111111111111
11111111111111111111111111111111111111111111111111111111111111111111111111111111111111111111111111111111111111111111111111111111
11111111111111111111111111111111111111111111111111111111111111111111111111111111111111111111111111111111111111111111111111111111
11111111111111111111111111111111111111111111111111111111111111111111111111111111111111111111111111111111111111111111111111111111
11111111111111111111111111111111111111111111111111111111111111111111111111111111111111111111111111111111111111111111111111111111
11111111111111111111111111111111111111111111111111111111111111111111111111111111111111111111111111111111111111111111111111111111
11111111111111111111111111111111111111111111111111111111111111111111111111111111111111111111111111111111111111111111111111111111
11111111111111111111111111111111111111111111111111111111111111111111111111111111111111111111111111111111111111111111111111111111