11111111111111111111111111111111111111111111111111111111111111111111111111111111111111111111111111111111111111111111111111111111
11111111111111111111111111111111111111111111111111111111111111111111111111111111111111111111111111111111111111111111111111111111
11111111111111111111111111111111111111111111111111111111111111111111111111111111111111111111111111111111111111111111111111111111
11111111111111111111111111111111111111111111111111111111111111111111111111111111111111111111111111111111111111111111111111111111
11111111111111111111111111111111111111111111111111111111111111111111111111111111111111111111111111111111111111111111111111111111
11111111111111111111111111111111111111111111111111111111111111111111111111111111111111111111111111111111111111111111111111111111
11111111111111111111111111111111111111111111111111111111111111111111111111111111111111111111111111111111111111111111111111111111
11111111111111111111111111111111111111111111111111111111111111111111111111111111111111111111111111111111111111111111111111111111
11111111111111111111111111111111111111111111111111111111111111111111111111111111111111111111111111111111111111110111111111111111
11111111101111001110111111111111101111111110011111111111111111111101111111111111111111111111111101111101111111100111111111111111
11111111011111110110110111111111101111111110011111111111111111111101111111111111111111111111111101111101111111100111111111111111
11111111111111110110110111111111101111111110011111111111111111111111111111111111111111111111110111111101111111101111111111111111
11111111111111110110000111111111001111111111111111111111111111111111111111111101111011111111111011111101111111111011111111111111
11111111111111110110100111111111011111111111111111111111111111111111111111111101111011111111111011111101101111111011111111111111
11111111111111111111111111111111111111111111111111111111111111111111111111111111111111111111111111111111111111111111111111111111
11111111111111111111111111111111111111111111111111111111111111111111111111111111111111111111111111111111111111111111111111111111
11111111111111111111111111111111111111111111111111111111111111111111111111111111111111111111111111111111111111111111111111111111
11111111111111111111111111111111111111111111111111111111111111111111111111111111111111111111111111111111111111111111111111111111
11111111111111111011111111111111111111111111111111110111111111111111111111100011111001111110110111111111110111000000011111111111
11111111111100010001100111111101101111010011110011100111111100001011111101100000111001110000000011011111110011000000011111111111
11111111111100010000000111111101101111010011110011100011100000001000111101100000111001110000000011011111110011000000011111111111
11111111111100010000000111111101101111010011110011100011110000001000111101100000111001110000000011011101110011000000011111111111
11111111111100010000000111111101101111010011110011100011110000001000111101100000111001110000000011011101110011000000011111111111
11111111111100010000000111111101101111010011110011100011110000001000111101100000111001110000000011011111110011000000011111111111
11111111111100010000000111111101101111010011110011100011110000001000111101100000111001110000000011011111110011000000011111111111
11111111111100010000000111111101101111010011110011100011110000001000111101100000111001110000000011011111110011000000011111111111
11111111111100010000000111111101101111010011110011100011110000001000111101100000111001110000000111011111110011000000011111111111
11111111111100010000000111111101101111010011110011100011110000001000111101100000111001110000000111011111110011000000011111111111
11111111111100010000000111111101101111010011110011100011110000001000111101100000111001110000000111011111110011000000011111111111
11111111111100010000000111111101101111010011110011100011110000001000111101100000111001110000000111011111110011000000011111111111
11111111111100010000000111101101101111010011110011100011110000001000111101100000111001110000000011011111110111000000011111111111
11111111111100010000000111101101101111010011110011100011110000001000111101100000111001110000000011011111110111000000011111111111
11111111111100010000000111101101101111010011110011100011110000001000111101100000111001110000000011011111110011000000011111111111
11111111111100000000000111101101101111010011110011100011110000001000111101100000111001110000000011011111110011000000011111111111
11111111111100000000000111101101101111010011110011100011110000001000111101100000111001110000000011011111110011000000011111111111
11111111111100000000000111101101101111010011110011100011110000001000111101100000111001110000000011011111110011000000011111111111
11111111111100000000000111101101101111010011110011100011110000001000111101100000111001110000000011011111110011000000011111111111
11111111111100000000100111101101101111010011110011100011110000001000111101100000111001110000000011011111110011000000011111111111
11111111111100000000100111101101101111010011110011100011110000001000111101100000111001110000000011011111110011000001111111111111
11111111111100000000100111101101101111010011110011100011110000000000111101100000111001110000000011011111110011000011111111111111
11111111111100000000000111101101101111010011110011100011110000000000111101100000111001110000000011011111110011001111111111111111
11111111111100000000000111101101101111010011110011100011110000001000111101100000111001110000000011011111111111111111111111111111
11111111111100000000000111101101101111010011110011100011110000001000111101100000111001110000000011011111111111111111111111111111
11111111111100000000000111101101101111010011110011100011110000001000111101100000111000110000000011011111111111111111111111111111
11111111111100000000000111101101101111010011110011100011110000001000111101100000111000110000000011011111111111101111111111111111
11111111111100000000000111101101101111010011110011100011110000001000111101100000111000110000000011011111111111101111111111111111
11111111111100000000000111101101101111010011110011100011110000001000111101100000111000110000000011011111111111101111111111111111
11111111111100000000000111101101101111010011110011100011110000001000111101100000111000110000000011011111111111101111111111111111
11111111111100000000000111101101101111010011110011100011110000001000111101100000111000110000000011011111111111101111111111111111
11111111111100000000000111101101101111010011110011100011110000001000111101100000111000110000000011011111111111101111111111111111
11111111111100000000000111101101101111010011110011100011110000001000111101100000111000110000000011011111111111101101111111111111
11111111111100000000000111101101101111010011110011100011110000000000111101100000111000110000000011011111111111100000111111111111
11111111111100000000000111101101101111010011110011100011110000000000111101100000111000110000000011011111111111000000111111111111
11111111111100000000000111101101101111010011110011100011110000000000111101100000111000110000000011011111111111100000111111111111
11111111111100000000000111101101101111010011110011100011110000000000111101100000111000110000000011011111110011100000011111111111
11111111111100000000000111101101101111010011110011100011110000000000111101100000111000110000000011011111110111100000011111111111
11111111111100000000000111101101101111010011110011100011110000000000111101100000111000110000000011011111110111100000011111111111
11111111111100000000000111101101101111010011110011100011110000001000111101100000111000110000000011011111110111100000011111111111
11111111111100000000000111101101101111010011110011100011110000001000111101100000111000110000000011011111110111000000011111111111
11111111111100000000000111101101101111010011110011100011110000001000111101100000111000110000000011011111110111000000011111111111
11111111111100000000000111101101101111010011110011100011110000001000111101100000111000110000000011011111110011000000011111111111
11111111111100000000000111101101101111010011110011100011110000001000111101100000111000110000000011011111110011000000011111111111
11111111111100000000000111101101101111010011110011100011110000001000111101100000011000110000000011011111110011000000011111111111
11111111111100000000000111101101101111010011110011100011110000001000111101100000011000110000000011011111110111000001011111111111
11111111111100000000000111101101101111010011110011100011110000001000111101100000011000110000000011011111110111000001011111111111
11111111111100000000000111101101101111010011110011100011110000001000111101100000011000110000000011011111110111100001011111111111
11111111111100000000000111101101101111010011110011100011110000001000111101100000011000110000000011011111110111100000011111111111
11111111111100000000000111101101101111010011110011100011110000001000111101100000011000110000000011011111110111100000011111111111
11111111111100000000000111101101101111010011110011100011110000001000111101100000011000110000000011011111110011100011011111111111
11111111111100000000000111101101101111010011110011100011110000000000111101100000011000110000000011011111110011100011011111111111
11111111111100000000000111101101101111010011110011100011110000000000111101100000011000110000000011011111110011100011011111111111
11111111111100000000000111101101101111000011110011100011110000000000111101100000011000110000000011011111111111100011011111111111
11111111111100011000000111101101101111000011110011100011110000000000111101100000011000110000000011011111111111100011011111111111
11111111111100011000000111101101101111000011110011100011110000000000111101100000011000110000000011011111110111100011011111111111
11111111111100011000000111101101101111000011110001100011110000000000111101100000011000110000000011011111110111100011011111111111
11111111111100011000000111101101101111000011110001100011110000000000111101100000011000110000000011011111110111100011011111111111
11111111111100011000000111101101101111000011110011100011110000000000111101100000011000110000000011011111110111100000011111111111
11111111111100011000000111101101101111000011110011100011110000000000111101100000011000110000000011011111110111100011011111111111
11111111111100011000000111101101101111000011110011100011110000000000111101100000011000110000000011011111110111100011011111111111
11111111111100011000000111101101101111000011110011100011110000000000111101100000011000110000000011011111110111100011011111111111
11111111111100011000000111101101101111000011110011100011110000000000111101100000011000110000000011011111110111000011011111111111
11111111111100011000000111101101101111000011110001100011110000000000111101100000011000110000000011011111110111100000011111111111
11111111111100011000000111101101101111000011110001100011110000000000111101100000011000110000000011011111110111100000011111111111
11111111111100011000000111101101101111000011110001100011110000000000111101100000011000110000000011011111110111100000011111111111
11111111111100000000000111101101101111000011110001100011110000000000111101100000011000110000000011011111110111100000011111111111
11111111111100000000000111101101101111000011110001100011110000000000111101100000011000110000000011011111110111100000011111111111
11111111111100000000000111101101101111000011110001100011110000000000111101100000011000110000000011011111110111100001011111111111
11111111111100000000000111101101101111000011110001100011110000000000111101100000011000110000000011011111110111100001011111111111
11111111111100000000000111101101101111000011110001100011110000000000111101100000011000110000000011011111110111100001011111111111
11111111111100000000000111101101101111000011110001100011110000000000111101100000011000110000000011011111110111100001011111111111
11111111111100000000000111101101101111000011110001100011110000000000111101100000011000110000000011011101110111100001011111111111
11111111111100000000000111101101101111000011110001100011110000000000111101100000011000110000000011011101110011100001011111111111
11111111111100000000000111101101101111000011110001100011110000000000111101100000011000110000000011111101110011100001011111111111
11111111111100000000000111101101101111000011110001100011110000000000111101100000011000110000000011111101110011100000011111111111
11111111111100000000000111101101101111000011110001100011110000000000111101100000011000110000000011111101110011100000011111111111
11111111111100000000000111101101101111000011110001100011110000000000111101100000011000110000000011111101110011101100011111111111
11111111111100000000000111101101101111000011110001100011110000000000111101100000011000110000000011111101110011101100011111111111
11111111111100000000000111101101101111000011110001100011110000000000111101100000011000110000000011011101110011100000011111111111
11111111111100000000000111101101101111000011110001100011110000000000111101100000011000110000000011011101110111101100011111111111
11111111111100000000000111101101101111000011110001100011110000000000111101100000011000110000000011011101110111101100011111111111
11111111111100000000000111101101101111000011110001100011110000000000111101100000011000110000000011011101110111101100011111111111
11111111111100000000000111101101101111000011110001100011110000000000111101100000011000110000000011011101110011101100011111111111
11111111111100000000000111101101101111000011110001100011110000000000111101100000011000110000000011011101110011100000011111111111
11111111111100000000000111101101101111000011110001100011110000000000111101100000011000110000000011011101110011100000011111111111
11111111111100000000000111101101101111000011110001100011110000000000111101100000011000110000000011011101111011100000011111111111
11111111111100000000000111101101101111000011110001100011110000000000111101100000011000110000000011011101111011100000011111111111
11111111111100000000000111101101101111000011110001100011110000000000111101100000011000110000000011011101111011100000011111111111
11111111111100000000000111101101101111000011110001100011110000000000111101100000011000110000000011011101111011100000011111111111
11111111111100000000000111101101101111000011110001100011110000000000111101100000011000110000000011011101111011100000011111111111
11111111111100000000000111101101101111000011110001100011110000000000111101100000011000110000000011011101111011100000011111111111
11111111111100000000000111101101101111000011110001100011110000000000111101100000011000110000000011111101111011100000011111111111
11111111111100000000000111101101101111011011110011100011110100000000111101100011111001111110110011111111111111101100011111111111
11111111111100001100110111101111111111111111111111111111111111100001111111111111111111111111111111111111111111111100011111111111
11111111111100011111111111111111111111111111111111111111111111100001111111111111111111111111111111111111111111111100011111111111
11111111111100011111111111111111111111111111111111111111111111100011111001111111111111111111110111111111111111111100011111111111
11110111111100001100111111001111100011111001111110011111100111100011111001111110011111001111110011111100111111111100011111111111
11101011111100001110111110001111111111111011111111111111010111100011111101111101011111110111111111111100111111011100011111111111
11101011111100001110111110001111111111111001111101111111010111100011111111111101011110110111111011111100111111111101011111011111
11100011111110011110111110001111110111111111111101101111100111101111111011111110011110110111110111111100111111111111111111011111
11110011111111111111111110111111111111111111111101101111100111111111111111111110111111111111110111111111111111111111111111111111
11110111111111111111111110110111101111111111111111111111101111111111111111111110111111001111110111111111111111111111111111111111
11111111111111111111111110001111111111111001111110011111111111111111111111111111111111001111110011111111111111111111111111111111
11111111111111111111111111111111111111111111111111111111111111111111111111111111111111111111111111111111111111111111111111111111
11111111111111111111111111111111111111111111111111111111111111111111111111111111111111111111111111111111111111111111111111111111
11111111111111111111111111111111111111111111111111111111111111111111111111111111111111111111111111111111111111111111111111111111
11111111111111111111111111111111111111111111111111111111111111111111111111111111111111111111111111111111111111111111111111111111
11111111111111111111111111111111111111111111111111111111111111111111111111111111111111111111111111111111111111111111111111111111
11111111111111111111111111111111111111111111111111111111111111111111111111111111111111111111111111111111111111111111111111111111