11111111111111111111111111111111111111111111111111111111111111111111111111111111111111111111111111111111111111111111111111111111
11111111111111111111111111111111111111111111111111111111111111111111111111111111111111111111111111111111111111111111111111111111
11111111111111111111111111111111111111111111111111111111111111111111111111111111111111111111111111111111111111111111111111111111
11111111111111111111111111111111111111111111111111111111111111111111111111111111111111111111111111111111111111111111111111111111
11111111111111111111111111111111111111111111111111111111111111111111111111111111111111111111111111111111111111111111111111111111
11111111111111111111111111111111111111111111111111111111111111111111111111111111111111111111111111111111111111111111111111111111
11111111111111111111111111111111111111111111111111111111111111111111111111111111111111111111111111111111111111111111111111111111
11111111111111111111111111111111111111111011111111111111111111111111111111111111111111111111111111111111111111111111111111111111
11111111111111111111111011111111111111111111111111111111111111111111111111111111111111111111111111111111111111111111111111111111
11111111111111111011111011111111111111111111100111111111111111111111111111111111111101111111111111111111111111111111111111111111
11111111111111111111111100111111111111111111100111111111111111111101111111011111111111111011111111111011110111111111111111111111
11111111111111111111111111111111111011111111111111111111111111011101111111111111111111111101111111111011111111111111111111001111
11111111111111111111111111111111111111111111011111111111111111111101111111111111111111111101111111111011111111011011111111101111
11111111111111111111111111111111111111111111110111111111111111111101111101111111111111111111110011111111101011111111111111101111
11111111111111111111111111111111111111111111111111111111111111111110011101111111111111111111111001111111110111110111111111101111
11111111111111111111111111111111111111111111111111111111111111111111111111111111111101111111111111111111110111111111111111111111
11111111111111111111001111111111111111111111111111111111111111111111111111111111111111111111111111111111111111111111111111111111
11111111111111111011001101111011011111111111011111111111111111111111111111111111111111111111111111111111111111111111111111011111
11111111111111101011001101111011011011111111001011000001111011111111111111111111111111111111111111111111111111111111111111111111
11111111111111101011001101111011011011111111000011000001111000000000001110000000111011111110011111111111111111111111111111111111
11111111111111101011001101111111011011111111000011000001111000000000001100000000111011111000000011000101111111111111111111111111
11111111111111101011001101111111011011111111000011000001111000000000001100000000111011110000000011000001101111100010111111111111
11111111111111101010001101111111011011111111000111000001111000000000001100000000111011110000000011000001101111100000111111111111
11111111111111101010001101111111111011111111000111000001110000000000001100000000111011110000000011000001101111100000111111111111
11111111111111101010001101111111111011111111000111000001110000000000001100000000111011110000000011000001101111100000111111111111
11111111111111101010001101111111111011101111000111000001110000000000001100000000111011110000000011000001101111100000111111111111
11111111111111101010001101111111111011101111000111000001110000000000001100000000111011110000000111000001101111100000111111111111
11111111111111101010001101111111111011101111000111000001110000000000001100000000111111110000000111000001101111100001111111111111
11111111111111111010001001111111111111101111000111000001110000000000001100000000111111110000000111000001101111100001111111111111
11111111111111111010001001111111111111101111000111000001110000000000001100000000111111110000000111000001101111100001111111111111
11111111111111111010001001111111111111101110000111000001110000000000001100000000111111110000000111000001101111100001111111111111
11111111111111111110001001111111111111101110000111000001110000000000001100000000111111110000000111000001101111100001111111111111
11111111111111111110001001111111111111101110000111000011110000000000001100000000111111110000000111000001101111000001111111111111
11111111111111111110011001111111111111111110000111000011110000000000001100000000111111110000000111000001101111000001111111111111
11111111111111111110011001110111111111111110000111000011110000000000011100000000111111111110000110000001101111000001111111111111
11111111111111111110011001110111111111111110000110000011110000000000011100000000111111111111111111100001101111000001111111111111
11111111111111111110011001110111111111111110000110000011110000000000011100000000110111111111111111111111111111000001111111111111
11111111111111111110011001110111111111111110000110000011110000000000011100000000110111111111111111111111111111111111111111111111
11111111111111111110011011110111111111111110000110000011110000000000011100000000110111111111111111111111111111111111111111111111
11111111111111111110011011110110111111111110000110000011110000000000011100000000110111111111111111111111111111111111111111111111
11111111111111111110011011110110111111111110000110000011110000000000011100000000110111111111111111111111111111111111111111111111
11111111111111011110011011110110111111111110000110000011110000000000011100000000110111111111111111111111111111111111111111111111
11111111111111010110011011110110110111111110000110000011110000000000011100000000110111111111111111111111111111111111111111111111
11111111111111010110011011110110110111111110000110000011110000000000011100000000110110000001111111111111111111111111111111111111
11111111111111010110011011110110110111111110000110000011110000000000011100000000110110000000000000001111111111111111111111111111
11111111111111010110011011111110110111111110000110000011110000000000011100000000110110000000000000000000000001111111111111111111
11111111111111010110011011111110110111111110000110000011110000000000011100000000110110000000000000000000000000000000011111111111
11111111111111010110011011111110110111111110000110000011110000000000011100000000110110000000000000000000000000000000000000000011
11111111111111010110011011111110110111111110010110000011110000000000011100000000110110000000000000000000000000000000000000000000
11111111111111010100011011111110110111111110001110000011110000000000011100000000110110000000000000000000000000000000000000000000
11111111111111010100011011111111110111111110001110000011110000000000011000000000110110000000000000000000000000000000000000000000
11111111111111010100011011111111110111111110001110000011110000000000011000000000110110000000000000000000000000000000000000000000
11111111111111010100011011111111110111111110001110000011110000000000011000000001110110000000000000000000000000000000000000000000
11111111111111010100011011111111110111011110001110000011110000000000011000000001110100000000000000000000000000000000000000000000
11111111111111110100011011111111111111011110001110000011100000000000011000000001110100000000000000000000000000000000000000000000
11111111111111111100010011111111111111011110001110000011100000000000011000000001110100000000000000000000000000000000000000000000
11111111111111111100010011111111111111011110001110000011100000000000011000000001110100000000000000000000000000000000000000000000
11111111111111111100010011111111111111011110001110000011100000000000011000000001110000000000000000000000000000000000000000000000
11111111111111111100010011111111111111011110001110000011100000000000011000000001110000000000000000000000000000000000000000000000
11111111111111111100010011111111111111011100001110000111100000000000011000000001110000000000000000000000000000000000000000000000
11111111111111111100110011111111111111111100101110000111100000000000011000000001110000000000000000000000000000000000000000000000
11111111111111111100110011101111111111111100101110000111100000000000011000000001111110000000000000000000000000000000000000000000
11111111111111111100110011101111111111111100001110000111100000000000111000000001111111111111000000000000000000000000000000000000
11111111111111111100110011101111111111111100001110000111100000000000111000000001111111111111111111111000000000000000000000000000
11111111111111111100110111101111111111111100001110000111100000000000111000000001111111111111111111111111111110000000000000000000
11111111111111111100110111101111111111111100001100000111100000000000111000000001111111111111111111111111111111111111110000000000
11111111111111111100110111101101111111111100001100000111100100000000111000000001101111111111111111111111111111111111111111111100
11111111111111111100110111101101111111111100001100000111100100000000111000000001101111111111111111111111111111111111111111111111
11111111111111111100110111101101111111111100001100000111100000000000111000000001101111111111111111111111111111111111111111111111
11111111111110111100110111101101111111111100001100000111100000000000111000000001101111111111111111111111111111111111111111111111
11111111111110101100110111101101111111111100001100000111100100000000111000000001101111111111111111111111111111111111111111111111
11111111111110101100110111111101101111111100001100000111100000000000111000000001101111111111111111111111111111111111111111111111
11111111111110101100110111111101101111111100001100000111100000000000111000000001101111111111111111111111111111111111111111111111
11111111111110101000110111111101101111111100101100000111100000000000111000000001101111111111111111111111111111111111111111111111
11111111111110101000110111111111101111111100101100000111100000000000111000000001101111111111111111111111111111111111111111111111
11111111111110101000110111111111101111111100111100000111100000000000111000000001101111111111111111111111111111111111111111111111
11111111111110101000110111111111101111111101111100000111101100000000111000000001101111111111111111111111111111111111111111111111
11111111111110101000110111111111101111111101111100000111101111010000111000000001101111100000001111111111111111111111111111111111
11111111111111101000110111111111101111111101111100100111101111110100111000000001101111100000001100000111111111111111111111111111
11111111111111101000110111111111111110111101111100100111101111111100111000110011101111100000001100000111111110101111111111111111
11111111111111101000110111111111111110111101111100100111101111111100111000110011101111100000101100000111111110001011111111111111
11111111111111101000110111111111111110111101111100100111101111111100111000110011101111100001101100010111111110101011111111111111
11111111111111101000110111111111111110111101111100100111101111111100111000110011101111111001111100010111111110101011111111111111
11111111111111111000100111111111111110111101111100100111101111111100110000110011101111111001111100010111111110101011111111111111
11111111111111111000100111111111111110111101111101100111001111111100110000110011101111111001111100010111111110101011111111111111
11111111111111111001100111111111111110111101111101101111001111111100110000110011101111110001111100010111111110101011111111111111
11111111111111111001100111011111111110111101111101101111001111111100110000110011111111111001111100010111111110101011111111111111
11111111111111111001100111011111111110111101111101101111001111111101110010110011111111111001111100010111111110101011111111111111
11111111111111111001100111011111111110111101111101101111001111111101110010100011111111011001111100010110111110101011111111111111
11111111111111111001100111011111111111111001111101101111001111111101110010100011111111010001111100010110111110101011111111111111
11111111111111111001100111011111111111111001111101101111001111111101110000100011111111010001111100010110111111101011111111111111
11111111111111111001101111011111111111111001111101101111001011111101110000100011111111010001111100010110111110101011111111111111
11111111111111111001101111011011111111111001111101101111011010111101110000100011111111010001111100010110111110101011111111111111
11111111111111111001101111011011111111111001011101101111011010111101110000100011111111010001011100010110111110101011111111111111
11111111111111111001101111011011111111111001011101101111011010111101110000100011111111010001011100010110111110001011111111111111
11111111111111011001101111011011111111111001011101101111011010111101110010100011111111010001011100010110111110001011111111111111
11111111111101111001101111011011011111111011011001001111011010101101110010100011111111010001011100010110111110001011111111111111
11111111111101011001101111011011011111111011011001001111011010101101110010100011111111010001011100010110111110000011111111111111
11111111111101011001101111011011011111111011011001001111011010101101110010100011111111010001011100111110111110001011111111111111
11111111111101011001101111011011011111111011011001001111011110101101110000100011111111010001011100111110111110001011111111111111
11111111111101010001101111111011011111111011111001001111011110101001110000100011111111010001011100011110111110011011111111111111
11111111111101010001101111111011011111111011111001001111011110101001110000100011011111010001011100001110111110011111111111111111
11111111111101010001101111111011011111111011111001001111011110101001110000100011011111010001011100001110111110011111111111111111
11111111111101010001101111111011011111111011111001001111011110101001110010100011011111010001011000001110111100011111111111111111
11111111111101010001101111111111011111111011111001001111011110101001110000100011011111010000011000001110111100000111111111111111
11111111111101010001101111111111011111111011111001001111011111101001110000100011011111110001011000001110111100000111111111111111
11111111111101010001101111111111011111111011111001001111011111101001110111100011011111110001011000001110111100000111111111111111
11111111111101010001101111111111011101111011111001001111011111101001110111100111011111110000011000001110111100000111111111111111
11111111111101011011101111111111011101111011111001001111011111111001110111100111011111110000011000001110111100000111111111111111
11111111111111011111111111111111111101111011111001001111011111111001110111100111011111110000011000001110111100000111111111111111
11111111111111111111111111111111111111111111111011001111011111111001110111100111011111110000011000001111111100000111111111111111
11111111111111111111111111111111111111111111111111111111111111111001100111100111011111110000011000001111111100000111111111111111
11111111111111111111111111111111111111111111111111111111111111111111111111111111111111110001011000001111111100000111111111111111
11111111111111111111111111111111111111111111111111111111111111111111111111111111111111111111111100101111111100000111111111111111
11110111111111111111111111111111111111111111111111111111111111111111111111111111111111111111111111111111111111000111111111111111
11111111111111111111111110111111111111111111111111111111111111111111111111111111111111111111111111111111111111000111111111111111
11111111111111111111111111111111111111111111111111111111111111111111011111111111111101111111111111111111111111000111111111111111
11111111111111111111111111111111111111111111111111111111111111111111111111111111111111111111111111111111100011000111111111111111
11111111111111111111111111111111111111111111111111111111111111111111111111111111111111111111111111110111111011000111111111111110
11111111111111111111111111111111111111111111111111111111111111111111111111111111111111111111111111110111110111000111001111111100
11111111111111111111111111111111111111111111111111111111111111111111111111110111111111111110011111001111110011000111100111111000
11111111111111111111111111111111111111111111111111111111111111111111111111111111111111111111111111101111111011110111100111110000
11111111111111111111111111111111111111111111111111111111111111111111111111111111111011111111111111111111111011111111000111100000
11111111111111111111111111111111111111111111111111111111111111111111111111111111111111111111111111111111100011111111001111000000
11111111111111111111111111111111111111111111111111111111111111111111111111111111111111111111111111111111111111111111111110000000
11111111111111111111111111111111111111111111111111111111111111111111111111111111111111111111111111111111111111111111111100000000
11111111111111111111111111111111111111111111111111111111111111111111111111111111111111111111111111111111111111111111111100000000
11111111111111111111111111111111111111111111111111111111111111111111111111111111111111111111111111111111111111111110111100000000