11111111111111111111111111111111111111111111111111111111111111111111111111111111111111111111111111111111111111111111111111111111
11111111111111111111111111111111111111111111111111111111111111111111111111111111111111111111111111111111111111111111111111111111
11111111111111111111111111111111111111111111111111111111111111111111111111111111111111111111111111111111111111111111111011111111
11111111111111111111111111111111111111111111111111111111111111111111111111111111111111111111111111111111111111111111111111111111
11111111111111111111111111111111111111111111111111111111111111111111111111111111111111111111111111111111111111111111111111111111
11111111111111111111111111111111111111111111111111111111111111111111111111111111111111111111111111111111111111111111111111111111
11111111111111111111111111111111111111111111111111111111111111111111111111111111111111111111011111111111111110111111111111111111
11111111111111111111011111111111111111111100111111111111111111111111111111111111111111111111111111111111111111111111111111111111
11111111111111111111011111111111111111111111111111111111111111111111111111111111111111111111111111111111111111111111111111111111
11111111111111111111110111111111111111111111111111111111111111111111111111111111111111111111111111111111111111111111111111111111
11111111111111111111110111111111111111111111111111111111111111111111111111111111111111111111111111111111111111111111111111111111
11111111111111111111111111111111111111111111111111111111111111111111111111111111111111111111111111111111111111111111111111111111
11111111111111111111111111111111111111111111111111111111111111111111111111111111111111111111111111111111111111111111111111111111
11111111111111111111111111111111111111111111111111111111111111111111111111111111111111111111111111111111111111111111111111111111
11111111111111111111111111111111111111111111111111111111111111111111111111111111111111111111111111110011101110011111111111111111
11111111111111111111111111111111111111111111111111111111111111111110011111001111111111111111111111110011101110011111111111111111
11111111111111111111111111111111111111111101111011100111101111110110011111000111111111111111111110110011101110011111111111111111
11111111111111111001101111111111111111111101111011100111101111110110011111000111111111111111111110110011101110011111111111111111
11111111111111111001101111111111111111111101111011100111101111110100011111000111111111111111111110110011101110011111111111111111
11111111111111111001101111111111111111111101111011100111101111110100011111000111111111111111111110110011101110011111111111111111
11111111111111111001101111111111111111111101111011100111101111110100011111000111111111111111111110110011101110011111111111111111
11111111111111111001101111111111111111111101111011100111101111110100011111000111111111111111111110110011101110011111111111111111
11111111111111111001101111111111111111111101111011100111101111110100011111000111111111111111111110110011101111011111111111111111
11111111111111111001101111111111111111111101111011110111101111110110011111000111111111111111111110110011101111011111111111111111
11111111111111111001100111111111111111111101111011110111101111110110011111000111111111111111111110110011101111011111111111111111
11111111111111111001101111111111111111111101111011110111101111011110011111000111111111111111111110110011101111011111111111111111
11111111111111111001101111111111111111111101111011110111101111011110011111000111111111111111111111110011100111011111111111111111
11111111111111111001100111111111111111111101111011110111101111011110011111000111111111111111111111110011100111011111111111111111
11111111111111111001100111111111111111111101111011110111101111011110011111000111111111111111111111110011100111011111111111111111
11111111111111111001100111111111111111111101111011110111101111011110011111000111111111111111111111110011100111011111111111111111
11111111111111111001100111111111111111111101111011110111101111011110011111000111111111111111111111110011100111011111111111111111
11111111111111111001100111111111111111111101111011110111101111011110011111000111111111111111111111110011100111011111111111111111
11111111111111111001100111111111111111111101111011110111101111011110011111000111111111111111111111110011100111011111111111111111
11111111111111111001100111111111111111111101111011110111101111011110011111000111111101111111111111110011100111011111111111111111
11111111111111111001100111111111111111111101111001110111101111011110011111000111111101111111111111110011100111011111111111111111
11111111111111111000100111111111111111111101111001110111101111011110011111000111111101111111111111110011100111011111111111111111
11111111111111111000100111111111111111111101111001110111101111111110011101000111111101111111111111110011100111011111111111111111
11111111111111111000100111111111111111111101111001110111101111111110011101000111111101111111111111110011100111011111111111111111
11111111111111111000100111111111111111111101111001110111101111111110011101000111111111111111111111110011100111011111111111111111
11111111111111111000100111111111111111111101111001110111101101111110011101000111111111111111111111110011100111011111111111111111
11111111111111111000100111111111111111111101111001110111101111111110011101000111111111111111111111110011100111011110111111111111
11111111111111111000100111111111111111111101111001110111101101111110011101000111111111111111111111110011100111011110111111111111
11111111111111111000110111111111111111111101111001110111101101111110011101000111111111111111111111110011100111011110111111111111
11111111111111111000110111111111111111111101111001110111101101111110011111000111111111111111111111110011100111011110111111111111
11111111111111111000110111111111111111111101111001110111101101111110011111000111111111111111101111110011100111011110111111111111
11111111111111111000110111111111111111111101101001110111100101111110011111000111111111111111101111110011100111011110111111111111
11111111111111111000110111111111111111111101101001110111100101111110011111000111111111111111101111110011100111011110111111111111
11111111111111111000110111111111111111111101101001110111100101111110011111100111111111111111101111110011110111011110111111111111
11111111111111111000110111111111111111111101101001110111100101111110011111100111111111111111101111110011110111011110111111111111
11111111111111111000110111111111111111111101101001110111100101111110011111100111111111111111101111110011110111011110111111111111
11111111111111111000110111111111111111111101101001110111100101111110011111100111111111111111101111110011110111011110111111111111
11111111111111111000110111111111111111111101101001110111100111111110011111100111111111111111101111110011110111011110111111111111
11111111111111111000110111111111111111111101101001110111100111111110011111100111111111111111101111110011110111011010111111111111
11111111111111111000110111111111111111111100101101110111100101111110011111100111111111111111101111110001110111011010111111111111
11111111111111101000110111111111111111111101101101110111100111111110011111100111111111111111101111110001110111011011111111111111
11111111111111101000110111111101111111111100101101110111100111111110011111100111111111111111101111110001110111011011111111111111
11111111111111101100110111111101111111111100101101110111100111111110011111100111111111111111111111110001110111011011111111111111
11111111111111111100110111111101111111111100101101110111100111111110011111100111111111111111111111110001110111011011111111111111
11111111111111111100110111111101111111111100101101110111100111111110011111100111111111111111111111110001110111011011111111111111
11111111111110111100110111111101111111111100101101110111100111111110011111100111111111111111111111110001110111011011111111111111
11111111111110111100110111111101111111111100101101110111100111111110011111100111111111111111111111110001110111011011111111111111
11111111111110111100110111111101111111111100101101110111100111111110011111100111111111111111111111110001110111011011111111111111
11111111111110111100110111111101111111111100101101110111100111111110011111100111111111111111111111110001110111011011111111111111
11111111111110111100110111111101111111111100101101110111100111111110001111100111111111111111111111110001110111011011111111111111
11111111111110111100110111111101111111111100101101110111110111111110001111100111111111111111111111110001110111011011111111111111
11111111111110111100110111111111111111111100101101110111110111111110001111100111111111111111111111110001110111011011111111111111
11111111111110111100110111111111111111111100101101110111110111111110001111100111111111111111111111110001110111011011111111111111
11111111111111111100110111111111111111111100101101110111110111111110001111100111111111111111111111110001110111011011111111111111
11111111111111111100110111111111111111111100101101110111110111111110001111100111111111111111111111110001110111011011111111111111
11111111111111111100110111111111111111111100101101110111110111111110001111100111111111111111111111110001110111001011111111111111
11111111111111111100110111111111111111111100101101110111110111111110001111100111111111111101111111110001110111001011111111111111
11111111111111111100110111111111111111111100101101110111110111111110001111100111111111111101111111110001110111001011111111111111
11111111111111111100110111101111111111111100101101110111110111111010001111100110111111111101111111110001110111001111111111111111
11111111111111111100110111101111111111111110101101110111110111111010001111100110111111111101111111110001110111001111111111111111
11111111111111111100110111101111111111111110111101110111110111111010001111100110111111111111111111110001110111001111111111111111
11111111111111111100110111111111111111111110111101110111110111111010001111100110111111111111111111110001110111001111111111111111
11111111111111111100110111111111111111111110111101110111110111111010001111100110111111111111111111110001110111001111111111111111
11111111111111111100110111111111111111111110111101110111110111111010001111100110111111111111111111110001110111001111111111111111
11111111111111111100110111111111111111111110111101110111110111111010001111100110111111111111111111110001110111001111111111111111
11111111111111111100110111111111111111111110111101110011110111111000001111100110111111111111111111110001110111001111111111111111
11111111111111111100110111111111111111111110111101110011110111111000001111100110111111111111111111110001110111001111111111111111
11111111111111111100110111111111111111111110111101110011110111111010001111100010111111111111111111110001110111001111111111111111
11111111111111111100110111111111111111111110001101110011110111111010001111100010111111111111111111110001110111001111111111111111
11111111111111111100110011111111111111111110111101110011110111111000001111100010111111111111111111110001110111001111111111111111
11111111111111111100110011111111111111111110111101110011110111111000001111100010111111111111111111110001110111001111111111111111
11111111111111111100110011111111111111111110001101110011110111111000001111100010111111111111111111110001110111001111111111111111
11111111111111111100110011111111111111111110001101110011110111111010001111100010111111111111111111010001110111001111111111111111
11111111111111111100110011111111111111111110111101110011110111111010001111100010111111111111111111010001110111001111111111111111
11111111111111111100110011111111111111011110011101110011110111111010001111100010111111111111111111010001110111001111111111111111
11111111111111111100110011111111111111011110111101110011110111111010001111100011111111111111111111010001110111001111111111111111
11111111111111111100110011111111111111011110111101110011110111101010001111100011111111111111111111010001110111001111111111111111
11111111111111111100110011111111111111011110111101110011110111101000001111100011111111111111111111011001110111001111111111111111
11111111111111111100110011111111111111011110111101110011110111101010001111100011111111111111111111011001110111001111111111111111
11111111111111111100010011111111111111011110111100110011110110101010001111100011111111111111111111011001110111001111111111111111
11111111111111111100010011111111111111011110001100110011110110101010001111100011111111111111111111011001110111001111111111111111
11111111111111111100010011111111111111011110111100111011110110101010001111100011111111111111111111011001110111001111111111111111
11111111111111111100010011111111111111011110111100111011110110101010001111100011111111111111111111011001110111001111111111111111
11111111111111111100010011111111111111011110111100111011110110101010001111100011111111111111111111011001110111001111111111111111
11111111111111111100010011111111111111011110011100111011110110101010001111100011111111111111111111011001110111001111111111111111
11111111111111111100010011111111111111111110011100111011110110101010001111100011111111111111111111111001110111001111111111111111
11111111111111111100010011111111111111111110011100111011110110101010001111100011111111111111111111011001110111001111111111111111
11111111111111111100010011111111111111111110011100111011110110101010001110100011111111111111111111111001110111101111111111111111
11111111111111111100010011111111111111111110011100111011110110101010001110100011111111111111111111111001110111101111111111111111
11111111111111111100010011111111111111111110000100111011110110101010001110100011111111111111111111111001110111101111111111111111
11111111111111111100010011111111111111111110010100111011110010101010001110100011111111111111111111111001110111101111111111111111
11111111111111111100010011111111111111111110010100111011110010101010001110100011111111111111111111111001110011101111111111111111
11111111111111111100011011111111111111111110010100111011110010101011001110100011111111111111111111111001110011101111111111111111
11111111111111111100011011111111110111111110000100111011110010101010001110100011111111111111111111111001110011101111111111111111
11111111111111110100011011111111110111111110010100111011110010101111001110100011111110111111111111111001110011101111111111111111
11111111111111110100011011111111110111111110010100111011110010101011001110100011111110111111111111111001110011101111111111111111
11111111111111110100011011111111110111111110010100111011110010101011001110100011111110111111111111111001110111101111111111111111
11111111111111110100011011111110110111111110010100111011110111101111001111110011111111111111111111111111111111111111111111111111
11111111111111010110111111111111111111111111111111111111111111111111111111111111111111111111111111111111111111111111111111111111
11111111111111010111111111111111111111111111111111111111111111111111111111111111111111111111111111111111111111111111111111111111
11111111111111010111111111111111111111111111111111111111111111111111111111111111111111111111111111111111111111111111111111111111
11111111111111010111111111111111111111111111111111111111111111111111111111111111111111111111110111111111111110111111111111111111
11111111111111010111101111110111111101111111111111111111111111111111111111111111111111111111111111111111111111111111111111111111
11111111111111010111111111111011111111111111111111011111111111111111111111111111111111111111111111111111111111111111111111111111
11111111111111111111111111111111111111111111111111111111111111111111111111111111111111111111110111111111111111111111111111111111
11111111111111111111111111110111111111111111111111111111111111111111111111111111111111111111111111111111111111111111111111111111
11111111111111111111111111111111111111111111111111111111111111111111111111111110111111111111111111111001111111111111111111111111
11111111111111111111111111111111111111111111111111111111111111111111111111111111111111111111111111111111111111111111111111111111
11111111111111111111111111111111111111111111111111111111111111111111111111111111111111111111111111111111111111111111111111111111
11111111111111111111111111111111111111111111111111111111111111111111111111111111111111111111111111111111111111111111111111111111
11111111111111111111111111111111111111111111111111111111111111111111111111111111111111111111111111111111111111111111111111111111
11111111111111111111111111111111111111111111111111111111111111111111111111111111111111111111111111111111111111111111111111111111
11111111111111111111111111111111111111111111111111111111111111111111111111111111111111111111111111111111111111111111111111111111
11111111111111111111111111111111111111111111111111111111111111111111111111111111111111111111111111111111111111111111111111111111