11111111111111111111111111111111111111111111111111111111111111111111111111111111111111111111111111111111111111111111111111111111
11111111111111111111111111111111111111111111111111111111111111111111111111111111111111111111111111111111111111111111111111111111
11111111111111111111111111111111111111111111111111111111111111111111111111111111111111111111111111111111111111111111111111111111
11111111111111111111111111111111111111111111111111111111111111111111111111111111111111111111111111111111111111111111111111111111
11111111111111111111111111111111111111111111111111111111111111111111111111111111111111111111111111111111111111111111111111111111
11111111111111111111111111111111111111111111111111111111111111111111111111111111111111111111111111111111111111111111111111111111
11111111111111111111111111111111111111111111111111111111111111111111111111111111111111111111111111111111111111111111111111111111
11111111111111111111111111111111111111011111111111111111111111111111111111111111111111111111111111111111111111111111111111111111
11111111111111111111111111111111111111111111111111111111111111111111111111111111111111111111111111111111111111111111111111111111
11111111111111111111111111111111111111111111111111111111111111111111111111111111111111111111111111111111111111111111111111111111
11111111111111111111111111111111111111111111111111111111111111111111111111111111111111111111111111111111111111111111111111111111
11111111111111111111111111111111111111111111111111111111111111111111111111111111111111111111111111111111111111111111111111111111
11111111111111111111111111111111111111111111111111111111111111111111111111111111111111111111111111111111111111111111111111111111
11111111111111111111111111111111111111111111111111111111111111111111111111111111111111111111111111111111111111111111111111111111
11111111111111111111111111111111111111111111111111111111111111111111111111111111110111110111111111111111111111111111111111111111
11111111111111111011111111111111111111111111111111111111100111111111111111111101110111110111111111111111111111111111111111111111
11111111111111111011011111111111111111111111111111111111100111111111111111111101110111110111111111111111111111111111111111111111
11111111111111111011011111111111111111111111111111111111100111111111111111111101110111110111111111111111111111111111111111111111
11111111111111111011011111111111111111111111111111111111100111111111111111110101110111110111111111111111111111111111111111111111
11111111111111111011011111111111111111111111111111111111100111111111111111110101110111110111111111111111111111111111111111111111
11111111111111111011011111111111111111111111111111111111100111111111111111110101110111110111111111111111111111111111111111111111
11111111111111111011011111111111111111111111111111111111100111111111111111110101110111110111111111111111111111111111111111111111
11111111111111111011011111111111111111111111111111111111100111111111111111110101110111110111111111111111111111111111111111111111
11111111111111111011011111111111111111111111111111111111100111111111111111110101110111110111111111111111111111111111111111111111
11111111111111111011011111111111111111111111111111111111100111111111111111110101110111110111111111111111111111111111111111111111
11111111111111111011011111111111111111111111111111111111100111111111111111110101110111110111111111111111111111111111111111111111
11111111111111111011011111111111111111111111111111011111100111111111111111110101110111110111111111111111111111111111111111111111
11111111111111111011011111111111111111111111111111011111100111111111111111110101110111110111111111111111111111111111111111111111
11111111111111111011011111111111111111111111111111011111100111111111111111110101110111110111111111111111111111101111111111111111
11111111111111111011011111111111111111111111111111011111100111111111111111110101110011110011111111111111111111101111111011111111
11111111111111111011011111111111111111111111111111011111100111111111111111110101110011110011111111111111111111101111111011111111
11111111111111111011011111111111111111111111111111011111100111111111111111110101110011110011111111111111111111101111111011111111
11111111111111111011011111111111111111111111111111011111100111111111111111110101110011110011111111111111111111101111111011111111
11111111111111111011011111111111111111111111111111011111100111111111111111110101110011110011111111111111111111101111111011111111
11111111111111111011011111111111111111111111111111011111100111111111111111110101110011110011111111111111111111101111111011111111
11111111111111111011011111111111111111111111111111011111100111111111111111110101110011110011111111111111111111101111111011111111
11111111111111111011011111111111111111111111111111011111100111111111111111110111110011110011111111111111110111101111111011111111
11111111111111110011011111111111111111111111111111011111100111111111111111110111110011110011111111111111110111101111111011111111
11111111111111110011011111111111111111111111111111011111100111111111111111110111110011110011111111111111110111101111111011111111
11111111111111110011011111111111111111111111111111011111100111111111111111110111110011110011111111111111110111101111111011111111
11111111111111110011011111111111111111111111111111011111100111111111111111110111110011110011111111111111110111101111111011111111
11111111111111110011011111111111111111111111111111011111100111111111111111110111110011110011111111111111110111101111111011111111
11111111111111110011011111111111111111111111111111011111100111111111111111110111110011110011111111111111110111100111111011111111
11111111111111110011011111111111111111111111111111011111100111111111111111110111110011110011111111111111110111100111111011111111
11111111111111110011011111111111111111111111111111011111100111111111111111110111110011110011111111111111110111100111111011111111
11111111111111110011011101111111111111111111111111011111100111111111111111110111110011110011111111111111110111100111111111111111
11111111111111110011011101111111111111111111111111011111100111111111111111110111110011110011111111111111110111100111111111111111
11111111111111110011011101111111111111111111111111011111100111111111111111110111110011110011111111111111110111100111111111111111
11111111111111110011011101111111111111111111111111011111100111111111111111110111110011110011111111111111110111100111111111111111
11111111111111110011011101111111111111111111111111011111100111111111111111110110110011110011111111111111110111100111111111111111
11111111111111110011011101111111111111111111111111011111100111111111111111110110110011110011111111111111110111100111111111111111
11111111111111110011011101111111111111111111111111011111110111111111111111110110110011110011111111111111110111100111111111111111
11111111111111110011011101111111111111111111111111011111110111111111111111110110110011110011111111111111110111100111111111111111
11111111111111110011011101111111111011111111111111011111110111111111111111110110110011110011111111111111110111100111111111111111
11111111111111110011011101111111111011111111111111011111110111111111111111110110110011110011111111111111110111100111111111111111
11111111111111110011011101111111111011111111111111011111110111111111111111110110110011110011111111111111110111100111111111111111
11111111111111110011011101111111111011111111111111011111110111111111111111110110110011110011111111111111110111100111111111111111
11111111111111110011011101111111111011111111111111011111110111111111111111110110110011110011111111111111110111100111111111111111
11111111111111110011011101111111111011111111111111011111110111111111111111110110110011010011111111111111110111100111111111111111
11111111111101110011011101111111111011111111111111011111110111111111111111110110110011010011111111111111110111100111111111111111
11111111111101110011011101111111111011111111111111011111110111111111111111110110110011010011111111111111110111100111111111111111
11111111111101110011011101111111111011111111111111011111110111111111111111110110110011010011111111111111110111100111111111111111
11111111111101110011011101111111111011111111111111011111110111111111111111110110110011010011011111111111110111100101111111111111
11111111111101110011011101111111111011111111111111011111110111111111111111110110110011010011011111111111110111100111111111111111
11111111111111110011011101111111111011111111111111011111110111111111111111110110110011010011011111111111110111100111111111111111
11111111111111110011011101111111111011111111111111011111110111111111111111110110110011010011011111111111110111100111111111111111
11111111111111110011011101111111111011111111111111011111110111111111111111110110110011010011011111111111110111100111111111111111
11111111111111110011011111111111111011111111111111011111110111111111111111110110110011010011111111111111110111100111111111111111
11111111111111110011011111111111111011111111111111011111110111111111111111110110110011010011111111111111110111100111111111111111
11111111111111110011011111111111111011111111111111011111110111111111111111110110110011010011111111111111110111100111111101111111
11111111111111110011011111111111101011111111111111011111110111111111111111110110110011010011111111111111110111100111111101111111
11111111111111110011011111111111101011111111111111011111110111111111111111110110110011010011111111111111110111100111111101111111
11111111111111110011011111111111101011111111111111011111110111111111111111110110110011010011111111111111110111100111111101111111
11111111111111110011011111111111101011111111111111011111110111111110111111010110110011010011111111111111110111100111111101111111
11111111111111110011011111111111101011111111111111011111110111111110111111010110110011010011111111111111110111100111111101111111
11111111111111110011011111111111101011111111111111011111110111111110111111010110110011110011111111111111110111100111111101111111
11111111111111110011011111111111101011111111111111011111110111111110111111010110110011110011111111111111110111100111111101111111
11111111111111110011011111111111101011111111111111011111110111111110111111010110110011110011111111111111110111100111111101111111
11111111111111110011011111111111101011111111111111011111110111111110111111010110110011110011111111111111110111100111111101111111
11111111111111110011011111111111101011111111111111011111110111111110111111010110110011110011111111111111110111100111111101111111
11111111111111110011011111111111101011111111111111011111110111111110111111010110110011110011111111111111110111100111111101111111
11111111111111110011011111111111101011111111111111011111110111111110111111010110110011110011111111111111110111100111111101111111
11111111111111110011011111111111101011111111111111011111110111111110111111010110110011110011111111111111110111100111111101111111
11111111111111110011011111111111101011111111111111011111110111111110111111010110110011111011111111111111110111100111111101111111
11111111111111110011011111111111101011111111111111011111110111111110111111010110110011111011111111111111110111100111111101111111
11111111111111110011011111111111101011111111111111011111110111111110111111010110111011111011111111111111110111100111111101111111
11111111111111110011011111111111101011111111111111011111110111111110111111010110111011111011111111111111110111110111111101111111
11111111111111110011011111111111101011111111111111011111110111111110111111010110111011111011111111111111110111110111111101111111
11111111111111110011111111111111101011111111111111011111110111111110111111010110111011111011111111111111110111110111111101111111
11111111111111110011111111111111101011111111111111011111110111111110111111010110111011111011111111111111111111110111111101111111
11111111111111110011111111111111101011111111111111011111110111111110111111010110110011111011111111111111111111110111111101111111
11111111111111110011111111111111101011111111111111011111110111111110111111010110110011111011111111111111111011110111111101111111
11111111111111110011111111111111101011111111111111011111110111111110111111010110111011111011111111111111111011110111111101111111
11111111111111110011111111111111101011111111111111011111110111111110111111010110111011111011111111111111111011110111111101111111
11111111111111110011111111111111101011111111111111011111110111111110111111010110111011111011110111111111111011110111111101111111
11111111111111110011111111111111111011111111111111011111110111111110111111010110111011111011110111111111111011110111111101111111
11111111111111110011111111111111111011111111111111011111110111111110111111110110111011111011110111111111111011110111111101111111
11111111111111110011111111111111111011111111111111011111110111111110111111110110111011111011111111111111111011110111111101111111
11111111111111110011111111111111111011111111111111011111110111111110111111110110111011111011111111111111111011110111111101111111
11111111111111110011111111111111111011111111111111011111110111111110111111110110111011111011111111111111111011110111111101111111
11111111111111110011111111111011111011111111111111011111110111111110111111110110111011111011111111111111111011110111111101111111
11111111111111110011111111111011111011111111111111011111110111111110111111110110111011111011111111111111111011110111111101111111
11111111111111110011111111111011111011111111111111011111110111111111111111110110111011111011111111111111111011110111111101111111
11111111111111110011111111111011111011111111111111011111110111111111111111110110111011111001111111111111111011110111111101111111
11111111111111110010111111111011111011111111111111011111110111111111111111110110111011111001111111111111111011110011111101111111
11111111111111110010111111111011111011111111111111011111110111111111111111110110111011111001111111111111111011110011111111111111
11111111111111110010111111111011111011111111111111011111110111111111111111110110111011111001111111111111111010110011111111111111
11111111111111110010111111111011111011111111111111011111110111111110111111110110111011111001111111111111111010110011111111111111
11111111111111110010111111111011111011111111111110011111110111111111111111111110111011111001111111111111111010110011111111111111
11111111111111110010111111111011111011111111111110011111110111111111111111111110111011111001111111111111111010110011111111111111
11111111111111110010111111111011111011111111111111011111110111111111111111111110111011111011111111111111111010110011111111111111
11111111111111110010111111111011111011111111111111011111110111111111111111111111111111111111111111111111111010110010111111111111
11111111111111110110111111111011111011111111111111111111110111111111111111111111111111111111111111111111111010110010111111111111
11111111111111110110111111111111111011111111111111111111111111111111111111111111111111111111111111111111111010110010111111111111
11111111111111110111111111111111111111111111111111111111111111111111111111111111111111111111111111111111111010110010111111111111
11111111111111111111111111111111111111111111111111111111111111111111111111111111111111111111111111111111111011110011111111111111
11111111111111111111111111111111111111111111111111111111111111111111111111111111111111111111111111111111111011110111111111111111
11111111111111111111111111111111111111111111111111111111111111111111111111111111111111111111111111111111111111111111111111111111
11111111111111111111111111111111111111111111111111111111111111111111111111111111111111111111111111111111111111111111111111111111
11111111111111111111111111111111111111111111111111111111111111111111111111111111111111111111111111111111111111111111111111111111
11111111111111111111111011111111111111111111111111111111111111111111111111111111111111111111111111111111111111111111111111111111
11110011111111111111111111111111111111111111111111111111111111111111111111111111111111111111111111111111111111111111111111111111
11111111111111111111111111111111111111111111111111111111111111111111111111111111111111111111111111111111111111111111111111111111
11111111111111111111111111111111111111111111111111111111111111111111111111111111111111111111111111111111111111111111111111111111
11111111111111111111111111111111111111111111111111111111111111111111111111111111111111111111111111111111111111111111111111111111
11111111111111111111111111111111111111111111111111111111111111111111111111111111111111111111111111111111111111111111111111111111
11111111111111111111111111111111111111111111111111111111111111111111111111111111111111111111111111111111111111111111111111111111
11111111111111111111111111111111111111111111111111111111111111111111111111111111111111111111111111111111111111111111111111111111