11111111111111111111111111111111111111111111111111111111111111111111111111111111111111111111111111111111111111111111111111111111
11111111111111111111111111111111111111111111111111111111111111111111111111111111111111111111111111111111111111111111111111111111
11111111111111111111111111111111111111111111111111111111111111111111111111111111111111111111111111111111111111111111111111111111
11111111111111111111111111111111111111111111111111111111111111111111111111111111111111111111111111111111111111111111111111111111
11111111111111111111111111111111111111111111111111111111111111111111111111111111111111111111111111111111111111111111111111111111
11111111111111111111111111111111111111111111111111111111111111111111111111111111111111111111111111111111111111111111111111111111
11111111111111111111111111111111111111111111111111111111111111111111111111111111111111111111111111111111111111111111111111111111
11111111111111111111111111111111111111111111111111111111111111111111111111111111111111111111111111111111111111111111111111111111
11111111111111111111111111111111111111111111111111111111111111111111111111111111111111111111111111111111111111111111111111111111
11111111111111111111111111111111111111111111111111111111111111111111111111111111111111111111111111111111111111111111111111111111
11111111111111111111111111111111111111111111111111111111111111111111111111111111111111111111111111111111111111111111111111111111
11111111111111111111111111111111111111111111111111111111111111111111111111111111111111111111111111111111111111111111111111111111
11111111111111111111111111111111111111111111111111111111111111111111111111111111111111111111111111111111111111111111111111111111
11111111111111111111111111111111111111111111111111111111111111111111111111111111111111111111111111111111111111111111111111111111
11111111111111111111111111111111111111111111111111111111111111111111111111111111111111111111111111111111111111111111111111111111
11111111111111111111111111111111111111111111111111111111111111111111111111111111111111111111111111111111111111111111111111111111
11111111111111111111111111111111111111111111111111111111111111111111111111111111111111111111111111111111111111111111111111111111
11111111111111111111111111111111111111111111011111111111111111111111111111111111111111111111111111111111111111111111111111111111
11111111111111111111111111111111111111111111111111111111111111111111111111111111111111111111111111111111111111111111111111111111
11111111111111111111111011111111111111111111111111111111111111111111111111111111111111111111111111111111111111111111111111111111
11111111111111111111111111111111111111111111111111111111111111111111111111111111111111111111111111111111111111111111111111111111
11111111111111111111111111111111111111111111111111111111111111111111111111111111111111111111111111111111111111111111111111111111
11111111111111111111111111111111111111111111111111111111111111111111111111111111111111111111111111111111111111111111111111111111
11111111111111111111111111111111111111111111111111111111111111111111111111111111111111111111111111111111111111111111111111111111
11111111111111111100110011111111110111111111111111111111111111111111111111111111111111111111111111111111111111111111111111111111
11111111111111111100110011111111110111111110110100111011110110111111011001110011111111111111111111111111111111111111111111111111
11111111111111111100110011111111110111111110110100111011110110111111011001110011111111111111111111011111111100111111111111111111
11111111111111111100110011111111110111111110110100111011110110101111011001110011111111111111111111011111111100011010111111111111
11111111111111111100110011111111110111111110110100111011110110101111011001100011111111110111111111011111111100111010111111111111
11111111111111111100110011111111110111111110110100111011110111101111011001100011111111110111111111111111111100111110111111111111
11111111111110111100110011111111110111111110111100111011110111101111011011100011111111110111111111111111111100111110111111111111
11111111111111111100110011111111110111111110111100111011110111101111011011100011111111110101111111111111111100111110111111111111
11111111111110111100110011111111110111111110111100111011110111101111011011100011111111110101111111111111111100111110111111111111
11111111111110111100110011111111111111111110111100111011110111101111011011100011111111110101111111111101111100111110111111111111
11111111111110111100110011111111111111111110111100111011110111101111011011100011111111110101111111111101111100111111111111111111
11111111111110111100110111111111111111111110111100110011110111101111011011100011111111110101111111111101111100111111111111111111
11111111111110111100110111111111111111111110111100110011110111101011011011100011011111111101111111111101111100111111111111111111
11111111111110111100110111101111111111011110111101110011110111101011011011100011011111111101101111111101101100111111111111111111
11111111111110111100110111101111111111011110111101110011110111101011011011100111011111111101101111111101101100111111111111111111
11111111111110111100110111101111111111011110111101110011110111111011011011100111010111111101101111111101101100111111111111111111
11111111111110111100110111101111111111011110111101110011110111111011011011100111010111111111101111111101101000111111111111111111
11111111111110101100110111101111111111011110111101110011110111111011011011100111010111111111101111111111101000111111111111111111
11111111111110101100110111101111111111011110111101110011110111111010011011100111010111111111101111111111101000111111111111111111
11111111111110101100110111101111111111011110111101110011110111111010011011100111010111111111101111111111101000111111111111111111
11111111111110101100110111101111111111011110111101110011110111111010011011100111010111111111101111111111101000111111111111111111
11111111111110101100110111101111111111011110111101110011110111111110011011100111010111111111101111111111101000111111111111111111
11111111111110101100110111101111111111011110111101110011110111111110011011100111010111111111101111111111101000111111111111111111
11111111111110101100110111101111111111011110111101110011110111111110011011100111010111111111101111111111101000111111111111111111
11111111111110101100110111101111111111011110111101110011110111111110010011100111110111111111101110111111111000111111111111111111
11111111111110101100110111101111111111111110111101110111110111111110010011100111110111111111111110111111111000111111111111111111
11111111111111101100110111101111111111111110111101110111110111111110010011100111110111111111111110111111111000110111111111111111
11111111111111101100110111101111111111111110111101110111110111111110010011100111110111111111111110111111111000110111111111111111
11111111111111101100110111101111111111111110111101110111110111111110010011100111110111111111111110111111111000110101111111111111
11111111111111101100110111101111111111111110111101110111110111111110010011100111110111111111111110111111111001110101111111111111
11111111111111101000110111101111111111111100111101110111100111111110010011100111111111111111111110111111111001110101111111111111
11111111111111101000110111101111111111111100111101110111100111111110010011100111111111111111111110111111111001110101111111111111
11111111111111101000110111101101111111111100111101110111100111111110010011100111111111111111111111111111111001111101111111111111
11111111111111111000110111101101111111111100111101110111100111111110110011100111111111101111111111111111111001111101111111111111
11111111111111111000110111101101111111111100111101110111100111111110110011100111111111101111111111111111111001111101111111111111
11111111111111111000110111111101111111111100111101110111100111111110110011100111111111101111111111111111111001111111111111111111
11111111111111111000110111111101111111111100111101110111100111111110110011100111111111101111111111111011111001111111111111111111
11111111111111111000110111111101111111111100101101110111101111111110110111000111111111101011111111111011111001111111111111111111
11111111111111111000110111111101101111111100101001110111101101111110110111000111111111101011111111111011111001111111111111111111
11111111111111111000110111111101101111111101101001110111101101111110110111000111111111101011111111111011111001111111111111111111
11111111111111111000110111111101101111111101101001110111101101011110110111000111111111101011111111111011011001111111111111111111
11111111111111111000110111111101101111111101101001110111101101011110110111000111111111111011111111111011011001111111111111111111
11111111111111111000110111111101101111111101101001110111101111011110110111000111111111111011111111111011011001111111111111111111
11111111111111111000110111111111101111111101101001110111101111011110110111000111111111111011011111111011011001111111111111111111
11111111111111111000110111111111101111111101101001110111101111011110110111000110111111111011011111111011010001111111111111111111
11111111111111111000110111111111101111111101101001110111101111011110110111000110111111111111011111111111010001111111111111111111
11111111111111111000110111111111101111111101101001110111101111011110110111000110101111111111011111111111010001111111111111111111
11111111111111111000110111111111101111111101101001110111101111010110110111001110101111111111011111111111010001111111111111111111
11111111111111111000110111111111101111111101111001110111101111010110110111001110101111111111011111111111010001111111111111111111
11111111111111111000110111111111101111111101111001100111101111010110110111001110101111111111011111111111010001111111111111111111
11111111111111111000110111111111101111111101111001100111101111110110110111001110101111111111011111111111010001111111111111111111
11111111111111111000110111111111101111111101111001100111101111110110110111001110101111111111011111111111110001111111111111111111
11111111111111111001110111111111101111111101111001100111101111110110110111001110101111111111011111111111110001101011111111111111
11111111111111111001110111111111101111111101111001100111101111110110110111001110101111111111011111111111110001101011111111111111
11111111111111111001110111111111101111111101111001100111101111110110110111001110101111111111111101111111110001101011111111111111
11111111111111111001100111111111101111111101111011100111101111111100110111001110101111111111111101111111110011101011111111111111
11111111111111111001100111111111101111111101111011100111101111111100110111001111101111111111111101111111110011101011111111111111
11111111111111111001100111111111111111111101111011100111101111111100110111001111101111111111111101111111110011101011111111111111
11111111111111111001100111111111111111111101111011100111101111111100100111001111101111111111111101111111110011111011111111111111
11111111111111111001100111111111111110111101111011100111101111111100100111001111101111111111111101111111110011111011111111111111
11111111111111111001100111111111111110111101111011100111101111111100100111001111111111111111111101111111110011111111111111111111
11111111111111111001100111111111111110111101111011100111101111111100100111001111111111111111111101110111110011111111111111111111
11111111111111111001100111111111111110111101111011100111101111111100100111001111111111111111111111110111110011111111111111111111
11111111111111111001100111111111111110111101111011100111101111111100100111001111111111011111111111110111110011111111111111111111
11111111111111111001100111111111111110111101111011101111101111111100100111001111111111011111111111110111110011111111111111111111
11111111111111111001100111111111111110111101111011101111101111111100100111001111111111011111111111110111110011111111111111111111
11111111111111111001100111011111111110111101111011101111101111111100100111001111111111010111111111110111110011111111111111111111
11111111111111111001101111011111111110111101111011101111001111111101100110001111111111010111111111110110110011111111111111111111
11111111111111111001101111011111111110111101111011101111001111111101100110001111111111010111111111110110110011111111111111111111
11111111111111111001101111011111111110111101111011101111001111111101100110001111111111010111111111110110110011111111111111111111
11111111111111111001101111011111111110111101111011101111001111111101100110001111111111010110111111110110100011111111111111111111
11111111111101111001101111011111111111111101111011101111001111111101100110001111111111010110111111110110100011111111111111111111
11111111111101111001101111011111111111111101111011101111001111111101101110001111111111010110111111111110100011111111111111111111
11111111111101111001101111011111111111111101111011101111001111111101101110001111111111110110111111111110100011111111111111111111
11111111111101111001101111011111111111111001111011101111011011111101101110001111111111110110111111111110100011111111111111111111
11111111111101111001101111011111111111111001111011101111011010111101101110001101111111111110111111111110100011011111111111111111
11111111111101111001101111011111111111111001111011101111011010111101101110001101111111111110111111111111100011011111111111111111
11111111111101111001101111011111111111111001111011101111011010111101101110001101111111111110111111111111100011010111111111111111
11111111111101011001101111011111111111111001111011101111011010111101101110001101011111111110111111111111100011010111111111111111
11111111111101011001101111011111111111111001110011101111011110111101101110011101011111111110111111111111100011010111111111111111
11111111111101011001101111011111111111111001010011101111011110111101101110011101011111111110111111111111100111010111111111111111
11111111111101011001101111011011111111111011010011101111011110101101101110011101011111111110111011111111100111010111111111111111
11111111111101011001101111011011111111111011010011101111011110101101101110011101011111111111111011111111100111010111111111111111
11111111111101011001101111011011111111111011010011101111011110101101101110011101011111111111111011111111100111110111111111111111
11111111111101011001101111111011111111111011010011101111011110101101101110011101011111111111111011111111100111110111111111111111
11111111111101011001101111111011111111111011010011101111011111101101101110011101011111111111111011111111100111111111111111111111
11111111111101011001101111111011111111111011010011101111011111101101101110011111011111111111111011111111100111111111111111111111
11111111111101011101101111111011111111111011110011101111011111101101101110011111011111111111111011111111100111111111111111111111
11111111111111011111111111111111111111111111111111101111011111101001101110011111011111111111111011101111100111111111111111111111
11111111111111011111111111111111111111111111111111111111111111101111111111111111111111111111111111111111100111111111111111111111
11111111111111011111111111111111111111111111111111111111111111101111111111111111111111111111111111111111111111111111111111111111
11111111111111011111111111111111111111111111111111111111111111101111111111111111111111111111111111111111111111111111111111111111
11111111111111011111111111111111111111111111111111111111111111111111111111111111111111111111111111111111111111111111111111111111
11111111111111111111111110111111111111111111111111111111111111111111111111111111111111111111111111101111111111111111111111111111
11111111111111111111111111111111111111111111111111111111111111111111111111111111111111111111111111111111111111111111111111111111
11111111111111111111111111111111111111111111111111111111111111111111111111111111111111111111111111111111111111111111111111111111
11111111111111111111111111111111111111111111111111111111111111111111111111111111111111111111111111111111111111111111111111111111
11111111111111111111111111111111111111111111111111111111111111111111111111111111111111111111111111111111110111111111111111111111
11111111111111111111111111111111111111111111111111111111111111111111111111111111111111111110111111111111111111111111111111111111
11111111111111111111111111111111111111111111111111111111111111111111111111111111111111111111111111111111111111111111111111111111
11111111111111111111111111111111111111111111111111111111111111111111111111111111111111111111111111111111111111111111111111111111
11111111111111111111111111111111111111111111111111111111111111111111111111111111111111111111111111111111111111111111111111111111
11111111111111111111111111111111111111111111111111111111111111111111111111111111111111111111111111111111111111111111111111111111
11111111111111111111111111111111111111111111111111111111111111111111111111111111111111111111111111111111111111111111111111111111