11111111111111111111111111111111111111111111111111111111111111111111111111111111111111111111111111111111111111111111111111111111
11111111111111111111111111111111111111111111111111111111111111111111111111111111111111111111111111111111111111111111111111111111
11111111111111111111111111111111111111111111111111111111111111111111111111111111111111111111111111111111111111111111111111111111
11111111111111111111111111111111111111111111111111111111111111111111111111111111111111111111111111111111111111111111111111111111
11111111111111111111111111111111111111111111111111111111111111111111111111111111111111111111111111111111111111111111111111111111
11111111111111111111111111111111111111111111111111111111111111111111111111111111111111111111111111111111111111111111111111111111
11111111111111111111111111111111111111111111111111111111111111111111111111111111111111111111111111111111111111111111111111111111
11111111111111111111111111110111111011111111111011111111111111111111111111111111111111111111111111111111111111111111111111111111
11111111111111111111111111110111111011011111111011111111101011111011101111111110111111111111111111110111111111111011111111111111
11111111111111111111111111110000111001011111111111111111100111011111111110111111111111111111111101101101111111111111111111111111
11111111111111111111111111110111111110011111111111100111100111111111111111111111111111111011111101111101111111111111111111111111
11111111111111111111111110110111111111011111111111111111111111111111111111111111111111111011111111110101111111111111111111111111
11111111111111111111111111110111111111011111111111111111111011111111111111111111111111111001111111111011111111111111111111111111
11111111111111111111111111111111111111111111111111111111100111111111111111111111111111111111110111111111111111111111111111111111
11111111111111111111111111111111111111111111111111111111111111111111111111111111111111111111111111111111111111111111111111111111
11111111111111111111111111111111111111111111111111111111111111111111111111111111111111111111111111111111111111111111111111111111
11111111111111111111111111111111111111111111111111111111111111111111111111111111111111111111111111111111111111111111111111111111
11111111111111111111111111111111111111111111111111111111111111111111111111111111111111111111111111111111111111111111111111111111
11111111111111111111111111111111111111111111111111111111111111111111111111111111111111111111111111111111111111111111111111111111
11111111111111111111100110111111111111111111111111111111111111111111111111111111111111111111111111111111111111111111111111111111
11111111111111111111000100111111101111111110010000011100111001111111111110011111110111100111111111110111111111111111111111111111
11111111111111111111000100111111101111111110010000011100111001110000011110000001110000000111000001100000111111001111011111111111
11111111111111111111000100111111101111111110000000011100111001110000001110000001110000000111000001100000111111001111011111111111
11111111111111111111000100111111101111111110000000011100111001110000001110000001110000000111000001100000111111001111011111111111
11111111111111111111000100111111101111111110000000011100111001110000001110000001110000000111000001100000111111001111011111111111
11111111111111111111000100111111101111111110000000011100111001110000001110000001110000000111000001100000111111001111011111111111
11111111111111111111000100111111101111111110000000011100111001110000001110000001110000000111000001100000111111001111011111111111
11111111111111111111000100111111101111111000010000011100111001110000001110000001110000000111000001100000111111001111011111111111
11111111111111111111000100111111101111111000010000011100111001110000001110000001110000000111000001100000111111001111011111111111
11111111111111111111000100111111101111111000000000011100111001110000001110000001110000000111000001100000111111001111011111111111
11111111111111111111000100111111111111111110010000011100111001110000001110000001110000000111000001110000111111001101011111111111
11111111111111111111000100111111111111111000010000011100111001110000001110000001110000000111000001110000111111001101011111111111
11111111111111111111000100111111111111111110010000011100111001110000001110000001110000000111000001110000111111001101011111111111
11111111111111111111000100111111111111111110010000011100111001110000001110000001110000000111000001110000111111000101011111111111
11111111111111111111000100111111111111111110010000011100111001110000001110000001110000000011000001110000111111000101011111111111
11111111111111111111000100111111111111111110010000011100111001110000001110000001110000000011000001110000111111000101111111111111
11111111111111111111000100111111111111111110010000011100111001110000001110000001110000000011000001110000111111000101111111111111
11111111111111111111001100111111111111111110010000011100111001110000001110000001110000000011000001110000111111000101111111111111
11111111111111111111001100111111111111111110010000011100111001110000001110000001110000000011000001110000111111000111111111111111
11111111111111111110001100111111111111111110010000011100111001110000001110000001110000000011000001110000111111000111111111111111
11111111111111101110001100111111111111111110010000011100111001110000001110000001110000000011000001110000111111000111111111111111
11111111111111101110001100111111111101111110010000011100111001110000001110000001110000000011000001110000111111000111111111111111
11111111111111101110001100111111111101111110010000011100111001110000001110000001110000000011000001110000111111000111111111111111
11111111111111101110001100111111111101111110010000011100111001110000001110000001110000000011000001110000111011000111111111111111
11111111111111101010001100111111111101111110010000011100111001110001001110000001110000000011000001110000111011000111111111111111
11111111111111111010001100111111111101111110010000011100111001111011001110000001110000000011000001110000111011000111111111111111
11111111111111111010001100111111111101111110110000011100111001111011001110000001110000000011000001110000111011000111111111111111
11111111111111111010001101111111111101111110010000011100111001111000001110000001110000000011000001110000111011000111111111111111
11111111111111111010001101111111111101111110110001011100111001111000001110000001110000000011000001110000111011000111111111111111
11111111111111111010001101111111111101111110110001011100111001111000001110000001110000000011000001110000111011000111111111111111
11111111111111111010001101111111111101111110110001011100111001111011001110000001110000000011000001110000111011000111111111111111
11111111111111111010001101111111111101110110110001011100111001110011001110000001110000000011000001110000111011000111111111111111
11111111111111111010001101111111111101110110110000011100111001110011001110000001110000000011000001110000111011000111111111111111
11111111111111111010001101111111111111110110110001011100111001110011001110000001110000000011000001110000111011000111111111111111
11111111111111111010001101111111111111110110110001011100111001110011001110000001110000000011000001110000111011000111111111111111
11111111111111111110001101111111111111110100110001011100111001110000001110000001110000000011000001110000111011000111111111111111
11111111111111111110001101111111111111110100110001011100111001110000011110000001110000000011000001110000111011000111111111111111
11111111111111111110001101111111111111110100110001011100111001110000011110000001110000000011000001110000111011000111111111111111
11111111111111111110001101111111111111110100110001011100111001110000001110000001110000000011000001110000111011000111111111111111
11111111111111111110001101111111111111110100110001011100111001110000001110000001110000000011000001110000111011000111111111111111
11111111111111111110001101111111111111110100110001011100111001110000001110000001110000000011000001110000111011000111111111111111
11111111111111111110001101111111111111110100110001011100111001110000011110000001110000000011000001110000111011100111111111111111
11111111111111111110001101111111111111110100110001011100111001110000011110000001110000000011000001110000111011100111111111111111
11111111111111111110001101111111111111110100110001011100111001110000011110000001110000000011000001110000111011100111111111111111
11111111111111111110001101111111111111110100110001011100111001110000011110000001110000000011000001110000111011100111111111111111
11111111111111111110001101111111111111110100110001011100111001110000011110000001110000000011000001110000111011100111111111111111
11111111111111111110001101111111111111110100110001011100111001110000011110000001110000000011000001110000111011100111111111111111
11111111111111111110001101111111111111110100110001111100111001110000011110000001110000000011000001110000111011100111111111111111
11111111111111111110001101111111111111110100110001111100111001110000011110000001110000000011000001110000111011100111111111111111
11111111111111111110001101111111111111110100110001111100111001110000001110000001110000000011000001110000111011100111111111111111
11111111111111111110001101111111111111110100110001111100111001110000001110000001110001100011000001110000111011100111111111111111
11111111111111111110001101111111111111110100110001111100111001110000001110000001110001100011000001110000111011100111111111111111
11111111111111111110001101111111111111110100110001111100111001110000001110000001110000000011000001110001111011100111111111111111
11111111111111111110001101111111111111110100110011111100111011110000001110000001110000000011000001110001111011100111111111111111
11111111111111111110001101111111111111110100110011111100111011110000011110000001110000000011000001110000111011100111111111111111
11111111111111111110011101111111111111110100110011111100111011110000011110000001110000000011000001110000111011100111111111111111
11111111111111111110011101111111111111110100110011111100111011110000001110000001110000000011000001110000111011100111111111111111
11111111111111111110011101111111111111110100110011111100111011110000001110000001110000000011000001110000111011100111111111111111
11111111111111111110011001111111111111111100110011111100111011110000001110000001110000000011000001110000011011100111111111111111
11111111111111111110011001111111111111111100110011111100111011110000001110000001110000000011100001110000011011100111111111111111
11111111111111111110011001111111111111111100110011111100111011110000001110000001110000000011100001110000011011100111111111111111
11111111111111111110011001111111111111111100110011111100111011110000001110000001110000000011100001110001011011100111111111111111
11111111111111111110011001111111111111111100110011111100111011110000001110000001110000000011100001110001011011100111111111111111
11111111111111111110011001111111111111111100110011111100111011110000001110000001110000000011100001110001011011100111111111111111
11111111111111111110011001111111111111111100110011111100111011110000001110000001110000000011100001110001011011100111111111111111
11111111111111111110011001111111111111111100110011111100111011110000001110000001110000000011100001110001011011100111111111111111
11111111111111111110011001111111111111111100110011111100111011110000001110000001110000000011100001110001011011100111111111111111
11111111111111111110011001111111111111111100110011111100111011110000001110000001110000000011100001110001011111100111111111111111
11111111111111111110011001111111111111111100110011111100111011110000001110000001110000000011100001110000011111100111101111111111
11111111111111111110011001111111111111111100110011111100111011110000001110000001110000000011100001110001011111100111111111111111
11111111111111111110011001111111111111111100110011111100111011110000001110000001110001100011100001110001011111100111111111111111
11111111111111111110011001111111111111111100110011111100111011100000001110000001110000000011100001110001011111100111111111111111
11111111111111111110011001111111111111111100110011111100111011110000001110000001110000000011100001110001011111100111111111111111
11111111111111111110011001111111111111111100110011111100111011110000001110000001110000000011100001110001011111100111111111111111
11111111111111111110011001111111111111111100100000111100111011110000001110000001110000000011100001110001011111100111111111111111
11111111111111111110011001111111111111111100110000111100111011110000001110000001110000000011100001110001011111100111111111111111
11111111111111111110011001111111111111111100100000111100111011110000001110000001110000000011100001110001011111100111111111111111
11111111111111111110011001111111111111111100100000111100111011110000001110000001110000000011100001110001011111100110111111111111
11111111111111111110011001111111111111111100100011111000111011110000001110000001110000000011100001110001011111100110111111111111
11111111111111111110011001111111111111111100100011111000111011110000001110000001110000000011100001110001011111100110111111111111
11111111111111111110011001111111111111111100100011111000111011110000001110000001110000000011100001110001011111100110111111111111
11111111111111111110011001111111111111111100100011111000111011110000001110000001110000000011100001110001011111100110111111111111
11111111111111111110011001111111111111111100100011111000111011100000001110000001110001100011100001110001011111100110111111111111
11111111111111111110011011111111111111111100100011111000111011100000001110000001110001100011101101110001011111100110111111111111
11111111111111111110011011111111111111111100110011111100111011110000011110001101110111100111101101111011111111100110111111111111
11111111111111111110011111111111111111111111110111111101111111111000111111111111111111111111111111111111111111111110111111111111
11111111111111111111111111111111111111111111111111111101111111111000111111111111111111111111111111111111111111101110111111111111
11111111111111111111111111111111111111111111110111111100111111111000111001111111011111111111110011111111011111111110111111111111
11111111111111111111111101111111111111110111111111111111011110011000111011111110011111111111111111111111111110111110111111111111
11111111111111111111111101111111111111110111111101110111011110011000111011111111011111011111111111111111101110111110111111111111
11111111111111111111111111111111111111111111111111110111011111011000111001111111011111111111111111111111101110111111111111111111
11111111111111111111111111111011111111101111100011110111011111011111111110111111011111111111111111111111101111111111111111111101
11111111111111111111111111111000111111111111100011111111011111011111111111111111011110111111111111111100011111111111111111111111
11111111111111111111111111111111111111111111111101111111011111011111111111011111011110110111111111111111011111111111111111111111
11111110111111111111111111110111011111111111011101110111011111011111111111111111011111110111101111111111111111111111111111111111
11111111111111111111111111110111011111111111011101110111011111011111111110111111011111110111101111111111111111111111111111111111
11111111111111111111111111111111111111111111101111111000111111111111111001111111111111111111110011111111111111111111111111111111
11111111111111111111111111111111111111111111111111111111111111111111111111111111111111111111111111111111111111111111111111111111
11111111111111111111111111111111111111111111111111111111111111111111111111111111111111111111111111111111111111111111111111111111
11111111111111111111111111111111111111111111111111111111111111111111111111111111111111111111111111111111111111111111111111111111
11111111111111111111111111111111111111111111111111111111111111111111111111111111111111111111111111111111111111111111111111111111
11111111111111111111111111111111111111111111111111111111111111111111111111111111111111111111111111111111111111111111111111111111
11111111111111111111111111111111111111111111111111111111111111111111111111111111111111111111111111111111111111111111111111111111
11111111111111111111111111111111111111111111111111111111111111111111111111111111111111111111111111111111111111111111111111111111
11111111111111111111111111111111111111111111111111111111111111111111111111111111111111111111111111111111111111111111111111111111
11111111111111111111111111111111111111111111111111111111111111111111111111111111111111111111111111111111111111111111111111111111
11111111111111111111111111111111111111111111111111111111111111111111111111111111111111111111111111111111111111111111111111111111
11111111111111111111111111111111111111111111111111111111111111111111111111111111111111111111111111111111111111111111111111111111