11111111111111111111111111111111111111111111111111111111111111111111111111111111111111111111111111111111111111111111111111111111
11111111111111111111111111111111111111111111111111111111111111111111111111111111111111111111111111111111111111111111111111111111
11111111111111111111111111111111111111111111111111111111111111111111111111111111111111111111111111111111111111111111111111111111
11111111111111111111111111111111111111111111111111111111111111111111111111111111111111111111111111111111111111111111111111111111
11111111111111111111111111111111111111111111111111111111111111111111111111111111111111111111111111111111111111111111111111111111
11111111111111111111111111111111111111111111111111111111111111111111111111111111111111111111111111111111111111111111111111111111
11111111111111111111111111111111111111111111111111111111111111111111111111111111111111111111111111111111111111111111111111111111
11111111111111111111111111111111111111111111111111111111111111111111111111111111111111111111111111111111111111111111111111111111
11111111111111111111111111111111111111111111111111111111111111111111111111111111111111111111111111111111111111111111111111111111
11111111111111111111111111111111111111111111111111111111111111111111111111111111111111111111111111111111111111111111111111111111
11111111111111111111111111111111111111111111111111111110111111111111111111111111111111111111111111111111111111111111111111111111
11111111111111111111111111111111111111111111111111111111111111111111111111111111111111111111111111111111111111111111111111111111
11111111111111111111111111111111110111111111111111111111111111111111111111111111111111111111111111111111111111111111111111111111
11111111111111111111111111111111111111111111111111111111111111111111111111111111111111111111111111111111111111111111111111111111
11111111111111111111111111111111111111111111111111111111111111111111111111111111111111111111111111111111111111111111111111111111
11111111111111111111111111111111111111111111111111111111111111111111111111111111111111111111111111111111111111111111111111111111
11111111111111111111111111111111111111111111111111111111111111111111111111111111111111111111111111111111111111111111111111111111
11111111111111111111111111111111111111111111111111111111111111111111111111111111111111111111111111111111111111111111111111111111
11111111111111111111111111111111111111111111111111111111111111111111111111111111111111111111111111111111111111111111111111111111
11111111111111111111111111111111111111111111111111111111111111111111111111111111111111111111111111111111111111111111111111111111
11111111111111111111111111111111111111111111111111111111111111111111111111111111111111111111111111111111111111111111111111111111
11111111111111111111111111111111111111111111111111111111111111111111111111111111111111111111111111111111111111111111111111111111
11111111111111111001101111111111111111110111001101111011111111111111111111111111111111111111111111111111111111111111111111111111
11111111111111111001101111111111111111110111001101111011111011111111111111111111111111111001111110011111100111111111111111111111
11111111111111111001101111111111111111110111001101111011111011111111111111111111111111111001111110011111100111111111111111111111
11111111111111111001111111111111111111110011001101111011111011111111111111111111111111111001111110011111100111111111111111111111
11111111111111111001111111111111111111110011001101111011111011111111111111111111111111111001111110011111100111111111111111111111
11111111111111111001111111111111111111110011001101111011111011111111111111111111111111111001111110011111100111111111111111111111
11111111111111111001110111111111111111111011001101111011111011111111111111111111111111111001111110011111100111111111111111111111
11111111111111111001110111111111111111111011001101111011111011111111111111111111111111111001111110011111100111111111111111111111
11111111111111111001110111111111111111111011001100111011111011111111111111111111111111111001111110011111100111111111111111111111
11111111111111111000110111111111111111111011001100111011111011111111111111111111111111111001111110011111100111111111111111111111
11111111111111111000110111111111111111111011001100111011111011111111111111111111111111111001111110011111100111111111111111111111
11111111111111111000110111111111111111111011001100111011111011111111111111111111111111111001111110011111100111111111111111111111
11111111111111111100110111111111111111111011001110111011111011111111111111111111111111111011111110011111100111111111111111111111
11111111111111111100110111111111111111111011001110111011111011111111111111111111111111111011111110011111100111111111111111111111
11111111111111111100110111111111111111111011001110111011111011111111111111111111111111111001111110011111100111111111111111111111
11111111111111111100110111111111111111111011001110111011111011111111111111111111111111111001111110011111100111111111111111111111
11111111111111111100110111111111111111111011001110111011111011111111111111111111111111111001111110111111101111111111111111111111
11111111111111111100110111111111111111111011001110111011111011111111111111111111111111111011111110111111101111111111111111111111
11111111111111111100110111111111111111111011001110111011111011111111111111111111111111111011111110111111101111111111111111111111
11111111111111111100110111111111111111111011001110111011111011111111111111111111111111111011111100111111101111111111111111111111
11111111111111111100110111111111111111111011001110111011111011111111111111111111111111111011111100111111001111111111111111111111
11111111111111111100110111111111111111111011001110111011111011111111111111111111111111111011111100111111001111111111111111111111
11111111111111111100110111111111111111111011001110111011111011111111111111111111111111111011111100111111001111111111111111111111
11111111111111111100110111111111111111111011001110111011111011111111111111111111111111111011111100111111001111111111111111111111
11111111111111111100110111111111111111111011001110111011111011111111111111111111111111111011111100111111001111111111111111111111
11111111111111111100110111111111111111111011001110111011111011111111111111111111111111110011111100111111001111111111111111111111
11111111111111111100110111111111111111111011000110111011111011111111111111111111111111110011111100111111001111111111111111111111
11111111111111111100110011111111111111111011000110111011111011111111111111111111111111110011111100111111001111111111111111111111
11111111111111111100111011111111111111111011000110111111111011111111111111111111111111111011111100111111001111111111111111111111
11111111111111111100111011111111111111111011000110111111111011111111111111111111111111111011111100111111001111111111111111111111
11111111111111111100111011111111111111111011100110111111111011111111111111111111111111110011111100111111001111111111111111111111
11111111111111111100111011111111111111111011100110111111111011111111111111111111111111110011111100111111001111111111111111111111
11111111111111111100111011111111111111111011100110111111111011111111111111111111111111110011111100111111001111111111111111111111
11111111111111111100111011111111111111111011100110111111111011111111111111111111111111110011111100111111001111111111111111111111
11111111111111111100011011111111111111111011100110111111111011111111111111111111111111110011111100111111001111111111111111111111
11111111111111111110011011111111111111111111100110111111111011111111111111111111111111110011111100111111001111111111111111111111
11111111111111111110011011111111111111111111100110111101111011111111111111111111111111110011111100111111001111111111111111111111
11111111111111111110011011111111111111111111100110111101111011111111111111111111111111110011111100111111001111111111111111111111
11111111111111111110011011111111111111111111100110111101111011111111111111111111111111110011111100111111001111111111111111111111
11111111111111111110011011111111111111111111100110111101111011111111111111111111111111110011111100111111001111111111111111111111
11111111111111111110011011111111111111111101100110111101111111111111111111111111111111110011111100111111001111111111111111111111
11111111111111111110011011111111111111111101100110111101111111111111111111111111111111110011111100111111001111111111111111111111
11111111111111111110011011111111111111111101100110111101111111111111111111111111111111110011111100111111001111111111111111111111
11111111111111111110011011111111111111111101100111111101111111111111111111111111111111110011111100111111001111111111111111111111
11111111111111111110011011111111111111111101100111111101111111111111111111111111111111110011111100111111001111111111111111111111
11111111111111111110011011111111111111111101100111111101111111111111111111111111111111110011111100111111001111111111111111111111
11111111111111111110011111111111111111111101100111111101111111111111111111111111111111110011111100111111001111111111111111111111
11111111111111111110011111111111111111111101100111111101111111111111111111111111111111110011111100111111001111111111111111111111
11111111111111111110011111111111111111111101100111111101111111111111111111111111111111110011111100111111001111111111111111111111
11111111111111111110011101111111111111111101100111011101111111111111111111111111111111110011111100111111001111111111111111111111
11111111111111111111011101111111111111111101100111011101111111111111111111111111111111110011111100111111001111111111111111111111
11111111111111111111001101111111111111111101100111011101111101111111111111111111111111110011111100111111001111111111111111111111
11111111111111111111001101111111111111111101100011011101111101111111111111111111111111110011111100111111001111111111111111111111
11111111111111111111001101111111111111111101110011011101111101111111111111111111111111110011111100111111001111111111111111111111
11111111111111111111001101111111111111111101110011011101111101111111111111111111111111110011111100111111001111111111111111111111
11111111111111111111001101111111111111111101110011011101111101111111111111111111111111110011111100111111001111111111111111111111
11111111111111111111001101111111111111111101110011011101111101111111111111111111111111110011111100111111001111111111111111111111
11111111111111111111001101111111111111111101110011011101111101111111111111111111111111110011111100111111001111111111111111111111
11111111111111111111001101111111111111111101110011011101111101111111111111111111111111110011111100111111001111111111111111111111
11111111111111111111001101111111111111111101110011011101111101111111111111111111111111110011111100111111001111111111111111111111
11111111111111111111001101111111111111111100110011011101111101111111111111111111111111110011111100111111001111111111111111111111
11111111111111111111001101111111111111111110110011011101111101111111111111111111111111110011111100111111001111111111111111111111
11111111111111111111001101111111111111111110110011011100111101111111111111111111111111110011111100111111001111111111111111111111
11111111111111111111001110111111111111111110110011011110111101111111111111111111111111110011111100111111001111111111111111111111
01111111111111111111001110111111111111111110110011011110111101111111111111111111111111110011111100111111001111111111111111111111
01111111111111111111101110111111111111111110110011011110111101111111111111111111111111110011111100111111001111111111111111111111
01111111111111111111100110111111111111111110110011011110111101111111111111111111111111110011111100111111001111111111111111111111
01111111111111111111100110111111111111111110110011011110111101111111111111111111111111110011111100111111001111111111111111111111
01111111111111111111100110111111111111111110110011011110111101111111111111111111111111110011111100111111001111111111111111111111
01111111111111111111100110111111111111111110110011001110111101111111111111111111111111110011111100111111001111111111111111111111
01111111111111111111100110111111111111111110110011001110111101111111111111111111111111110011111100111111001111111111111111111111
00111111111111111111100110111111111111111110110011101110111101111111111111111111111111110011111100111111001111111111111111111111
00111111111111111111100110111111111111111110110011101110111101111111111111111111111111110011111100111111001111111111111111111111
00111111111111111111100110111111111111111110110011101110111101111111111111111111111111110011111100111111001111111111111111111111
00111111111111111111100110111111111111111110110001101110111101111111111111111111111111110011111100111111001111111111111111111111
00111111111111111111100111111111111111111110110001101110111101111111111111111111111111110011111100111111001111111111111111111111
00111111111111111111110011011111111111111110110001101110111100111111111111111111111111110011111100111111001111111111111111111111
00111111111111111111110011011111111111111110110001101110111100111111111111111111111111110011111100111110001111111111111111111111
00111111111111111111110011011111111111111110111001101110111110111111111111111111111111110011111100111110001111111111111111111111
00111111111111111111110011011111111111111111011001101110111110111111111111111111111111110011111100111110011111111111111111111111
00011111111111111111110011011111111111111111011001101110111110111111111111111111111111110011111100111110011111111111111111111111
00011111111111111111110011011111111111111111011001101110111110111111111111111111111111110011111100111110011111111111111111111111
00011111111111111111110011011111111111111111011001101110111110111111111111111111111111110011111100111110011111111111111111111111
00011111111111111111110011011111111111111111011001101110111110111111111111111111111111110011111100111110011111111111111111111111
00011111111111111111110011011111111111111111011001101110111110111111111111111111111111110011111100111110011111111111111111111111
00011111111111111111110011001111111111111111011001101110011110111111111111111111111111110011111100111110011111111111111111111111
00001111111111111111111011101111111111111111011001101111011110111111111111111111111111110011111100111110011111111111111111111111
00001111111111111111111111111111111111111111011001101111011110111111111111111111111111110011111100111110011111111111111111111111
00001111111111111111111111111111111111111111111111111111111111111111111111111111111111110011011100111110011011111111111111111111
00001111111111111111111111101111111111111111111111111111111111111111111111111111111111111111111100111110011011111111111111111111
00001111111111111111111111101111111111111101111111111111111111111111111111111111111111111111111111111111111111111111111111111111
00001111111111111111111111111111111111111111110111111100111111111111111100011111111111111111111111111111111111111111111111111111
00001111111111111111111111011111110111111111110111111110111111111111111111101111111111101111110011111111111111111111111111111111
00000111111100111111111111111111000111111111111111111111111111101111111111111111111111111111111111111111111111111111111111111111
00000111111111111111111111111111111111111111111111111111111111111111111111111111111111111111111111111111111110111111111111111111
00000111111101111111111110111110111111111111111111111111111111111111111111111111000111111111111011111011111110111111111111111111
00000111111111111111111111111111111111111111111111011111111111111111111111111111111111111111111111111111111101011111111111111111
00000111111111111111111111111111100111111111111111111111111111101111111111111110111011111111111110111111111111111111111111111011
00000111111111111111111111111111111111111111111101111111111111111111111101111110111011111111111111111111111111111111111111111111
00000011111111111111111111111111111111111111111111111111111111111111111111111111010111111011111101111111111111111111111111111111
00000011111111111111111111111111111111111111111111111111111111111111111111111111111111111111110111111101111111101111111111111111
00000011111111111111111111111111111111111111111111111111111111111111111111111111111111111111111111111111111111111111111111111111
00000011111111111111111111111111111111111111111111111111111111111111111111111111111111111111111111111111111111111111111111111111
00000011111111111111111111111111111111111111111111111111111111111111111111111111111111111111111111111111111111111111111111111111
00000011111111111111111111111111111111111111111111111111111111111111111111111111111111111111111111111111111111111111111111111111
00000001111111111111111111111111111111111111111111111111111111111111111111111111111111111111111111111111111111111111111111111111