11111111111111111111111111111111111111111111111111111111111111111111111111111111111111111111111111111111111111111111111111111111
11111111111111111111111111111111111111111111111111111111111111111111111111111111111111111111111111111111111111111111111111111111
11111111111111111111111111111111111111111111111111111111111111111111111111111111111111111111111111111111111111111111111111111111
11111111111111111111111111111111111111111111111111111111111111111111111111111111111111111111111111111111111111111111111111111111
11111111111111111111111111111111111111111111111111111111111111111111111111111111111111111111111111111111111111111111111111111111
11111111111111111111111111111111111111111111111111111111111111111111111111111111111111111111111111111111111111111111111111111111
11111111111111111111111111111111111111111111111111111111111111111111111111111111111101111111111111111111111111111111111111111111
11111111111111111110111111111111111111111111111111111111111111111111111111111111111111111111111111111111111111111111111111111111
11111111111111111111111111111111111111111111111111111111111111111111111111111111111111111111111111111111111111111111111111111111
11111111111111111111111111111111111111111111111111111111111111111111111111111111111111111111111111111111111111111111111111111111
11111111111111111111111111111111111111111111111111111111111111111111111111111111111111111111111111111111111111111111111111111111
11111111111111111111111111111111111111111111111111111111111111111111111111111111111111111111111111111111111111111111111111111111
11111111111111111111111111111111111111111111111111111111111111111111111111111111111111111111111111111111111111111111111111111111
11111111111111111111111111111111111111111111111111111111111111111111111111111111111111111111111111111111111111111111111111111111
11111111111111111111111111111111111111111111111111111111111111111111111111111111111100011111111100111111111111111111111111111111
11111111111111111111111111111111111111111111111111100111001101111111111111111111111100011111111100111111111111111111111111111111
11111111111111111111111111011111111111110111111111100011001100111111111111111111111100011111111100111111111111111111111111111111
11111111111111110001101111011111111111110111111111100011001100111111111111111111111100011111111100111111111111111111111111111111
11111111111111110001101111011111111111110111111111100011001100111111111111111111111100011111111100111111111111111111111111111111
11111111111111111001101111011111111111110111111111100011001100111111111111111111111100011111111100111111111111111111111111111111
11111111111111111001101111011111111111110111111111100011001100111111111111111111111100011111111100111111111111111111111111111111
11111111111111111001101111011111111111110111111111100011001100111111111111111111111100011111111100111101111111111111111111111111
11111111111111111001101111011111101111110111111111100011001100111111111111111111111100011111111100111101111111111111111111111111
11111111111111111001101111111111101111110111111111100011001100111111011111110111111100011111011100111101111111111111111111111111
11111111111111111001101111111111101111110011111111100011001110111111011111110111111100011111011100111101111111111111111111111111
11111111111111111001101111111111101111110011111111100011001110111111011111110111111100011111011100111101111111111111111111111111
11111111111111011001101111111111101111110011111111100011001110111111011111110111111100011111011100111101111111111111111111111111
11111111111111011001101111111111101111110011111111100011001110111111011111110111111100011111011100111101111111111111111111111111
11111111111111011001101111111111101111110011111111100011001110111111111111111111110100011111011100111101111111111111111111111111
11111111111111011001101111111111101111110011111111100011001110111111111111111111110100011111011100111101111111111111110111111111
11111111111111011001101111111111101111110011111111110011001110111111111111011111110100011111111100111111111111111111110111111111
11111111111111011001101111111111101111110011111111110011001110111111111111011111110110011111111100111111111111111111110111111111
11111111111111011001101111111111101111111011111111110011000110111111111111011111110110011111111100111111111111111111110111111111
11111111111111011001101111111111101111111011111111110011000110111111111111011111110110011111111100111111111101111111110111111111
11111111111111111001100111111111101111111011111111110011000110111111111111011111110110011111111100111111111101111111110111111111
11111111111101111001100111111111111111111011111111110011000110111111111111011111110110011111111100111111111101111111110111111111
11111111111101111001100111111111111111111011111111110011000110111111111111011111110110011111111100110111111101111111110111111111
11111111111101111001100111111111111111111011111111110011000110111111111111011111110110011111111100110111111101111111110111111111
11111111111101111001100111111111111111111011111111110011000110111111111111011111110110011111111100110111111101111111110111111111
11111111111101111001100111111111111111111011111101110011000110111111111111011111110110011111111100110111111101111111010111111111
11111111111101111001100111111111111111111011111101110011000110111101111111011111110110011111111100110111111101111111010111111111
11111111111111111001110111111111111111111011111101110011000110111101111111011111110110011111111100110111111101111111010111111111
11111111111111111001110111111111111111111011111101110011000110111101111111011111110110011111111100110111111101111111010111111111
11111111111111111001110111111111111111111011111101110011000110111101111111011111110110011011111100110111111101111111010111111111
11111111111111111001110111111101111111011011111101110011000110111101111111011111110110011011111100110111111101111111010111111111
11111111111111111001110111111101111111011011111101110011000110111111111111111111110110011011111100110111111101111111010111111111
11111111111111111001110111111101111111011011111101110011000110111111111111111111111110011011111100110111111101111111010111111111
11111111111111111001110111111101111111011011111101110011000110111111111111111111111110011011111100010111111101111111010111111111
11111111111111111001110111111101111111011011111101110011100110111111111111111111111110011011111100010111111101111111010111111111
11111111111111111000110111111111111111011011111101110011100110111111111111111111111110011011111100010111111101111111010111111111
11111111111111111000110111111111111111011011111101110011100110111111111111111111111110011011111100011111111101111111011111111111
11111111111111111000110111111111111111011011111101110011100110111111111111111111111110011011111100011111111101111111011111111111
11111111111111111000110111111111111111011011111111110011100110111111111111111111111110011011111100011111111101111111011111111111
11111111111111111000110111111111111111111011111111110011100110111111111111111111111110011011111100011111111101111111011111111111
11111111111111111000110111111111111111111011111111110011100110110111111111111111111110011011111100011111111101111111011111111111
11111111111111111000110111111111111111111011111111110011100110110111111111111111111110011011111100011111111111111111011111111111
11111111111111111000110111101111111111111011111111110011100110110111111111111111111110011011111100011111111111111111011111111111
11111111111111111000110111101111111111111011111111110011100110110111111111111111111110011011111100011111111111111111011111111111
11111111111111111000110111101111111111111011111111110011100110111111111111111111111110011011111100011111111111111111011111111111
11111111111111111000110111101111111111111011111111110011100110111111111111111111111110001011111100011111111111111111011111111111
11111111111111111000110111101111111111111011111111110011100110111111111111111111111110001011111100011111111111111111011111111111
11111111111111111000110111101111111111111011111111110011100110111111111111111111111110001011111100011111111111111111011111111111
11111111111111111100110111101111111111111011111111110011100110111111111111111111111110001011111100011111111111111111011111111111
11111111111111111100110111101111111111111011111111110011100110111111111111111111111110001011111100011111111111111111111111111111
11111111111111111100110111111111111111111011111111110011100110011111111111111111111110001011111100011111111111111111111111111111
11111111111111101100110111111111111111111011111111110011100110011111111111111111111110001011111100011111111111111011111111111111
11111111111111101100110111111111111111111011111111110001100110011111111111111111111110001011111100011111111111111011111111111111
11111111111111101100110111111111111111111011111111110001100110011111111111111111111110001011111100011111111111111011111111111111
11111111111111101100110111111111110111111011111111110001100110011111111111111111111110001011111100011111111111111011111111111111
11111111111111101100110111111111110111111011111111110001100110011111111111111111111110001111111100011111111111111011111111111111
11111111111111101100110111111111110111111011111111110001100110011111111111111111111110001111111100011111111111111011111111111111
11111111111111111100110111111111110111111011111111110001100110011111111111111111111110001111111100011111111111111011111111111111
11111111111110111100110111111111110111111001111111110001100110011111101111111111111110001111111100011111111111111011111111111111
11111111111110111100110111111111110111111001111111110001100110011111101111111111111110001111111100011111111111111011111111111111
11111111111110111100110111111111110111111001111111110001100111011111101111111111111110001111111100011111111111111011111111111111
11111111111110111100110111111111111111111001111111110001100111011111101111111111111110001111111100011111111111111011111111111111
11111111111110111100110011111111111111111001111111110001100111011111101111111011111110001111111100011111111111111011111111111111
11111111111110111100111011111111111111111101111111110001100111011111101111111011111110001111111100011111111111111011111111111111
11111111111111111100111011111111111111111101111111110001100111011111101111111011111110001111111100011111111111111011111111111111
11111111111111111100111011111111111111111101111111111001100111011111101111111011111110001111111100011111111111111011111111111111
11111111111111111100111011111111111111111101111111111001100111011111101111111011111110001111111100011111111111111011111111111111
11111111111111111100111011111111111111111101111111111001100111011111101111111011111110001111111100011111111111111011111111111111
11111111111111111100111011111111111111111101111111111001100111011111101111111011111110001111111100011111111111111011111111111111
11111111111111111100111011111111111111111101111111111001100111011111101111111011111110001111111110011111111111111011111111111111
11111111111111111100111011111110111111111101111111111001100011011111101111111011111110001111111110011111111111111011111111111111
11111111111111111100111011111110111111111101111111111001100011011111111111111011111110001111111110011110111111111011111111111111
11111111111111111100011011111110111111111101111111111001100011011111111111111011111110001111111110011110111111111011111111111111
11111111111111111100011011111110111111111101111111111001100011011111111111111011111110001111111110011110111111111011111111111111
11111111111111111100011011111110111111111101111110111001100011011110111111111011111110001111111110011110111111111011111111111111
11111111111111111100011011111111111111111101111110111001100011011110111111111011111010001111111110011110111111111011111111111111
11111111111111111100011011111111111111101101111110111001100011011110111111101011111010001111111110011110111111111011111111111111
11111111111111111100011011111111111111111101111110111001100011011110111111101111111010001111101110011110111111111011111111111111
11111111111111111100011011110111111111111101111110111001100011011110111111101111111010001111101110011110111111111111111111111111
11111111111111111100011011110111111111111101111110111001100011011110111111101111111011001111101110011110111111111111111111111111
11111111111111111100011011110111111111111101111110111001100011011110111111101111111011001111101110011110111111111011111111111111
11111111111111111100011011110111111111111101111111111001100011011110111111101111111011001111101110011110111111111111111111111111
11111111111111110110011011110111111111111101111111111001100011011110111111101111111011001111101110011110111111111111111111111111
11111111111111110110011011110111111111111101111111111001100011011110111111101111111011001111101110011110111111111111111111111111
11111111111111110110011011110111111111111101111111111001100011011110111111101111111011001111101110011110111111111111111111111111
11111111111111110110011011110111111111111101111111111001100011011110111111101111111011001111101110011110111111111111111111111111
11111111111111110110011011110111111111111101111111111001110011011110111111101111111011001111101110011110111111111111111111111111
11111111111111010110011011111111111111111101111111111001110011011011111111111111111011001111101110011110111111111111111111111111
11111111111111010110011011111111111111111101111111111001110011011011111111111111111011001111101110011110111111111111111111111111
11111111111111010110011011111111111111111101111111111001110011011011111111111111111011001111101110011110111111111111111111111111
11111111111111011110011011111111111111111101111111111001110011011011111111111111111011001111111110011010111111111111111111111111
11111111111111011110011011111111111111111101111111111001110011011011111111111111111011001111111110011010111111111111111111111111
11111111111111011110011011111111111111111101111111111001110011011011111111111111111111001111111110011010111111111111111111111111
11111111111111011110011011111111111111111101111111111001110011011011111111111111111111001111111110011010111111111111111111111111
11111111111111011110011011111111111111111101111111111001110011011011111111111111111111001111111110011010111111111111111111111111
11111111111111111110011001111111111011111101111111111000110011011011111111111111111111001111111110011010111111111111111111111111
11111111111111111110011001111111111011111101111111111000110011011011111111111111111111001111111110011011111111111111111111111111
11111111111111111110011101111111111011111100111111111000110011011011111111111111111111111111111111111111111111111111111111111111
11111111111111111111111111111111111111111111111111111111111111111011111111111111111111111111111111111111111111111111111111111111
11111111111111111111111111111111111111111111111111111111111111111111111111111111111111111111111111111111111111111111111111111111
11111111111111111111111111111111111111111111111111111111111111111111111111111111111111111111111111111111111111111111111111111111
11111111111111111111111111111111111111111111111111111111111111111111111111111111111111111111111111111111111111111111111111111111
11111111111111111111111111111111111111111111111111111111111111111111111111111111111111111111111111111111011111111111111111111111
11111111111111111111111111111111111111111111111111111111111111111111111111111111111111111111111111111111111111111111111111111111
11111111111111111111111111111111111111111111111111111111111111111111111111111111111111111101111111111111111111111111111111111111
11111110111111111111111111111111111111111111111111111111111111111111111111111111111111111111111111111111111111111111111111111111
11111111111111111111111111111111111111111111111111111111111111111111111111111111111111111111111111111111111111111111111111111111
11111111111111111111111111111111111111111111111111111111111111111111111111111111111111111111111111111111111111111111111111111111
11111111111111111111111111111111111111111111111111111111111111111111111111111111111111111111111111111111111111111111111111111111
11111111111111111111111111111111111111111111111111111111111111111111111111111111111111111111111111111111111111111111111111111111
11111111111111111111111111111111111111111111111111111111111111111111111111111111111111111111111111111111111111111111111111111111
11111111111111111111111111111111111111111111111111111111111111111111111111111111111111111111111111111111111111111111111111111111
11111111111111111111111111111111111111111111111111111111111111111111111111111111111111111111111111111111111111111111111111111111
11111111111111111111111111111111111111111111111111111111111111111111111111111111111111111111111111111111111111111111111111111111