11111111111111111111111111111111111111111111111111111111111111111111111111111111111111111111111111111111111111111111111111111111
11111111111111111111111111111111111111111111111111111111111111111111111111111111111111111111111111111111111111111111111111111111
11111111111111111111111111111111111111111111111111111111111111111111111111111111111111111111111111111111111111111111111111111111
11111111111111111111111111111111111111111111111111111111111111111111111111111111111111111111111111111111111111111111111111111111
11111111111111111111111111111111111111111111111111111111111111111111111111111111111111111111111111111111111111111111111111111111
11111111111111111111111111111111111111111111111111111111111111111111111111111111111111111111111111111111111111111111111111111111
11111111111111111111111111111111111111111111111111111111111111111111111111111111111111111111111111111111111111111111111111111111
11111111111111111111111111111111111111111111111111111111111111111111111111111111111111111111111111111111111111111111111111111111
11111111111111111111111111111111111111111111111111111111111111111111111111111111111111111111111111111111111111111111111111111111
11111111111111111111111111111111111111111111111111111111111111111111111111111111111111111111111111111111111111111111111111111111
11111111111111111111111111111111111111111111111111111111111111111111111111111111111111111111111111111111111111111111111111111111
11111111111111111111111111111111111111111111111111111111111111111111111111111111111111111111111111111111111111111111111111111111
11111111111111111111111111111111111111111111111111111111111111111111111111111111111111111111111111111111111111111111111111111111
11111111111111111111111111111111111111111111111111111111111111111111111111111111111111111111111111111111111111111111111111111111
11111111111111111111111111111111111111111111111111111111111111111111111111111111111111111111111111111111111111111111111111111111
11111111111111111111111111111111111111111111111111111111111111111111111111111111111111111111111111111111110001011111111111111111
11111111111111111111111111111111111111111111111111111111111111111111111111111111111111111111111111111100110001011111111111111111
11111111111111111111111111111111111111111111111111111111111111111111111111111111111111101100100111111100110001011111111111111111
11111111111111111111111111111111111111111111111111111111111111111111111111101110110011101100100111111100110001011111111111111111
11111111111111111111111111111111111111111111111111111111111111111100011111001110110011101100100111111100110001011111111111111111
11111111111111111111111111111111111111111111111111111111111011111100011111001110110011101100100111111100110001011111111111111111
11111111111111111111111111111111111111111111110111001111111011111100011111001110110011101100100111011100110001011111111111111111
11111111111111111111111111111111111101101111110111001111111011111100011111001110110011101100100111011100110001011111111111111111
11111111111111111111111111111111111101101111110111001111111011111100011111001110110011101100100111011100110001011111111111111111
11111111111111100011011110111111111101101111010111001111111011110100011111001110110011101100100111011100110000011111111111111111
11111111111111100011011110111111111101101111010111001111111011110110011111001110010011101100100111011100010000011111111111111111
11111111111111100011011110111111111101101111010111001111111011110110011111001110010011101100100111011100010001011111111111111111
11111111111111100011011110111111111101101111010111001111111011110110011111101110010011100100100111011100010001011111011111111111
11111111111111100011011110111111111111101111110111001111111011110110011111101110010011100100100111011100010001011111011111111111
11111111111111100011011110111111111111101111111111001111111011110110011111101110010011100100110111011100010001011111011111111111
11111111111111100011011110111111111111101111111111001111111011110110011011101110010011100100110111011100010000011111011111111111
11111111111110110011011110111111011111101111111111000111111011010110011011101110010011100100110111011100000000011111011111111111
11111111111110110011011111111111011111100111111111000111111011010110011011101110010011100100110011011100000000011111011111111111
11111111111110110011011111111111011111100111111111000111111011011110001011101110010011100100110011011100000000011111011111111111
11111111111110110011001111111111011111100111111111000111111011011110001011101110010011100100110011011100000000011111011111111111
11111111111010110011001111111111011111100111111111000111111001011110001011101110010011100100110011011100000000011101011111111111
11111111111010110011001111111011011111100111111111000111111001011110001011101110010011100100000011011100000000011101011111111111
11111111111011110011001111111011011111100111111111000111111001011110001011101110010011100100000011011100000000011101011111111111
11111111111011110011001111111011011111100111111111000111111001011110001011101110000011100100110011011100000000011101011111111111
11111111111011110011001111111011011111100111111111000111111001011110001011100110010011100100110011011100000000011101011111111111
11111111111111110011001111111011111111110111111011000111111001111110001011100110010011100100000011111100000000011101011111111111
11111111111111110011101111111011111110110111111011100111111001111110001011100110010011100100000011111100000000011101011111111111
11111111111111110001101111111011111110110111111011100111111001111110001011100110000011100100000011111100000000011101011111111111
11111111111111110001101111111011111110110111111011100111101001111110001011100110000011100000000011111100000000011101011111111111
11111111111111110001101111011011111110110111101011100111101001111110001111100111000001100000010011111100000000001101011111111111
11111111111111110001101111011111111110110111101011100111101001111110001111100111000001100000010011111100000000001101011111111111
11111111111111110001101111011111111110110111101011100111101001111110001111100111000001100000000011111100000000001101011111111111
11111111111111110001101111011111111110110111101011100111101001111110001111100111000001100110000011111100000000001101011111111111
11111111111111110001101111011111111111110111101011100111101001111110001111100111000001100110000011111100000000001101011111111111
11111111111111010001101111011111111111110111101011100111111101111010001111100111011001100110000011111100000000001101011111111111
11111111111111011001101111011111111111110111101011100111111101111010001111100111001001100000000011111100000000001101011111111111
11111111111111011001101111111111101111110111111011100111111101111010001111100111000001110000000011111100000000001101011111111111
11111111111101011001101111111111101111110111111011100011111101111010001111100111000001110110000011111100000000001101011111111111
11111111111101011001101111111111101111110011111111100011111101101010001111100111000001110010000011111100000000001101011111111111
11111111111101011001100111111111101111110011111111100011111101101011001111100111000001110010000011111100000000001101011111111111
11111111111101011001100111111111101111110011111111100011111101101011001111100111000001110000000011111100000000001101011111111111
11111111111101111001100111111111101111110011111111100011111101101011001101100111000001110010000011111100000000001101011111111111
11111111111101111001100111111111101111110011111111100011111101101011001101100111000001110010000011101100000000001101011111111111
11111111111101111001100111111101101111110011111111100011111101101011001101110111000001110010000011101100000000001101011111111111
11111111111111111000100111111101111111110011111111100011111101101011000101110111000001110010000011101100000000001111111111111111
11111111111111111000110111111101111111110011111111100011111100101111000101110111000001110010000011101100000000001111011111111111
11111111111111111000110111111101111111010011111111100011111100101111000101110111000001110000000011101100000000001111011111111111
11111111111111111000110111101101111111011011111111100011111100101111000101110111000001110000000011101100000000001111011111111111
11111111111111111000110111101101111111011011111111100011111100101111000101110111000001110010000011101100000000001111111111111111
11111111111111111000110111101111111111011011111101100011111100101111000101110111000001110010000011101100000000001111111111111111
11111111111111111000110111101111111111011011111101100011111100101111000101110111000001110010000011101110000000001111111111111111
11111111111111111000110111101111111111011011110101100011111100101111000101110111000001110010000011101110000000001111111111111111
11111111111111101000110111101111111111011011110101110011111100101111000101110111000001110010000011101110000000001111111111111111
11111111111111101000110111101111111111011011110101110011111100101111000101110111000001110000000011101110000000001111111111111111
11111111111111101000110111101111111111011011110101110011111100111111000101110111000001110000000001101110000000001111111111111111
11111111111111101100110111101111111111011011110101110011110100111111000101110011000001110000000001101110000000001111111111111111
11111111111110101100110111101111110111111011110101110011110100111111000101110011000001110000000001101110000000001111111111111111
11111111111110101100110011101111110111111011110101110011110100111111000101110011000001110010000001101110000000001111111111111111
11111111111110101100110011111111110111111011110101110011110100111111000101110011000001110010000001101110000000001111111111111111
11111111111110111100110011111111110111111011110101110011110100111111000101110011000001110010000001101110000000001111111111111111
11111111111110111100110011111111110111111011110101110011111100111111000101110011000001110010000001101110000000001111111111111111
11111111111110111100110011111111110111111001111101110011111110111111000101110011000001110010000001101110000000001111111111111111
11111111111111111100110011111110110111111001111101110011111110111101000101110011000000110010000001101110000000001111111111111111
11111111111111111100110011111110110111111001111101110011111110111101000101110011100000110010000001101110000000001111111111111111
11111111111111111100110011111110110111111001111101110011111110111101000111110011100000110010000001101110000000001111111111111111
11111111111111111100011011111110110111111001111111110001111110111101000111110011100000110000000001101110000000001111111111111111
11111111111111111100011011111110110111111001111111110001111110111101000111110011100000110000000001101110000000001111111111111111
11111111111111111100011011111110110111111001111111110001111110111101000111110011100000110000000001101110000000001111101111111111
11111111111111111100011011111110111111111001111111110001111110111101000111110011100000110000000001101110000000001111101111111111
11111111111111111100011011110110111111111001111111110001111110111101000111110011100000110000000001111110000000001110101111111111
11111111111111111100011011110110111111101001111111110001111110110101000111110011100000110000000001111110000000001110101111111111
11111111111111110100011011110110111111101001111111110001111110110101000111110011100000110000000001111110000000001110101111111111
11111111111111110100011011110110111111101101111111110001111110010101000111110011100000110000000001111110000000001110101111111111
11111111111111010100011011110111111111101101111111110001111110010101100111110011100000111000000001111110000000001110101111111111
11111111111111010110011011110111111111101101111110110001111110010101100110110011100000111000000001111110000000001110101111111111
11111111111111010110011011110111111111101101111110110001111110010101100010110011100000111000000001111110000000001110001111111111
11111111111111010110011011110111111111101101111110110001111110010101100010110011100000111000000001111110000000001110001111111111
11111111111111010110011011110111111111101101111010110001111110010101100010110011100000111000000001111110000000001110001111111111
11111111111111010110011011111111111111101101111010111001111110010111100010110011100000111000000001111110000000001110001111111111
11111111111111011110011001111111111011111101111010111001111110010111100010111011100000111000000001111110000000001110001111111111
11111111111111111110011001111111111011111101111010111001111110010111100010111011100000111000000001111110000000001110101111111111
11111111111111111110011001111111111011111101111010111001111110010111100010111011100000111000000001111110000000001110001111111111
11111111111111111110011001111111111011111101111010111001111010010111100000111011100000111000000001111110000000001110001111111111
11111111111111111110011001111111111011111101111010111001111010010111100000111011100000111000000001111110000000001110001111111111
11111111111111111110001001111111111011111101111010111001111010010111100000111011100000111000000001110110000000001110001111111111
11111111111111111110001001111111011011111101111010111001111010010111100010111011100000111000000001110110000000001110001111111111
11111111111111111110001101111111011011111100111110111001111010010111100010111011100000111000000001110110000000001110001111111111
11111111111111111110001101111111011011111100111110111001111010011111100000111001100000111000000001110110000000001110001111111111
11111111111111111110001101111111011011111100111110111000111010011111100000111001100000111000000001110110000000001110001111111111
11111111111111111110001101111011011111111100111110111000111010011111100000111001100000111000000001110110000000000110001111111111
11111111111111111010001101111011011111111100111110111000111110011111100010111001100000111000000001110110000000001110001111111111
11111111111111111010001101111011011111110100111110111000111110011110100010111001100000111000000001110110000000001110001111111111
11111111111111111010001101111011011111110100111110111000111110011110100000111001100000111000000001110110000000001110001111111111
11111111111111101010001101111011011111110100111110111000111110011110100000111001100000111000000001110110000000000110001111111111
11111111111111101011001101111011011111110100111110111000111111011110100000111001100000111000000001110110000000001110001111111111
11111111111111101011001101111011111111110100111110111000111111011110100000111001100000111000000001110111011111111110001111111111
11111111111111101011001101111011111111110100111111111000111111011110100000111001100000111001111111111111111111111110001111111111
11111111111111101011001101111011111111110100111111111000111111011010100011111001111111111111111111111111111111111110001111111111
11111111111111101011001100111011111111110110111111111000111111011010111111111111111111111111111111111111111111111110001111111111
11111111111111101111001100111011111111110110111111011101111111111010111111111111111111111111111111111111111111111110001111111111
11111111111111111111001100111111111101111111111111111111111111111010111111111111111111111111111111111111111111111110101111111111
11111111111111111111001101111111111111111111111111111111111111111010111111111111111111111111111111111111111111100111111111111111
11111111111111111111111111111111111111111111111111111111111111111010111111111111101111111111111111111111111111111111111111111111
11111111111111111111111111111111111111111111111111111111111111111010111111111111111111111111111111111111111111111111111111111111
11111111111111111111111111111111111111111111111111111111111111111010111111111111111111111111111011111111111111111111111111111111
11111111111111111111111111111111111111111110111111111011111111111111111111111111111111111111111000111111111111111111111111111111
11111111111111111111111111111111111111111111111111111111111111111111111111111111111111111111111111111111111111111111111111111111
11111111111111111111111111111011111111111111111111111111111111111111111111111111111111111111111111111111111111111111111111111111
11111111111111111111111111111111111111111111111111111111111111111111111111111111111111111111111111111111111111111111111111111111
11111111011111111111111111111111111111111111111111111111111111111111111111111111111111111111111111111111111111111111111111111111
11111111111111111111111111111111111111111111111111111111111111111111111111111111111111111111111111111111111111111111111111111111
11111111111111111111111111111111111111111111111111111111111111111111111111111111111111111111111111111111111111111111111111111111
11111111111111111111111111111111111111111111111111111111111111111111111111111111111111111111111111111111111111111111111111111111