11111111111111111111111111111111111111111111111111111111111111111111111111111111111111111111111111111111111111111111111111111111
11111111111111111111111111111111111111111111111111111111111111111111111111111111111111111111111111111111111111111111111111111111
11111111111111111111111111111111111111111111111111111111111111111111111111111111111111111111111111111111111111111111111111111111
11111111111111111111111111111111111111111111111111111111111111111111111111111111111111111111111111111111111111111111111111111111
11111111111111111111111111111111111111111111111111111111111111111111111111111111111111111111111111111111111111111111111111111111
11111111111111111111111111111111111111111111111111111111111111111111111111111111111111111111111111111111111111111111111111111111
11111111111111111111111111111111111111111111111111111111111111111111111111111111111111111111111111111111111111111111111111111111
11111111111111111111111111111111111111111111111111111111111111111111111111111111111111111111111111111111111111111111111111111111
11111111111111111111111111111111111111111111111111111111111111111111111111111111111111111111111111111111111111111111111111111111
11111111111111111111111111111111111111111111111111111111111111111111111111111111111111111111111111111111111111111111111111111111
11111111111111111111111111111111111111111111111111111111111111111111111111111111111111111111111111111111111111111111111111111111
11111111111111111111111111111111111111111111111111111111111111111111111111111111111111111111111111111111111111111111111111111111
11111111111111111111111111111111111111111111111111111111111111111111111111111111111111111111111111111111111111111111111111111111
11111111111111111111111111111111111111111111111111111111111111111111111111111111111111111111111111111111111111111111111111111111
11111111111111111111111111111111111111111111111111110110111111101111110111101100111111111111111001110011111011000111111111111111
11111111111111111011001101111011111111111111011111110110111111101111110111001100111111110111111001110011111011000111111111111111
11111111111111111011001101111011111111111111011101110110111111101111110111001100111111110111111001110011111011000111111111111111
11111111111111111011001101111011111111111111011101110110111111101111110111001100111111110111111001110011111011000111111111111111
11111111111111111011001101111011111111111111011101110110111111101111110111001100111110110111111001110011111011100111111111111111
11111111111111111011001101111011111111111111011101110110111111101111110111001100111110110111111001110011111011100111111111111111
11111111111111111011001101111011111111111111011101110110111111101111110111001100111110110111111001110011111011100111111111111111
11111111111111111011001101111011111111111111011101110110111111101111110111001100111110111111111001110011111011100111111111111111
11111111111111111011001101111011111111111111011101110110111111101111110011001100111110111111111001110011111011100111111111111111
11111111111111111011001101111011111111111111011101110110111111101111110011001100111110111111111001110011111011100111111111111111
11111111111111111111001101111011111111111111011101110110111111101111110011001100111110111111111001110011111011100111111111111111
11111111111111111111001101111011111111111111011101110110111111101111110011001100111110111111111001110011011011100111111111111111
11111111111111111111001101111011111111111111011101110110111111101111110011001100111110111111111001110011011011100111111111111111
11111111111111111111001101111011111111111111011101110110111111101111110011001100111110111111111001110011011011100111111111111111
11111111111111111111001101111011111111111111011101110110111111101111110011001100111110111111111001110011011011100111111111111111
11111111111111111111001101111011111111111111011101110110111111101111110011001100111110111111111001110011011111100111111111111111
11111111111111111111001101111011111111111111011101110110111111101111110011001100111110111111111001110011011111100111111111111111
11111111111111111111001101111011111111111111011101110110111111101111110011001100111110111111111001110011011111100111111111111111
11111111111111111111001101111011111111111111011101110110111111101111110011001100111110111111111001110011011111100111111111111111
11111111111111111111001101111011111111111111011101110110111111101111110011101100111110111111111001110011011111100111111111111111
11111111111111111111001101111011111111111111011101110110111011101111110011101100111110111111111001110011011111100111111111111111
11111111111111111111001101111011111111111111011101110110111011101111110011101100111110111111111001110011011111100111111111111111
11111111111111111110001101111011111111111111011101110110111011101111110011101100111110111111111001110011011111100111111111111111
11111111111111111110001101111011111111111111011101110110111011101111110011101100111110111111111001110011011111100111111111111111
11111111111111111110001101111011111111111111011101110110111011101111110011101100111110111111111001110011011111100111111111111111
11111111111111111110001101111011111111111111011101110110111011101111110011101100111110111111111001110011011111100111111111111111
11111111111111111110001101111011111111111111011101110110111011101111110011101100111110111111111001110011011111100111111111111111
11111111111111111110001101111011111111111111011101110110111011101111110011101100111110111111111001110011011111100111111111111111
11111111111111111110001101111011111111111111011101110110111011101111110011101100111110111111111001110001011111100111111111111111
11111111111111111110001101111011111111111111011101110110111011101111110011101100111110111111111001110001111111100111111111111111
11111111111111111110001101111011111111111111011101110110111011101111110011101100111110111111111001110001111111100111111111111111
11111111111111111110001101111011111111111111011101110110111011101111110011101100111110111111111001110001111111100111111111111111
11111111111111111110001101111011111111111111011101110110111011101111110011101100111110111111111001110001111111100111111111111111
11111111111111111110001101111011111111111111011101110110111011101111110011101100111110111111111001110001111111100111111111111111
11111111111111111110001101111011111111111111011101110110111011101111110011101100111110111111111001110001111111100111111111111111
11111111111111111110001101111011111111111111011101110110111011101111110011101100111110111111111001110001111111100111111111111111
11111111111111111110001101111011111111111111011101110110111011101111110011101100111110111111111001110001111111100111111111111111
11111111111111111110001101111011111111111111011101110110111011101111110011101100111110111111111001110001111111100111111111111111
11111111111111111110001101111011111111111111011101110110111011101111110011101100111110111111111000110001111111100111111111111111
11111111111111111110001101111011111111111111011101110110111011101111110011101100110110111111111000110001111111100111111111111111
11111111111111111110001101111011111111111111011101110110111011101111110011101100110110111111111000110001111111100111111111111111
11111111111111111110001101111011111111111111011101110110111011101111110011101100110110111111111000110001111111100111111111111111
11111111111111111110001101111011111111111111011101110110111011101111110011101100110110111111111000110001111111100111111111111111
11111111111111111110001101111011111111111111011101110110111011101111110011101100110110111111111000110001111111100111111111111111
11111111111111111110001101111011111111111111011101110110111011101111110011101100110110111111111000110001111111100111111111111111
11111111111111111110001101111011111111111111011101110110111011101111110011101100110110111111111000110001111111100111111111111111
11111111111111111110001101111011111111111111011101110110111011101111110011101100110110111111111000110001111111100111111111111111
11111111111111111110001101111011111111111111011101110110111011101111110011101100110110111111111000110001111111100111111111111111
11111111111111111110001101111011111111111111011101110110111011101111110011101100110110111111111000110001111111100111111111111111
11111111111111111110001101111011111111111111011101110110111011101111110011101100110110111111111000110001111111100111111111111111
11111111111111111110001101111011111111111111011101110110111011101111110011101100110110111111111000110001111111100111111111111111
11111111111111111110001101111011111111111111011101110110111011101111110011101100110110111111111000110001111111100111111111111111
11111111111111111110001101111011111111111111011101110110111011101111110011101100110111111111111000110001111111100111101111111111
11111111111111111110001101111011111111111111011101110110111011101111110011101100110111111111111000110001111111100111101111111111
11111111111111111110001101111011111111111111011101110110111011101111110011101100110111111111111000111001111111100111101111111111
11111111111111111110001101111011111111111111011101110110111011101111110011101100110111111111111000111001111111100111101111111111
11111111111111111110001101111011111111111111011101110110111011101111110011101100110111111111111000111001111111100111101111111111
11111111111111111110001101111011111111111111011101110110111011101111110011101100110111111111111000111001111111100111101111111111
11111111111111111110001101111011111111111111011101110110111011101111110011101100110111111111111000111001111111100111111111111111
11111111111111111110001101111011111111111111011101110110111011101111110011101100110111111111111000111001111111100011111111111111
11111111111111111110001101111011111111110111011101110110111011101111110011101100110111111111111000111001111111100011111111111111
11111111111111111110001101111011111111110111011101110110111011101111110011101100110111111111111000111001111111100011111111111111
11111111111111111110001101111011111111110111011111110110111011101111110011101100110111111111111000111001111111100011111111111111
11111111111111111110001101111011111111110111011111110110111011101111110011101100110111111111111000111001111111100011111111111111
11111111111111111110001101111011111111110111011111110110111011101111110011101100110111111111111000111001111111100011111111111111
11111111111111111110001101111011111111110111011111110110111011101111110011101100110111111111101000111001111111100011111111111111
11111111111111111110001101111011111111110111011111110110111011101111110011101100110111111111101100111001111111100011111111111111
11111111111111111110001101111011111111110111011111110110111011101111110011101100110111111111101100111001111111100011111111111111
11111111111111111110001101111011111111110111011111110110111011101111110011101100110111111111101100111001111111100011111111111111
11111111111111111110001101111011111111110111011111110110111011101111110011101100110111111111101100111001111111100011111111111111
11111111111111111110001101111011011111110111011101110110111011101111110011101100110111111111101100111001111111100011111111111111
11111111111111111110001101111011011111110111011101110110111011101111110011101100110111111111101100111001111111100011111111111111
11111111111111111110001101111011011111110111011111110110111011101111110011101100110111111111101100111001111111100011111111111111
11111111111111111110001101111111011111110111011111110110111011101111110011101100110111111111101100111001111111100011111111111111
11111111111111111110001101111111011111110111011111110110111011101111110011101100110111111111101100111001111111100011111111111111
11111111111111111110001101111111011111110111011111110110111011101111110011101100110111111111101100111001111111100011111111111111
11111111111111111110001101111111011111110111011111110110111011101111110011101100110111111111101100111001111111100011111111111111
11111111111111111110001101111111011111110111011111110110111011101111110011101100110111111111101100111001111111100011111111111111
11111111111111111110001101111011011111110111011111110110111011101111110011101100110111111111101100111001111111110011111111111111
11111111111111111110001101111111011111110111011111110110111011101111111011101100110111111111101100111001111111110011111111111111
11111111111111111110001101111111011111110111011111110110111011101111111011101100110111111111101100111001111101110011111111111111
11111111111111111110001101111111011111110111011111110110111011101111111011101100110111111111101100111001111101110011111111111111
11111111111111111110001101111111011111110111011111110110111011101111111011101100110111111111101100111001111101110011111111111111
11111111111111111110001101111111011111110111011111110110111111101111111011101100010111111111101100111001111101110011111111111111
11111111111111111110001101111111011111110111011101110110111111101111011011101100010111111111101100111001111101110011111111111111
11111111111111111110001101111011011111110111011101110110111111101111011011101100010111111111101100111001111101110011111111111111
11111111111111111110001101111011011111110111011101110110111111101111011011101100010111111111101100111001111101110011111111111111
11111111111111111110001101111111011111110111011101110110111111101111011011101100010111111111101100111001111101110011111111111111
11111111111111111110001101111111011111110111011101110110111111101111011011101100010111111111101100111001111101110011111111111111
11111111111111111110001101111111011111110111011101110110111111101111011011101100011111111111101100111001111111110011111111111111
11111111111111111110001101111111011111110111011101110110111111101111011011101100011111111111101100111001111111110011111111111111
11111111111111111110001101111111011111110111011101110110111111101111011011101100011111111111101100111001111111110011111111111111
11111111111111011110001101111111011111110111011101110110111111101111011011101100011111111111101100111001111111110011111111111111
11111111111111011110001101111111011111110111011101110110111111101111011011101100011111111111101100111001111111110011111111111111
11111111111111011110001101111111011111110111011101110110111111101111011011101100011111111111111100111001111111110011111111111111
11111111111111011110001101111111011111110111011101110110111111101111011011101100011111111111111100111001111111110011111111111111
11111111111111011110001101111111011111110111011101110110111111101111011011101100011111111111111100111001111111110011111111111111
11111111111111011110001101111111011111110111011101110110111111101111011011101100011111111111111100111001111111110011111111111111
11111111111111011110001101111111011111110111011101110110111111101111011011101100011111111111111111111111111111111111111111111111
11111111111111011110001101111111011111110111011111110110111111101111011111111111111111111111111111111111111111111111111111111111
11111111111111011111111111111111111111111111111111111111111111111111011111111111111111111111111111111111111111111111111111111111
11111111111111011111111111111111111111111111111111111111111111111111011111111111111111111111111111111111111111111111111111111111
11111111111111011111111111111111111111111111111111111111111111111111011111111111111111111111111111111111111111111111111111111111
11111111111111011111111111111111111111111111111111111111111111111111011111011111111111111111111111111111111111111111111111111111
11111111111111011111111111111111111111111111111111111111111111111111011111111111111111111111111111111111111111111111111111111111
11111111111111011111111111111111111111111111111111111111111111111111011111111111111111111011111111111111111111111111111111111111
11111111111111011111111111111111111111111111111111111111111111111111111111111111111111111111111111111111111111111111111111111111
11111111111111111111111111111111111111111111111111111111111111111111111111111111111111111111111111111111111111111111111111111111
11111111111111111111111111111111111111111111111111111111111111111111111111111111111111111111111111111111111111111111111111111111
11111111111111111111111111111111111111111111111111111111111111111111111111111111111111111111111111111111111111111111111111111111
11111111111111111111111111111111111111111111111111111111111111111111111111111111111111111111111111111111111111111111111111111111
11111111111111111111111111111111111111111111111111111111111111111111111111111111111111111111111111111111111111111111111111111111
11111111111111111111111111111111111111111111111111111111111111111111111111111111111111111111111111111111111111111111111111111111
11111111111111111111111111111111111111111111111111111111111111111111111111111111111111111111111111111111111111111111111111111111