11111111111111111111111111111111111111111111111111111111111111111111111111111111111111111111111111111111111111111111111111111111
11111111111111111111111111111111111111111111111111111111111111111111111111111111111111111111111111111111111111111111111111111111
11111111111111111111111111111111111111111111111111111111111111111111111111111111111111111111111111111111111111111111111111111111
11111111111111111111111111111111111111111111111111111111111111111111111111111111111111111111111111111111111111111111111111111111
11111111111111111111111111111111111111111111111111111111111111111111111111111111111111111111111111111111111111111111111111111111
11111111111111111111111111111111111111111111111111111111111111111111111111111111111111111111111111111111111111111111111111111111
11111111111111111111111111111111111111111111111111111111111111111111111111111111111111111111111111111111111111111111111111111111
11111111111111111111111111111111111111111111111111111111111111111111111111111111111111111111111111111111111111111111111111111111
11111111111111111111111111111111111111111111111111111111111111111111111111111111111111111111111111111111111111111111111111111111
11111111111111111111111111111111111111111111111111111111111111111111111111111111111111111111111111111111111111111111111111111111
11111111111111111111111111111111111111111111111111111111111111111111111111111111111111111111111111111111111111111111111111111111
11111111111111111111111111111111111111111111111111111111111111111111111111111111111111111111111111111111111111111111111111111111
11111111111111111111111111111111111111111111111111111111111111111111111111111111111111111111100111111111111111111111111111111111
11111111111111111111111111111111111111111110111111111111111111111111111111111111111111111111111111111111111111111111111111111111
11111111111111111111111111111111111111111111111111111111111111111111111111111111111111111111111111111111111111111111111111111111
11111111111111111111111101111111111111111111111111111111111111111111111111111111111111111111111111111111111111111111111111111111
11111111111111111111111111111111111111111111111111111111111111111111111111111111111111111111111111111111111111111111111111111111
11111111111111111111111111111111111111111111111111111111111111111111111111111111111111111111111111111111111111111111111111111111
11111111111111111111111111111111111111111111111111111111111111111111111111111111111111111111111111111111111111111111111111111111
11111111111111111111111111111111111111111111111111111111111111111111111111111111111111111111111111111111111111111111111111111111
11111111111111111111111111111111111111111111111111111111111111111111111111111111111111111111111111111111111111111111111111111111
11111111111111111111111111111111111111110111100110110111111111110011111110011111111100111110011111111111111111111111111111111111
11111111111111111100110111111111111101100111100110110111111111110011111110011111111100111110011111111111111111111111111111111111
11111111111111111100110111111111111101100111100110110111111111110011111110011111111100111110011111111111111111111111111111111111
11111111111111111100110111111111111111100111100110110111111111110011111110011111111100111110011111111111111111111111111111111111
11111111111111111100110111111111111111100111100110110111111111110011111110011111111100111110011111111111111111111111111111111111
11111111111111111110110111111111111111100111100110110111111111110011111110011111111100111110011111111111111111111111111111111111
11111111111111111110110111111111111111100111100110110111111111110011111110011111111100111110011111111111111111111111111111111111
11111111111111111110110111111111111111100111100110110111111111110011111110011111111100111110011111111111111111111111111111111111
11111111111111111110110111111111111111100111100110110111111111110011111110011111111100111110011111111111111111111111111111111111
11111111111111111110110111111111111111100111100110110111111111110011111110011111111100111110011111111111111111111111111111111111
11111111111111111110110111111111111111100111100110110111111111110011111110011111111100111110011111111111111111111111111111111111
11111111111111111110110111111111111111100111100110110111111111110011111110011111111100111110011111111111111111111111111111111111
11111111111111111110110111111111111111100111100110110111111111110011111110011111111100111110011111111111111111111111111111111111
11111111111111111110110111111111111111100111100110110111111111110011111110011111111100111110011111111111111111111111111111111111
11111111111111111110110111111111111111100111100110110111111111110011111110011111111100111110011111111111111111111111111111111111
11111111111111111110110111111111111111100111100110110111111111110011111110011111111100111110011111111111111111111111111111111111
11111111111111111110110111111111111111100111100110110111111111110011111110011111111100111110011111111111111111111111111111111111
11111111111111111110110111111111111111100111100110110111111111110011111110011111111100111110011111111111111111111111111111111111
11111111111111111110110111111111111111100111100110110111111111110011111110011111111100111110011111111111111111111111111111111111
11111111111111111110110111111111111111100111100110110111111111110011111110011111111100111110011111111111111111111111111111111111
11111111111111111110110111111111111111100111100110110111111111110011111110011111111100111110011111111111111111111111111111111111
11111111111111111110110111111111111110100111100110110111111111110011111110011111111100111110011111111111111111111111111111111111
11111111111111111110110111111111111110100111100110110111111111110011111110011111111100111110011111111111111111111111111111111111
11111111111111111110110111111111111110100111100110110111111111110011111110011111111100111110011111111111111111111111111111111111
11111111111111111110110111111111111110100111100110110111111111110011111110011111111100111110011111111111111111111111111111111111
11111111111111111110010111111111111110100111100110110111111111110011111110011111111100111110011111111111111111111111111111111111
11111111111111111110010111111111111110100111100110110111111111110011111110011111111100111110011111111111111111111111111111111111
11111111111111111110010111111111111110100111100110110111111111110011111110011111111100111110011111111111111111111111111111111111
11111111111111111110010111111111111110100111100110110111111111110011111110011111111100111110011111111111111111111111111111111111
11111111111111111110010111111111111110100111100110110111111111110011111110011111111100111110011111111111111111111111111111111111
11111111111111111110010111111111111110100111100110110111111111110011111110011111111100111110011111111111111111111111111111111111
11111111111111111110010111111111111110100111100110110111111111110011111110011111111100111110011111111111111111111111111111111111
11111111111111111110010111111111111110100111100110110111111111110011111110011111111100111110011111111111111111111111111111111111
11111111111111111110010111111111111110100111100110110111111111110011111110011111111100111110011111111111111111111111111111111111
11111111111111111110010111111111111110100111100110110111111111110011111110011111111100111110011111111111111111111111111111111111
11111111111111111110010111111111111110100111100110110111111111110011111110011111111100111110011111111111111111111111111111111111
11111111111111111110010111111111111110100111100110110111111111110011111110011111111100111110011111111111111111111111111111111111
11111111111111111110010111111111111110100111100110110111111111110011111110011111111100111110011111111111111111111111111111111111
11111111111111111110010111111111111110100111100110110111111111110011111110011111111100111110011111111111111111111111111111111111
11111111111111111110010111111111111110100111100110010111111111110011111110011111111100111110011111111111111111111111111111111111
11111111111111111110010111111111111110100111100110010111111111110011111110011111111100111110011111111111111111111111111111111111
11111111111111111110010111111111111110100111110110010111111111110011111110011111111100111110011111111111111111111111111111111111
11111111111111111110010111111111111110100111110110010111111111110011111110011111111100111110011111111111111111111111111111111111
11111111111111111110010111111111111110100111110110010111111111110011111110011111111100111110011111111111111111111111111111111111
11111111111111111110010111111111111110100111110110010111111111110011111110011111111100111110011111111111111111111111111111111111
11111111111111111110011111111111111110100111110110010111111111110011111110011111111100111110011111111111111111111111111111111111
11111111111111111110011111111111111110110111110110010111111111110011111110011111111100111110011111111111111111111111111111111111
11111111111111111110011111111111111110110111110110010111111111110011111110011111111100111110011111111111111111111111111111111111
11111111111111111110011111111111111110110111110110010111111111110011111110011111111100111110011111111111111111111111111111111111
11111111111111111110011111111111111110110111110110010111111111110011111110011111111100111110011111111111111111111111111111111111
11111111111111111110011111111111111110110111110110010111111111110011111110011111111100111110011111111111111111111111111111111111
11111111111111111110011111111111111110110111110110010111111111110011111110011111111100111110011111111111111111111111111111111111
11111111111111111110011111111111111110110111110110010111111111110011111110011111111100111110011111111111111111111111111111111111
11111111111111111110011111111111111110110111110110010111111111110011111110011111111100111110011111111111111111111111111111111111
11111111111111111110011111111111111110110111110110010111111111110011111110011111111100111110011111111111111111111111111111111111
11111111111111111110011111111111111110110111110110010111111111110011111110011111111100111110011111111111111111111111111111111111
11111111111111111110011111111111111110110111110110010111111111110011111110011111111100111110011111111111111111111111111111111111
11111111111111111110011011111111111110110111110110010111111111110011111110011111111100111110011111111111111111111111111111111111
11111111111111111110011011111111111110110111110110010111111111110011111110011111111100111110011111111111111111111111111111111111
11111111111111111110011011111111111110110111110110010111111111110011111110011111111100111110011111111111111111111111111111111111
11111111111111111110011011111111111110110111110110010111111111110011111110011111111100111110011111111111111111111111111111111111
11111111111111111110011011111111111110110111110110010111111111110011111110011111111100111110011111111111111111111111111111111111
11111111111111111110011011111111111110110111110110010111111111110011111110011111111100111110011111111111111111111111111111111111
11111111111111111110011011111111111110110111110110010111111111110011111110011111111100111110011111111111111111111111111111111111
11111111111111111110011011111111111110110111110110010111111111110011111110011111111100111110011111111111111111111111111111111111
11111111111111111110011011111111111110110111110110010111111111110011111110011111111100111110011111111111111111111111111111111111
11111111111111111111011011111111111110110111110110010111111111110011111110011111111100111110011111111111111111111111111111111111
11111111111111111111011011111111111110110111110110010111111111110011111110011111111100111110011111111111111111111111111111111111
11111111111111111111011011111111111110110111110110010111111111110011111110011111111100111110011111111111111111111111111111111111
11111111111111111111011011111111111110110111110110010111111111110011111110011111111100111110011111111111111111111111111111111111
11111111111111111111011011111111111110110111110110010111111111110011111110011111111100111110011111111111111111111111111111111111
11111111111111111111011011111111111110110111110110010111111111110011111110011111111100111110011111111111111111111111111111111111
11111111111111111111011011111111111110110111110110010111111111110011111110011111111100111110011111111111111111111111111111111111
11111111111111111111011011111111111110110111110110010111111111111011111110011111111100111110011111111111111111111111111111111111
11111111111111111111011011111111111110110111110110011111111111111011111110011111111100111110011111111111111111111111111111111111
11111111111111111111011011111111111110110111110110011111111111110011111110011111111100111110011111111111111111111111111111111111
11111111111111111111011011111111111110110111110110011111111111110011111110011111111100111110011111111111111111111111111111111111
11111111111111111111011011111111111110110111110110011111111111110011111110011111111100111110011111111111111111111111111111111111
11111111111111111111011011111111111110110111110110011111111111110011111110011111111100111110011111111111111111111111111111111111
11111111111111111111011011111111111110110111110110011111111111110011111110011111111100111110011111111111111111111111111111111111
11111111111111111111011011111111111110110111110110011111111111110011111110011111111100111110011111111111111111111111111111111111
11111111111111111111011011111111111110110011110110011111111111111011111110011111111100111110011111111111111111111111111111111111
11111111111111111111011011111111111110110011110110011111111111111011111110011111111100111110011111111111111111111111111111111111
11111111111111111111011011111111111110110011110110011111111111110011111110011111111100111110011111111111111111111111111111111111
11111111111111111111011011111111111110110011110110011111111111110011111110011111111100111110011111111111111111111111111111111111
11111111111111111111011011111111111110110011110110011111111111110011111110011111111100111110011111111111111111111111111111111111
11111111111111111111011011111111111110110011110110011111111111111011111110011111111100111110011111111111111111111111111111111111
11111111111111111111001011111111111110110011110110011111111111111011111110011111111100111110011111111111111111111111111111111111
11111111111111111111001011111111111110110011110110011111111111111011111110011111111100111110011111111111111111111111111111111111
11111111111111111111111111111111111111111111111111111111111111111111111111111111111111111111111111111111111111111111111111111111
11111111111111111111111111111111111111111111111111111111111111111111111111111111111111111111111111111111111111111111111111111111
11111111111111111111111111111111110111111111111111001111111111111111111100111100111111111111111111111111111111111111111111111111
11111111111111111111111111111111111111111111111111111111111111111111111111111111111111111111111111111111111111111111111111111111
11111111111111111111111111111111111111111111111111111111111111111111111111111111111111111111111111111111111111111111111111111111
11111111111111111111111111101111111111101111111111111111111111111111111111111111111111111111111111111111111111111111111111111111
11111111111111111111111111111111111111111111111111111111111111111111111111111111111111111111111111111111111111111111111111111111
11111111111111111111111111111111111111111111111111111111111111111111111111111111111111111111111111111111111111111111111111111111
11111111111111111111111111111111111111111111111111111111111111111111111111111111111111111111111111111111111111111111111111111111
11111111111111111111111111111111111111111111111111111111111111111111111111111111111111111111111111111111111111111111111111111111
11111111111111111111111111111111111111111111111111111111111111111111111111111111111111111111111111111111111111111111111111111111
11111111111111111111111111111111111111111111111111111111111111111111111111111111111111111111111111111111111111111111111111111111
11111111111111111111111111111111111111111111111111111111111111111111111111111111111111111111111111111111111111111111111111111111
11111111111111111111111111111111111111111111111111111111111111111111111111111111111111111111111111111111111111111111111111111111
11111111111111111111111111111111111111111111111111111111111111111111111111111111111111111111111111111111111111111111111111111111
11111111111111111111111111111111111111111111111111111111111111111111111111111111111111111111111111111111111111111111111111111111
11111111111111111111111111111111111111111111111111111111111111111111111111111111111111111111111111111111111111111111111111111111
11111111111111111111111111111111111111111111111111111111111111111111111111111111111111111111111111111111111111111111111111111111