11111111111111111111111111111111111111111111111111111111111111111111111111111111111111111111111111111111111111111111111111111111
11111111111111111111111111111111111111111111111111111111111111111111111111111111111111111111111111111111111111111111111111111111
11111111111111111111111111111111111111111111111111111111111111111111111111111111111111111111111111111111111111111111111111111111
11111111111111111111111111111111111111111111111111111111111111111111111111111111111111111111111111111111111111111111111111111111
11111111111111111111111111111111111111111111111111111111111111111111111111111111111111111111111111111111111111111111111111111111
11111111111111111111111111111111111111111111111111111111111111111111111111111111111111111111111111111111111111111111111111111111
11111111111111111111111111111111111111111110111111111111110111111110111111111111111111111111111111111111111101111111111111111111
11111111111101111111111111111111111111111111111111111111111111111111111111111111111111111111111111111111111111111111111111111111
11111111111111111111111111111111111111111111111111111111111111111110111111111111111111111111111111111111111101111111111111111111
11111111111111111111111111101111111111111111111001110011111111001111111111111111111111110111111111111111111111111001111101111111
11111111111111111111111111110111111111011111111111111111111111111111111111111111111111111111111111111111011111111111111111111111
11111111111111111111111111111111111111111111111111111111111111111111111111111111111111111111111111111111011111111111111111111111
11111111111111111111111111111111111111111111111111111111111111111111111111111001111011111111111111001111111111111111111111111111
11111111111111111111111111111111111111111111111111111111111111111111111111111111111111111111111111111111111111111111111111111111
11111111111111111111111111111111111111111111111111111111111111111111111111111111111111111111111111111111111111111111111111111111
11111111111111111111111111111111111111111111111111111111111111111111111111111111111111111111111111111111111111111111111111111111
11111111111111111111111111111111111111111111111111111100111111011111101101110011111011011101111111110110011111111111111111111111
11111111111111111111111100110111111111111111101110101100111111011111101101110010110010011000101101100010001111110111111111111111
11111111111111111111111100110111111111111111101110101100111111011111101101110010110010011000101101100010001111111111111111111111
11111111111111111111111100110111111111111111101110101100111111011111101101110010110010011000101101100010001111011111111111111111
11111111111111111111111100110111111111111111101110101100111111011111101101110010110010011000101101100010001111011111111111111111
11111111111111111111111100110111111111111111101110101100111111011111101101110010110010011000101101100010001111011111111111111111
11111111111111111111111100110111111111111111101110101100111111011111101101110010110010011000101101100010001011111111111111111111
11111111111111111111111100110111111111111111101110101100111111011111101101110010110010011000101101100010001011011111111111111111
11111111111111111111111100110111111111111111101110101100111111011111101101110010110010011000101101100010001011110111111111111111
11111111111111111111111100110111111111111111101110101100111111011111101101110010110010011000101101100010001011110111111111111111
11111111111111111111111100110111111111111111101110101100111111011111101101110010110010011000101101100010001011010111111111111111
11111111111111111111111100110111111111111111101110101100111111011111101101110010110010011000101101100010001011010111111111111111
11111111111111111111111100110111111111111111101110101100111111011111101101110010110010011000101101100010001011110111111111111111
11111111111111111111111100110111111111111111101111101100111111011111101101110010110010011000101101100010001011010111111111111111
11111111111111111111111100110111111111111111101110101100111111011111101101110010110010011000101101100010001011010111111111111111
11111111111111111111111100110111111111111111101111101100111111011111101101110011110010011000101101100010001011010111111111111111
11111111111111111111011100110111111111111111101110101100111111011111101101110010110010011000101101100010001011010111111111111111
11111111111111111111111100110111111111111111101111101100111111011111101101110010110010011000101101100010001011010111111111111111
11111111111111111111011100110111111111111111101111101100111111011111101101110010110010011000101101100010001011010111111111111111
11111111111111111111010100110111111111111111101111101100111111011111101101110010110010011000101101100010001011010111111111111111
11111111111111111111011100110111111111111111101111101100111111011111101101110010110010011000101101100010001011010111111111111111
11111111111111111111011100110111111111111111101111101100111111011111101101110010110010011000101101100010001011010111111111111111
11111111111111111111010100110111111111111111101111101100111111011111101101110011110010011000101101100010001011010111111111111111
11111111111111111111010100110111111111111111101111101100111111011111101101110011111010011000101101100010001011010111111111111111
11111111111111111111010100110111111111111111101111101100111111011111101101110010111010011000101101100010001011010111111111111111
11111111111111111111010100110111111111111111101111101100111111011111101101110010110010011000101101100010001011010111111111111111
11111111111111111111010100110111111111111111101111101100111111011111101101110011111010011000101101100010001011010111111111111111
11111111111111111111010100110111111111111111101111101100111111011111101101110011111010011000101101100010001011010111111111111111
11111111111111111111010100110111111111111111101111101100111111011111101101110011111010011000101101100010001011010111111111111111
11111111111111111111010100110111111111111111101111101100111111011111101101110011111010011000101101100010001011010111111111111111
11111111111111111111010100110111111111111111101111101100111111011111101101110011111010011000101101100010001011010111111111111111
11111111111111111111010100110111111111111111101111101100111011011111101101110011111010011000101101100010001011010111111111111111
11111111111111111111010100110111111111111111101111101100011011011111101101110011111011011000101101100010001011010111111111111111
11111111111111111111010100110111111111111111101111101100011011011111101101110011111010011000101101100010000011010111111111111111
11111111111111111111010100110111111111111111101111101100011011011111101101110011111011011000101101100010001011010111111111111111
11111111111111111111010100110111111111111111101111101100011011011111101101110011111010011000101101100010000011010111111111111111
11111111111111111111010100110011111111111111101111101100011011011111101101110011111011011000101101100010000011010111111111111111
11111111111111111111010100010011111111111111101111101100011011011111101101110011111011011000101101100010001011010111111111111111
11111111111111111111010100010011111111111111101111101100011011011111101101110011111011011000101101100010001011010111111111111111
11111111111111111111010100010011111111111111101111101100011011011111101101110011111011011000101101100010001011010111111111111111
11111111111111111111010100010011111111111111101111101100011011011111101101110011111011011000101101100000000011010111111111111111
11111111111111111111110100010011111111111111101111101100011011011111101101110011111011011000101101100010000011010111111111111111
11111111111111111111110100010011111111111111101111101100011011011111101101110011111011011000101101100010000011010111111111111111
11111111111111111111110100010011111111111111101111101100011011011111101101110011111011011000101101100010000011010111111111111111
11111111111111111111110100010011111111111111101111101100011011011111101101110011111011011000101101100010000011010111111111111111
11111111111111111111110100010011101111111111101111101100011011011111101101110011111011011000101101100010000011010111111111111111
11111111111111111111110100010011101111111111101111111100011011011111101101110011111011011100101101100010000011010111111111111111
11111111111111111111110100010011111111111111101111111100011011011111101101110011111011011000101101100010000011010111111111111111
11111111111111111111110100010011101111111111101111101100011011011111101101110011111011011000101101100010001011010111111111111111
11111111111111111111110100010011101111111111101111101100011011011111101101110011111011011000101101100010000011010111111111111111
11111111111111111111110100010011101111111111101111111100011011011111101101110011111011011100101101100010000011010111111111111111
11111111111111111111111100010011101111111111101111111100011011011111101101110011111011011100101101100000000011010111111111111111
11111111111111111111111100010011101111111111101111111100011011011111101101110011111011011100101101100000000011010111111111111111
11111111111111111111111100010011101111111111101111101100011011011111100101110011111011011100101101100000000011010111111111111111
11111111111111111111111110010011101111111111101111111100011011001111101101110011111011011100101101100010001011010111111111111111
11111111111111111111111110011011101111111111101111111100011011001111100101110011111011011100101101100000001011010111111111111111
11111111111111111111111110011011101111111111101111111100011011001111101101110011111011011100101101100010000011010111111111111111
11111111111111111111111110011011101111111111101111111100011011001111100101110011111011011100101101100010000011010111111111111111
11111111111111111111111110011011101111111111101111111100011011001111100101110011111011011100101101100010001011010111111111111111
11111111111111111111111110011011101111111111101111111100011011001111100101110011111011011100101101100010000011010111111111111111
11111111111111111111111110011011101111111111101111111100011011001111100101110011111011011100101101100010000011010111111111111111
11111111111111111111111110011011101111111111101111111100011011001111100101110011111011011100101101100010000011010111111111111111
11111111111111111111111110011011101111111111101111111100011011001011100101110011111011011100101101100010000011010111111111111111
11111111111111111111111110011011101111111111101111111100011011001011100101110011111011011100101101100010001011010111111111111111
11111111111111111111111110011011101101111111101111111110011011001011100101110011111011011100101101100010001011010111111111111111
11111111111111111111111110011011101101111111101111111110011011001011100101110011111011011100101101100010001011000111111111111111
11111111111111111111111110011011101101111111101111111110011011001011100101110011111011011100101101100010000011000111111111111111
11111111111111111111111110011011101101111111101111111110011011001011100101110011111011011100101101100010000011000111111111111111
11111111111111111111111110011011101101111111101111111110011011001011100101110011111011011100101101100010000011000111111111111111
11111111111111111111111110011011101101111111101111111110011011001010100101110011111011011100101101100010000011000111111111111111
11111111111111111111111110011011101101111111101111111110011011001010100101110011111011011100101101100010000011011111111111111111
11111111111111111111111110011011101101101111101111111110011011001011100101110011111011011100101101100010000011010111111111111111
11111111111111111111111110011011101101101111101111111110011011001010100101110011111011011100101101100010000011010111111111111111
11111111111111111111111110011011101101101111101111111110011011001010100101110011111011011100101101100010000011010111111111111111
11111111111111111111111110011011101101101111101111111110011011001010100101110011111011011100101101100010001011010111111111111111
11111111111111111111111110011011101101101111101111111110011011001010100101110011111011011100101101100000000011010111111111111111
11111111111111111111111110011011101101101111101111111110011011001010100101110011111011011100101101100000000011001111111111111111
11111111111111111111111110011011101101101111101111111110011011001010100101110011111011011100101101100010000011001111111111111111
11111111111111111111111110011011101101101111101111111110011111001010100101110011111011011100101101100010000011000111111111111111
11111111111111111111111110011011101101101111101111111110011111001010100101110011111011011100101101100010000011000111111111111111
11111111111111111111111110011011101101101111101111111110011011001010100101110011111011011100101101100010000011011111111111111111
11111111111111111111111110011011101101101110101111111110011111001010100101110011111011011100101101100000000011011111111111111111
11111111111111111111111110011011101101101111101111111110011111001010100101110011111011011100101101110010000011011111111111111111
11111111111111111111111110011011111101101110101111111110011111001010100101110011111011011100101101110010000011010111111111111111
11111111111111111111111110011011101101101110101111111110011111001010100100110011111011011100101101100010000011011111111111111111
11111111111111111111111110011011111101101110101111111110011111001010100101110011111011011100101101100010000011000111111111111111
11111111111111111111111110011011101101101110101111111110011111001010100100110011111011011100101101100010000011010111111111111111
11111111111111111111111110011011111101101110101111111110011111001010100100110011111011011100101101100010000011010111111111111111
11111111111111111111111110011011111101101110101111111110011111001010100101110011111011011100101101100010000011111111111111111111
11111111111111111111111110011011111101101110101111111110011111001010100101110011111011011100101101100010000011011111111111111111
11111111111111111111111110011011111101101110101111111110011111001010100100110011111011011100101101100010000011001111111111111111
11111111111111111111111110011011111101101110101111111110011111001010100100110011111011011100101101100010000011011111111111111111
11111111111111111111111110011011111101101110101111111110011111101010100100110011111011011100101101100000000011011111111111111111
11111111111111111111111110011011111101101110101111111110011111001010100100110011111011011100101101100010001011011111111111111111
11111111111111111111111111111111111111111111111111111110011111101010100100110011111011011100101101100010000011011111111111111111
11111111111111111111111111111111111111111111111111111111111111111010111111111111111011011100101101100010001011011111111111111111
11111111111111111111111111111111111111111111111111111111111111111010111111111111111111111111111111111111111111011111111111111111
11111111111111111111111111111111111111111111111111111111111111111010111111111111111111111111111111111111111111011111111111111111
11111111111111111111111111101111111111111111111111111111111111111010111101111111111111111111111111111111111111010111111111111111
11111111111111111111111111111111111111111111111111111111111111111010111111111111111111111111111111101111110011011111111111111111
11111111111111111111111111111111101111111111111111111111111111111010111111111111111111101111111111111111111111011111111111111111
11111111111111111111111111111111111111111111111111111111111111111010111111111111111111111111111111101111111111011111111111111111
11111111111111111111111111111111111111111111111111111111111111111111111111111110111111111111101111111111111111111111101111111111
11111111111111111111111111111111111111111111111111111111111111111111111111111111111111111111101111111111111011111111101111111111
11111111111111111111111111111111111111111111111111111011111001111111111101111111111111111111111111111111111111111111111111111111
11111111111111111111111111111111111111111111111111111111111111111111111111111111111111111111111111101111111111111111111111111111
11111111111111111111111111111111111111111111111111111111111111111111111111111111111111111111111111111111111111111111111111111111
11111111111111111111111111111111111111111111111111111111111111111111111111111111111111111111111111111111111111111111111111111111
11111111111111111111111111111111111111111111111111111111111111111111111111111111111111111111111111111111111111111111111111111111
11111111111111111111111111111111111111111111111111111111111111111111111111111111111111111111111111111111111111111111111111111111
11111111111111111111111111111111111111111111111111111111111111111111111111111111111111111111111111111111111111111111111111111111
11111111111111111111111111111111111111111111111111111111111111111111111111111111111111111111111111111111111111111111111111111111