11111111111111111111111111111111111111111111111111111111111111111111111111111111111111111111111111111111111111111111111111111111
11111111111111111111111111111111111111111111111111111111111111111111111111111111111111111111111111111111111111111111111111111111
11111111111111111111111111111111111111111111111111111111111111111111111111111111111111111111111111111111111111111111111111111111
11111111111111111111111111111111111111111111111111111111111111111111111111111111111111111111111111111111111111111111111111111111
11111111111111111111111111111111111111111111111111111111111111111111111111111111111111111111111111111111111111111111111111111111
11111111111111111111111111111111111111111111111111111111111111111111111111111111111111111111111111111111111111111111111111111111
11111111111111111111111111111111111111111111111111111111111111111111111111111111111111111111111111111111111111111111111111111111
11111111111111111111111111111111111111111111111111111111111111111111111111111111111111111111111111111111111111111111111111111111
11111111111111111111111111111111111111111111111111111111111111111111111111111111111111111111111111111111111111111111111111111111
11111111111111111111111111111111111111111111111111111111111111111111111111111111111111111111111111111111111111111111111111111111
11111111111111111111111111111111111111111111111111111111111111111111111111111111111111111111111111111111111111111111111111111111
11111111111111111111111111111111111111111111111111111111111111111111111111111111111111111111111111111111111111111111111111111111
11111111111111111111111111111111111111111111110111111111111111111110111111111011111111111111111111111111111111111111111011111111
11111111111111111111111111111111111111111111110111111111111111111110111111111011111111110111111111111111011011111111111011111111
11111111111111111110001110011111111111111111110111111111111111111110111111111011111111111111111111111111011111111111111111111111
11111111111111111111111111111111111111111111111111111111111111111111111111111111111111111111111111111111111111111111111111111111
11111111111111111111111111111111111111111111111111111111111111111111111111110111111111111111111111111110111110111111110111111111
11111111111111111111111111111111111111111111111111111111111111111111111111111111111111111111111111111111111111111111111111111111
11111111111111111111111111111111111111111111111111111111111111111111111111111111111111111111111111111111111111111111111111111111
11111111111111111111111111111111111111111111111111111111111111111111111111111111111111111111111111111111111111111111111111111111
11111111111111111111110011111111111111111111011111111111111111111111111111111111111111111111111111111111111111111111111111111111
11111111111111111100110011011111111111111010000101111000101100011111101101111100111111111101111111100111111111111111111111111111
11111111111111111100110011011101111111111010000100111000100100011111001100011100001111011000001111100001111011001111111111111111
11111111111111111100110010011101111111111010000100111000100100011111001100011100001111011000001111100001111011001111111111111111
11111111111111111100110010011101111111111010000100111000100100011100001100011100001111011000001111100001111011001111111111111111
11111111111111111100110010011101111111111010000100111000101100011100001100011100001111011000001111100001111011001111111111111111
11111111111111111000110010011101111111111010000100111000101100011111001100011100001111011000001111100001111011001111111111111111
11111111111111111000110010011101111111111010000100111000101100011111001100011100001111011000001111100001111011001111111111111111
11111111111111111000110010011101111111111010000100111000101100011111001100011100001111011000001111100001111011001111111111111111
11111111111111111000110010011101111111111010000000111000101100011100001100011100001111011000001111100001111011001111111111111111
11111111111111111000110010011101111111111010000000111000101100011111001100011100001111011000001111100001111011001111111111111111
11111111111111111000110010011101111111111010000000111000101100011111001100011100001111011000001111100001111011001111111111111111
11111111111111111000110010011101111111111010000000111000101100011111001100011100001111011000001111100001111011001111111111111111
11111111111111111000110010011101111111111010000000111000101100011111001100011100001111011000001111100001111011001111111111111111
11111111111111111000110010011101111111111010000000111000101100011111001100011100001111011000001111100001111011001111111111111111
11111111111111111000000000011101111111111010000000111000101100011111001100011100001111011000001111100001111011001111111111111111
11111111111111111000000010011101111111111010000000111000101100011111001100011100001111011000001111100001111011001111111111111111
11111111111111111000000010011101111111111010000000111000101100011111001100011100001111011000001111100001111011001111111111111111
11111111111111111000000010011101111111111000000000111000101100011111001100011100001111011000001111100001111011001111111111111111
11111111111111111000000010011101111111111000000000111000101100011111001100011100001111011000001111100001111011001111111111111111
11111111111111111000000010011101111111111000000000111000001100011111001100011100001111011000001111100001111011001111111111111111
11111111111111111000000010011101111111111110000000111000101100011111001100011100001111011000001111100001111011001111111111111111
11111111111111111000000010011101111111111110000000111000101100011111001100011100001111011000001111100001111011001111111111111111
11111111111111111000000010011101111111111110000000111000001100000011001100011100001111011000001111100001111011001111111111111111
11111111111111111000000010011101111111111110000000111000001100000011001100011100001111011000001111100001111011001111111111111111
11111111111111111000000010011101111111111000000000111000001100000011001100011100001111011000001111100001111011001111111111111111
11111111111111111000000010011101111101111000000000111000001100000011001100011100001111011000001111100001111011001111111111111111
11111111111111111000000010011101111101111000000000111000001100000011001100011100001111011000001101100001111011001111111111111111
11111111111111111000000010011101111101111100000000111000001100000011001100011100001111011000001111100001111011001111111111111111
11111111111111111000000010011101111101111110000000111000001100000000001100011100001111011000001111100001111011001111111111111111
11111111111111111000000010011101111101111000000000111000001100000000001100011100001111011000001101100001111011001111111111111111
11111111111111111000000010011101111101111000000000111000001100000000001100011100001111011000001111100001111011001111111111111111
11111111111111111000000010011101111101111000000000111000001100000000001100011100001111011000001111100001111011001111111111111111
11111111111111111000000010011101111101111000000000111000001100000000001100011100001111011000001111100001111011001111111111111111
11111111111111111000000000011101111101111000000000111000001100000000001100011100001111011000001111100001111011001111111111111111
11111111111111111000000000011101111101111000000000111000001100000000001100011100001111011000001111100001111011001111111111111111
11111111111111111000000000011101111101111000000000111000001100000000001100011100001111011000001111100001111011001111111111111111
11111111111111111000000000011101101101111000000000111000001100000000001100011100001111011000001111100001111011001111111111111111
11111111111111111000000000011101101101111000000000111000001100000000001100011100001111011000001111100001111011001111111111111111
11111111111111111000000000011101101101111000000000111000001100000000001100011100001111011000001111100001111011001111111111111111
11111111111111111000000000011101101101111000000000111000001100000000001100011100001111011000001111100001111011001111111111111111
11111111111111111000000000011101101101111000000000111000001100000000001100011100001111011000001101100001111011001111111111111111
11111111111111111000000000011101101101111000000000111000001100000000001100011100001111011000001101100001111011001111111111111111
11111111111111111000000000011101101101111000000000111000001100000000001100011100001111011000001101100001111011001111111111111111
11111111111111110000000000111101101101111000000000111000001100000000001100011100001111011000001001100001111011001111111111111111
11111111111111110000000000111101101101111000000000111000001100000000001100011100001111011000001001100001111011001111111111111111
11111111111111110000000000111101101101111000000000111000001100000000001100011100001111011000001001100001111011001111111111111111
11111111111111110000000000111101101101111000000000111000000000000000001100011100001111011000001001100001111011001111111111111111
11111111111111110000000000111101101101111000000000111000000000000000001100011100001111011000001001100001111011001111111111111111
11111111111111110000000000111101101101110110000000111000000000000000001100011100001111011000001001100001111011001111111111111111
11111111111111110000000000111101101101110110000000111000001100000000001100011100001111011000001001100001111011001111111111111111
11111111111111110000000000111101101101110000000000111000001100000000001100011100001111011000001001100001111011001111111111111111
11111111111111110000000000111101101101110000000000111000001100000000001100011100001111011000001001100001111011001111111111111111
11111111111111110000000000111101101101110000000000111000001100000000001100011100001111011000001001100001111011001111111111111111
11111111111111110000000000111101101101110000000000111000001100000000001100011100001111011000001001100001111011001111111111111111
11111111111111110000000000111101101101110000000000111000001100000000001100011100001111011000001001100001111011001111111111111111
11111111111111110000000000111101101111110000000000111000001100000000001100011100001111011000001001100001111010001111111111111111
11111111111111110000000000111101101111110000000000111000000000000000001100011100001111011000001001100001111010001111111111111111
11111111111111110000000000111101101111110000000000111000001100000000001100011100001111011000001001100001111011001111111111111111
11111111111111110000000000111101101111110000000000111000001100000000001100011100001111011000001001100001111011001111111111111111
11111111111111110000000000111101101111110000000000111000000000000000001100011100001111011000001001100001111011001111111111111111
11111111111111110000000000111101101111110000000000111000000000000000001100011100001111011000001001100001111011001111111111111111
11111111111111110000000000111101111111110000000000111000000000000000001100011100001111011000001001100001111011001111111111111111
11111111111111110000000000111101111111110000000000111000000000000000001100011100001111011000001001100001111010001111111111111111
11111111111111110000000000111101111111110000000000111000000000000000001100011100001111011000001001100001111010001111111111111111
11111111111111110000000000111101111111110000000000111000000000000000001100011100001111011000001001100001111010001111111111100000
11111111111111110000000000111101111111110000000000111000000000000000001100011100001111011000001001100001111010001111111111000000
11111111111111110000000000111101111111110000000000111000000000000000001100011100001111011000001001100001111010001111111111000000
11111111111111110000000000111101111111110000000000111000000000000000001100011100001111011000001001100001111010001111111111000000
11111111111111110000000000111101111111110000000000111000000000000000001100011100001111011000001001100001111010001111111111000000
11111111111111110000000000111101111111110000000000111000000000000000001100011100001111011000001001100001111010001111111111000000
11111111111111110000000000111101111111110000000000111000000000000000001100011100001111011000001011100001111010001111111111000000
11111111111111110000000000111101111111110000000000111000000000000000001100011100001111011000001011100001111011001111111111000000
11111111111111110000000000111101111111110000000000110000000000000000001100011100001111011000001011100001111011001111111111000000
11111111111111110000000000111111111111110000000000110000000000000000011100011100001111011000001011100001111011001111111111000000
11111111111111110000000000111111111111110000000000110000000000000000011100011100001111011000001001100001111011001111111111000000
11111111111111110000000000111111111111110000000000110000000000000000011100011100001111011000001001100001111011001111111111000000
11111111111111110000000000111111111111110000000000110000000000000000011100011100001111011000001001100001111010001111111111000000
11111111111111110000000000111111111111110000000000110000000000000000011100011100001111011000001001100001111010001111111111000000
11111111111111110000000000111111011111110000000000110000000000000000011100011100001111011000001001100001111011001111111111000000
11111111111111110000000000111111011111110000000000110000000000000000011100011100001111011000001001100001111011001111111111000000
11111111111111110000000000111111011111110000000000110000000000000000011100011100001111011000001001100001111011001111111111000000
11111111111111110000000000111011011111110000000000110000000000000000011100011100001111011000001001100001111010001111111111100000
11111111111111110000000000111011011111110000000000110000000000000000011100011100001111011000001001100001111011001111111111111111
11111111111111110000000000111011011111110000000000110000000000000000011100011100001111011000001001100001111011001111111111111111
11111111111111110000000110111111111111111100011100111001111100110000011101111100001111111000011111100001111111001111111111111111
11111111111111110001111111111111111111111111111111111111111111110011111111111111111111111111111111110111111111001111111111111111
11111111111111110001111111111111111111111111111111111111111111110011111111111111111111111111111111111111111111001111111111111111
11111111111111110001111111111111111111111111111111111111111111110011111111111111111111111111111111111111111111001111111111111111
11111111111111110001111111111111111111111111111111111111111111110011111111111111111111111111111111101111111111001111111111111111
11111111101111110001110111110011111111111110111111111111100111110011111111111011111111111111101111111111111011001111111111111111
11111111101111110001111111111011111111111110111111111111100111110011111111111111111111111111101111111111111111001111111111111111
11111111101111111111111111111111111111111111111111111111110111111111111111111111111111111111001111111111111111111111111111111111
11111111011111111111111111111101111111111111011111111111110111111111111111111111111111111111011111110111111111111111111111111111
11111111111111111111111111111111111111111111011111101111110111111111111111111111111111111111111111111111111111111111111111111111
11111111111111111111111111111111111111111111111111011111101111111111111111111111111111111111111111111111111111111111111111111111
11111111111111111111111111111111111111111111111111111111111111111111111111111111111111111111111111111111111111111111111111111111
11111111111111111111111111111111111111111111111111111111111111111111111111111111111111111111111111111111111111111111111111111111
11111111111111111111111111111111111111111111111111111111111111111111111111111111111111111111111111111111111111111111111111111111
11111111111111111111111111111111111111111111111111111111111111111111111111111111111111111111111111111111111111111111111111111111
11111111111111111111111111111111111111111111111111111111111111111111111111111111111111111111111111111111111111111111111111111111
11111111111111111111111111111111111111111111111111111111111111111111111111111111111111111111111111111111111111111111111111111111
11111111111111111111111111111111111111111111111111111111111111111111111111111111111111111111111111111111111111111111111111111111
11111111111111111111111111111111111111111111111111111111111111111111111111111111111111111111111111111111111111111111111111111111
11111111111111111111111111111111111111111111111111111111111111111111111111111111111111111111111111111111111111111111111111111111
11111111111111111111111111111111111111111111111111111111111111111111111111111111111111111111111111111111111111111111111111111111
11111111111111111111111111111111111111111111111111111111111111111111111111111111111111111111111111111111111111111111111111111111
11111111111111111111111111111111111111111111111111111111111111111111111111111111111111111111111111111111111111111111111111111111