11111111111111111111111111111111111111111111111111111111111111111111111111111111111111111111111111111111111111111111111111111111
11111111111111111111111111111111111111111111111111111111111111111111111111111111111111111111111111111111111111111111111111111111
11111111111111111111111111111111111111111111111111111111111111111111111111111111111111111111111111111111111111111111111111111111
11111111111111111111111111111111111111111111111111111111111111111111111111111111111111111111111111111111111111111111111111111111
11111111111111111111111111111111111111111111111111111111111111111111111111111111111111111111111111111111111111111111111111111111
11111111111111111111111111111111111111111110111111111111111111111111111111111111111111111111111111111111111111111111111111111111
11111111111111111111111111111111111111111111111111111111111111111111111111111111111111111111111111111111111111111111111111111111
11111111111111111111111111111111111111111111111111111111111111111111111111111111111111111111111111111111111111111111111111111111
11111111111111111111111111111111111111111111111111111111111111111111111111111111111111111111111111111111111111111111111111111111
11111111111111111111111111111111111111111111111111111111111111111111111111111111111111111111111111111111111111111111111111111111
11111111111111111111111111111111111111111111111111111111111111111111111111111111111111111111111111111111111111111111111111111111
11111111111111111111111111111111111111111111111111111111111111111111111111111111111111111111111111111111111111111111111111111111
11111111111111111111111111111111111111111111111111111111111111111111111111111111111111111111111111111111111111111111111111111111
11111111111111111111111111111111111111111111111111111111111111111111111111111111111111111111111111111111111111111111111111111111
11111111111111111111111111111111111111101100111111001110011011111111111111100111111111001111111111111111111111111111111111111111
11111111111111100110111111111111111111101100011111001110011011111111111111100111111111001111111111111111111111111111111111111111
11111111111111100110111111111111111111101100011111001110011011111111111111100111111111001111111111111111111111111111111111111111
11111111111111100110111111111111111111101100011111001110011011111111111111100111111111001111111111111111111111111111111111111111
11111111111111100110111111111111111111101100011111000110011011111111111111100111111111001111111111111111111111111111111111111111
11111111111111100110011111111111111111101100011111000110011011111111111111100111111111001111111111111111111111111111111111111111
11111111111111100110011111111111111111101100011111000110011011111111111111100111111111001111111111111111111111111111111111111111
11111111111111100110011111111111111111101100011111000110011001111111111111100111111111001111111111111111111111111111111111111111
11111111111111100110011111111111111111101100011111000110011001111111111111100111111111001111111111111111111111111111111111111111
11111111111111100110011111111111111111101100011111000110011001111111111111100111111111001111111111111111111111111111111111111111
11111111111111100110011111111111111111101100011111000110011001111111111111100111111111001111111111111111111111111111111111111111
11111111111111100110011111111111111111101100011111000110011001111111111111100111111111001111111111111111111111111111111111111111
11111111111111100111011111111111111111101100011111000110011001111111111111100111111111001111111111111111111111111111111111111111
11111111111111100111011111111111111111101100011111000110011001111111111111100111111111001111111111111111111111111111111111111111
11111111111111100111011111111111111111101100011111000110011001111111101111100111111111001111111111111111111111111111111111111111
11111111111111100111011111111111111111101100011111000110011001111111101111100111111111001111111111111111111111111111111111111111
11111111111111100111011111111111111111101100011111000110011001111111101111100111111111001111111111111111111111111111111111111111
11111111111111100111011111111111111111101100011111000110011001111111101111100110111111001111111111111111111111111111111111111111
11111111111111100111011111111111111111101100011111000110011001111111101111100110111111001111111111111111111111111111111111111111
11111111111111100111011111111111111111101100011111000110011001111111101111100110111111001111111111111111111111111111111111111111
11111111111111100111011111111111111111101100011111000110011001111111101111100110111111001111111111111111111111111111111111111111
11111111111111100111011111111111111111101100011111000110011001111111101111100110111111001111111111111111111111111111111111111111
11111111111111100111011111111111111111101100011111000110011001111111101111100110111111001111111111111111111111111111111111111111
11111111111111100111011111111111111111101100011111000110011001111111101111100110111111001111111111111111111111111111111111111111
11111111111111100111011111111111111111101100011111100110011001111111101111100110111111001111111111111111111111111111111111111111
11111111111111100111011111111111111111101100011111100110011001111110101111100110111111001111111111111111111111111111111111111111
11111111111111100011011111111111111111101100011111000110011001111110101111100110111111001111111111111111111111111111111111111111
11111111111111100011011111111111111111101100011111100110011001111110101111100110111111001111111111111111111111111111111111111111
11111111111111100011011111111111111111100100011111100110011001111110111111100011111111001111111111111111111111111111111111111111
11111111111111100011011111111111111111100100011111100110011001111110111111100010111111001111111111111111111111111111111111111111
11111111111111100011011111111111111111100110011111100110011001111110111111100011111111000101111111111111111011111111111111111111
11111111111111100011011111111111111111100110011111100110001001111110111111100011111111001101111111111111111011111111111111111111
11111111111111100011011111111111111111100110011111100110001101111110111111100011111111001101111111111111111111111111111111111111
11111111111111100011011111111111111111100110011111100110001101111110111111100011111111000101111111111111111111111111111111111111
11111111111111100011011111111111111111100110011111100110001101111110111111100011111111000101111111111111111011111111111111111111
11111111111111100011011111111111111111100110011111100110001101111110111111100011111111000101111111111111111011111111111111111111
11111111111111100011011111111111111111100110011111100110001101111110111111100011111111000101111111111101111011111111111111111111
11111111111111100011011111111111111111100110011111100110001101111110111111100011111111000101111111111101111011111111111111111111
11111111111111100011011111111111111111100110011111100110001101111110111111100011111111000101111111111101111011111111111111111111
11111111111111100011011111111111111111100110011111100110001101111110111111100011111111000101111111111101111011111111111111111111
11111111111111100011011111111111111111100110011111100110001101111010111111100011111111000101111111111101111011111111111111111111
11111111111111110011011111111111111111100110011011100110001101111010111111100011111111000101111111111101111011111111111111111111
11111111111111110011011111111111111111100110011011100110001101111010111111100011111111000101111111111101111111111111111111111111
11111111111111110011011111111111111111100110011011100110001101111010111111100011111111000101111111111101111111111111111111111111
11111111111111110011011111111111111111100110011011100110001101111010111111100011111111000101111111111101111111111111111111111111
11111111111111110011011111111111111111100110011011100110001101111010111111100011111111000101111111111101111111111111111111111111
11111111111111110011011111111111111111100110011011100110001101111010111111100011111111000101111111111101111011111111111111111111
11111111111111110011011111111111111111100110011011100110001101111010111111100011111111000101111111111101111011111111111111111111
11111111111111110011011111111111111111100110011011100110001101111010111111100011111111000101111111111101111011111111111111111111
11111111111111110011011111111111111111100110011011100110001101111010111111100011111111000101111111111101111011111111111111111111
11111111111111110011011111111111111110100110011011100110001101111011111111100011111111000101111111111101111011111111111111111111
11111111111111110011011111111111111110110110011011100110001101111011111111100011111111000101111111111101111011111111111111111111
11111111111111110011001111111111111111110110011011100110001101111011111111100011111111000101111111111101111011111111111111111111
11111111111111110011001111111111111111110110001011100110001101101011111111100011111111000101111111111101111011111111111111111111
11111111111111110011001111111111111111110110001011100110001101101011111111100011111111000101111111111101111011111111111111111111
11111111111111110011001111111111111111110110001111100110001101101011111111100011111111000101111111111101111011111111111111111111
11111111111111110011001111111111111111110110001111100110001101101011111111100011111111000111111111111101111011111111111111111111
11111111111111110011001111111111111111110110001111100110001101101011111111100011111111000101111111111101111011111111111111111111
11111111111111110011001111111111111111110110001111100110001101101011111111100011111111000101111111111101111011111111111111111111
11111111111111110011001111111111111111110110001111100110001101101011111111100011111111000101111111111101111011111111111111111111
11111111111111110011101111111111111111110110001111100110001101101011111111100011111111000101111111111101111011111111111111111111
11111111111111110011101111111111111111110110001111100110001101101011111111100011111111000101111111111101111011111111111111111111
11111111111111110011101111111111111111110110001111100010001101101011111111100011111111000111111111111101111011111111111111111111
11111111111111110011101111111111111111110110001111100010001101101011111111100011111111000101111111111101111011111111111111111111
11111111111111110011101111111111111111110110001111100010001101101011111111100011111111000101111111111101111011111111111111111111
11111111111111110011101111111111111111110110001111100010001101101011111111100011111111000101111111111101101011111111111111111111
11111111111111110011101111111111111111110110001111100010001101101011111111100011111111000101111111111101111011111111111111111111
11111111111111110011101111111111111111110110001111100010001101101011111111100011111111000101111111111101111011111110111111111111
11111111111111110011101111111111111111110110001111100010001101101011111111100011111111000101111111111101111011111110111111111111
11111111111111110011101111111111111111110110001111100010001100101011111111100011111111000111111111111101101011111111111111111111
11111111111111110001101111111111111111110110001111100010001100101011111111100011111111000111111111111101101011111111111111111111
11111111111111110001101111111111111111110110001111100011001101101011111111100011111111000101111111111101101011111111111111111111
11111111111111110001101111111111111111110110001111100011001100101011111111100011111111000111111111111101111011111111111111111111
11111111111111110001101111111111111111110010001111100010001100101011111111100011111111000111111111111101111011111111111111111111
11111111111111110001101111111111111111110010001111100010001100101111111111100011111111000111111111111101111011111111111111111111
11111111111111110001101111111111111111110010001111100011001100101111111111100011111111000111111111111101111011111111111111111111
11111111111111110001101111111111111111110010001111100011001100101111111111100011111111000101111111111101111011111111111111111111
11111111111111110001101111111111111111110010001111100011001100101111111111100011111111000111111111111101101011111111111111111111
11111111111111110001101111111111111111110010001111100011001100101111111111100011111011000111111111111101111011111011111111111111
11111111111111110001101111111111111111110010001111100011001100101111111111100011111011000111111111111101101011111111111111111111
11111111111111110001101111111111111111110010001111100011001100101111111111100011111111000111111111111101111011111111111111111111
11111111111111110001101111111111101111110010001111100011001100101111111111110011111111000111111111111101111011111111111111111111
11111111111111110001101111111111111111110010001111100011001100101111111111110011111011000111111111111101101011111111111111111111
11111111111111110001101111111111111111110010001111100011001100101111111111100011111011000111111111111101111011111111111111111111
11111111111111110001101111111111111111110010001111100011001100101111111111110011111011000111111111111101111011111111111111111111
11111111111111110001101111111111111111110010001111100011001100101111111111110011111011000111111111111101111011111110111111111111
11111111111111110001101111111111111111110010001111100011001100101111111111110011111011000111111111111101101011111001111111111111
11111111111111110001101111111111111111110010001111100011001100101111111111110011111011000101111111111101101011111001111111111111
11111111111111111001101111111111111111110010001111100011001100101111111111110011111011000101111111111101101011111111111111111111
11111111111111111001101111111111111111110010001111100011001100101111111111110011111011000111111111111101101011111111111111111111
11111111111111111001101111111111111111110010001111100011001100111111111111110011111011000111111111111101101011111111111111111111
11111111111111111001101111111111111111110010001111100011000100111111111111110011111011000111111111111101101011111000111111111111
11111111111111011001101111111111111111110010001101100011001100111111111111110011111011000111111111111101101011111011111111111111
11111111111111011001101111111111111111110010001101100011001100111111110111110011111011000111111111111101101011111011111111111111
11111111111111011001101111111111111111110010001101100011000100111111110111110011111011000111111111111111111111111110111111111111
11111111111111011001101111111111111111110010001101100011000100111111111111111111111111111111111111111111111111111001111111111111
11111111111111011001101111111111111111110010001111110011011111111111111111111111111111111111111111110001111110111001110111111111
11111111111111111001100111111111111111111111111111111111111111111111111111111111111110001111111011111111111101111001111111111111
11111111111111111111111111111111111111111111111111111111111111111111111111111111011111111111111111111101111101111000111111111111
11111111111111111111111111111111111111111111111110111111111011111111111111111111111111111111111111111111111000111000111110111111
11111111111111111111111111111111111101111011011111110111111011111111111111111111111110011111111111111011111011011111111111111111
11111111111111111111111111111111111111111011011111110111111111111111110011111011111111111111111111111111111111011111111011111111
11111111111111111111111111111111111111111111111101110111110111111111111111111100011111111111101111111111111111011111111111111111
11111111111111111111111111111111111111111100111101110111111111111111101110111111111111111111101111111111111011111111111111111111
11111111111101111111111111111111111111111011011101110111111111111111101110111110111111101111111111111111111111111111111111111111
11111111111111111111111111111111111111111111111111110111101111111111111111111111111110111111111111111111111111111111111111111111
11111011111111111111111111111111111111111111111111111111101111111111111011111111111111111111111111111111111111111111111111111111
11111111111111111111111111111111111111111011111110001111111111111111111111111111111111111111111111111111111111111111111111111111
11111111111111111111111111111111111111111111111111111111111111111111111111111111111111111111111111111111111111111111111111111111
11111111111111111111111111111111111111111111111111111111111111111111111111111111111111111111111111111111111111111111111111111111
11111111111111111111111111111111111111111111111111111111111111111111111111111111111111111111111111111111111111111111111111111111
11111111111111111111111111111111111111111111111111111111111111111111111111111111111111111111111111111111111111111111111111111111
11111111111111111111111111111111111111111111111111111111111111111111111111111111111111111111111111111111111111111111111111111111
11111111111111111111111111111111111111111111111111111111111111111111111111111111111111111111111111111111111111111111111111111111