11111111111111111111111111111111111111111111111111111111111111111111111111111111111111111111111111111111111111111111111111111111
11111111111111111111111111111111111111111111111111111111111111111111111111111111111111111111111111111111111111111111111111111111
11111111111111111111111111111111111111111111111111111111111111111111111111111111111111111111111111111111111111111111111111111111
11111111111111111111111111111111111111111111111111111111111111111111111111111111111111111111111111111111111111111111111111111111
11111111111101111111111111111111111111111111111111111111111111111111111111111111111111111111111111111111111111111111111111111111
11111111111101111111110111111011111111111111111111111011111111111111111111110011110011111111111111111111111111111111111111111111
11111111111101111111111111111011111111111111111111110111111111111111111111111111111011111111111101111111111111111111111111111111
11111111111111111111110111111001111111111111111111111111111111011111111111111101111011111111111111111111111111111111111111111111
11111111111111111101110000111000011111111111100001111111111111111111100011111101111011111111111111111111111111110111111111111111
11111111111101111110110111111111011111111111111111111011111111011111111111111101111101111111111111111111110111111111111111111111
11111111111101111110110111111111011111111111111111111111111111111111111111111111111101100011111111111111111111111101111111111111
11111111111101111101110111111111111111111111111111111111111111111111111111111111111111111111111111111111111111111101111111111111
11111111111111111111111111111111111111111111111111111111111111111111111111110011110111111111111111111111111111111111111111111111
11111111111111111111111111111111111111111111111111111111111111111111111111111111111111111111111111111111111111111111111111111111
11111111111111111111111111111111111111111111111111111111111111111111111111111111111111111111111111111111111111111111111111111111
11111111111111111111111111111111111111111111111111111111111111111111111111111111111111111111111111111111111111111111111111111111
11111111111111111111111111111111111111111111111111111111111111111111111111111111111111111111111111111111111111111111111111111111
11111111111111111111111111111111111111111111111111111111111111111111111111111111111111111111111111111111111111111111111111111111
11111111111111111111111111111111111111111111111111111111111111111111111111111111111111111111111111111111111111111111111111111111
11111111111111111111111111111111111111111111111111111111111111111111111111111111111111111111111111111111111111111111111111111111
11111111111110001101111111111111111111101111101110011111011110111100111011111111111100111111110111111101111111111111111111111111
11111111111110001101111111111111111111101111101110011111011110111100111011111110111100111111111111111101111111011111111111111111
11111111111110001101111111111111111111101111101110011111011110111100111111111111111100111111111111111101111111011111111111111111
11111111111110001101111111111111111111101111101110011111011110111100111111111111111100111111111111111101111111011111111111111111
11111111111111001101111111111111111111101110101110011111011110101100111111111111111100111111110111111101111111011111111111111111
11111111111111001101111111111111111111101110101110011111011110101100111111111111111100111111111111111101111111011111111111111111
11111111111011001101111111111111111111101110101110011111011110111100111011111111111100111111111111111101111111011111111111111111
11111111111011001101111111111111111111101110101110011111011110101100111111111110111100111111111111111101111111011111111111111111
11111111111011001101111111111111111111101111111110011111011110111100111011111110111100111111111111111111111111011111111111111111
11111111111011001101111111111111111111101110111110011111011110111100111111111110111100111111111111111111111111011111111111111111
11111111111011001100111111111111111111101110111110011111011110101100111111111110111100111111110111111101111111011111111111111111
11111111111011001100111111111111111111101110101110011111011110111100111111111110111100111111111111111111111111111111111111111111
11111111111011001101111111111111111111101110101110011111011110111100111111111111111100111111111111111101111111111111111111111111
11111111111011001101111111111111111111101110101110011111011110111100111111111110111100111111111111111101111111011111111111111111
11111111111011001100111111101111111011101111101110011111011110111100111111111110111100111111111111111111111111011111111111111111
11111111111111001100111111101111111011101110101110011111011110111100111111111110111100111111111111111111111111111111111111111111
11111111111111001100111111101111111011101111111110011111011110111100111111111110111100111111111111111111111111111111111111111111
11111111111111001100111111101111111011101110111110011111011110111100111111111110111100111111111111111111111111011111111111111111
11111111111111001100111111101111111111101111111110011111011110111100111111111110111100111111111111111111111111011111111111111111
11111111111111001100111111101111111011101110111110011111011110111100111111111110111100111111111111111101111111011111111111111111
11111111101111001100111111101111111011101110111110011111011110111100111011111110111100111111111111111111101111111111111111111111
11111111101111001100111111101111111011101110111110011111011110111100111111111110111100111111111111111111111111111011111111111111
11111111101111001100111111101111111011101110111110011111011110111100111011111110111100111111111111111111101111111011111111111111
11111111101111001100111111101111111011101110111110011111011110101100111111111110111100111111111111111111111111111011111111111111
11111111101111001100111111101111111011101110111110011111011111111100111111111110111100111111111111111111101111011011111111111111
11111111101111001100111111101111111011101110111110011111011110111100111011111110111100111111111111111111101111111011111111111111
11111111101111001110111111101111111011101110111110011111011110111100111011111110111100111011111110111111101111111011111111111111
11111111101111001110111111101111111011101110111110011111011110111100111011111110111100111111111110111111101111111011111111111111
11111111101111001100111111101111111011101110111110011111011110111100111111111110111100111111111110111111101111111010111111111111
11111111111111001110111111101111111011101110111110011111011110111100111111111110111100111111111111111111101111111010111111111111
11111111111111001110111111101111111011101110111110011111011110111100111111111110111100111111111111111111101111111010111111111111
11111111111111000110111111111111111011101110111110011111011110111100111011111110111100111011111110111111101111111010111111111111
11111111111111001110111111101111111011101110111110011111011110111100111011111110111100111011111110111111111111111011111111111111
11111111111111000100111111111111111011101110111110011111011110111100111111111110111100111011111110111111111111111011111111111111
11111111111111001110111111111111111011101110111110011111011110111100111011111110111100111111111110111111101111111011111111111111
11111111111111000110111111111111111011101110111110011111011110111100111011111110111100111111111110111111101111111010111111111111
11111111111111001110111111111111111011101110111110011111011110111100111011111110111100111111111110111111101111111010111111111111
11111111111111001110111111111111111011101110101110011111011110111100111111111110111100111111111110111111101111111010111111111111
11111111111111000110111111111111111011101110111110011111011110101100111011111110111100111111111110111111101111111010111111111111
11111111111111000110111111111111111011101110111110011111011110101100111111111110111100111111111110111111101111111010111111111111
11111111111111000110111111111111111011101111111110011111011010111100111011111110111100111111111110111111101111111010111111111111
11111111111111000110111101111111111011101111111110011111011110111100111011111110111100111011111110111111101111111010111111111111
11111111111111000110111111111111111011101110111110001111011110111100111011111110111100111011111110111111101111111010111111111111
11111111111111000110111101111111111111101110111110011111011111111100111011111110111100111111111110111111101111111010111111111111
11111111111111000110111101111111111111101111111110011111011111111100111111111110111100111111111110111111101111111010111111111111
11111111111111000110111101111111111111101111101110011111011110111100111011111110111100111011111110111111101111111010111111111111
11111111111111000110111101111111111111101110111110001111011110111100111111111110111100111011111110111111101111111010111111111111
11111111111111000110111101111111111011101110111110001111011110101100111011111110111100111011111110111111101111111010111111111111
11111111111111000110111101111111111011101110111110001111011110101100111011111110111100111011111110111111101111111010111111111111
11111111111111000110111101111111111011101110111110001111011110111100111111111110111100111011111110111111101111111010111111111111
11111111111111000110111101111111111011101110111110001111011110111100111011111110111100111011111110111111101111111010111111111111
11111111111111000110111101111111111111101110111110001111011110101100111011111110101100111011111110111111101111111010111111111111
11111111111111000110111101111111111011101110111110001111011110111100111111111110101100111011111110111111101111111010111111111111
11111111111111000110111101111111111011101110111110001111011110101100111111111110101100111011111110111111101111111010111111111111
11111111111111000110111101111111111011101110111110001111011110101100111011111110101100111011111110111111101111111010111111111111
11111111111111000110111101111111111111101110111110001111011110101100111011111110111100111011111110111111101111111010111111111111
11111111111111000110111101111111111011101110101110001111011010101100111011111110111100111011111110111111101111111010111111111111
11111111111101000110111101111111111111101110111110001111011110101100111011111110111100111011111110111111101111111010111111111111
11111111111101000110111101111111111111101110111110001111011110101100111011111110101100111011111110111111101111111010111111111111
11111111111101000110111101111111111011101110111110001111011110101100111011111110101100111011111110111111101111111010111111111111
11111111111101100110111101111111111111101110111110001111011010101100111011111110101100111011111110111111101111111010111111111111
11111111111101000110111101111110111111101110111110001111011010101100111011111110111100111011111110111111101111111010111111111111
11111111111101000110111101111110111111101110111110001111011110101100111111111110111100111011111110111111101111111010111111111111
11111111111101100110111101111110111111101110111110001111011010111100111110111110101100111011111110111111101111111010111111111111
11111111111101000110111101111110111111101110111110001111011010111100111010111110101100111011111110111111101110111010111111111111
11111111111101100110111101111111111111101110111110001111011110101100111010111110101100111011111110111111101111111010111111111111
11111111111101100110111101111110111111100110111110001111011110101100111011111110111100111011111110111111101111111010111111111111
11111111111101100110111101111110111111100110111110001111011010101100111011111110101100111011111110111111101111111000111111111111
11111111111101100110011111111110111111100110101110001111011110111100111011111110101100111011111110111111101111111010111111111111
11111111110101100110111111111110111111100110111110001111011110111100111010111110101100111011111110111111101110111010111111111111
11111111111101100110111111111110111111100110101110001111011010101100111010111110101100111011111110111111101111111110111111111111
11111111110101100110011101111110111111101110111110001111011110111100111011111110101100111011111110111111101111111110111111111111
11111111110101100110111101111110111111100111111110001111011010101100111011111110101100111011111110111111101111111010111111111111
11111111111101100110011111111110111111100110101110001111011010111100111011111110101100111011111110111111101110111110111111111111
11111111110111100110011111111110111111100110111110001111011010101100111011111110101100111011111110111111101111111010111111111111
11111111110111100110011111111110111111100110111110001111011010101100111010111110101100111011111110111111101111111010111111111111
11111111110101100110011111111110111111100110111110001111011110101100111011111110101100111011111110111111101110111010111111111111
11111111110111100110011111111110111111100110111110001111011010101100111011111110101100111011111110111111101110111010111111111111
11111111110101100110011111111110111111100110111110001111011110111100111011111110101100111011111110111111101110111010111111111111
11111111110111100110011111111110111111100111111110001111011110101100111011111110101100111011111110111111101110111110111111111111
11111111110111100110011111111110111111100110111110001111011110101100111011111110101100111011111110111111101110111000111111111111
11111111110111100110011111111110111111100110111110001111011110111100111011111110101100111011111110111111101110111000111111111111
11111111110111100110011111111110111111100110111110001111011110111100011011111110101100111011111110111111101110111000111111111111
11111111110111100110011111111110111111100111111110001111011010111100011011111110101100111011111110111111101110111010111111111111
11111111110111100110011111111110111111100110111110001111011010101100111010111110101100111011111110111111101110111110111111111111
11111111110111100110011111111110111111100111111110001111011110101100111011111111101100111011111110111111101110111010111111111111
11111111111111100110011111111110111111100110111110001111011010101100111010111111101100111011111110111111101110111110111111111111
11111111111111100110011111111110111111100111111110001111011010111100111010111110101100111011111110111111101110111010111111111111
11111111110111100110011111111110111111100110001110001111011010101100111010111110101100111011111110111111101110111110111111111111
11111111111111100110011111111110111111100111111110001111011010111100111011111110101100111111111110111111101110111110111111111111
11111111111111111111111111111111111111111111111111111111111110111100111111111110101100111011111110111111101110111010111111111111
11111111111111111111111111111111111111111111111111111111111110111111111111111111111111111111111111111111111111111110111111111111
11111111111111111111011111111110000011111111111000011110001110101111001111100001111111111111111111111111111111111111111111111111
11111111111111111111111111111111111011111001110111111101111110111111111111111011111111111100000111000001100000111011111111111111
11111101111111111110111111111111111111111101110111111101110110101111111111111011111011111111101111111011111110111110111011111111
11111101111111111111111101101111111111111101110111111111110110111101111111111011111011111111111111110111111101111111111111111111
11101011111111111111111110011111101111111111110111101111111110111101111011110011111111111111011111111111111011111111111111011111
11111011111111111111111111111111111111111111110111111111111110111101111011111101110110111110111111101111111011111111111111111111
11111111111111111111111111110111111111111101110111111111111111111101111011111101110110111110111111111111110111111111111111110111
11111111111111111011111111110111011111111101110111111111110111111101111011111101110000111111111111111111110111111111111111111111
11111111111111111011111101111111011111111101110111111101110111111111111011111101111110111111111111011111110111111111111111111111
11111111111111111111111111111111111111111101111000111111101111111110110111011011111110111101111111011111110111111111111101111111
11111111111111111111111111111111111111111111111111111111111111111111111111111111111111111111111111111111111111111111111111111111
11111111111111111111111111111111111111111111111111111111111111111111111111111111111111111111111111111111111111111111111111111111
11111111111111111111111111111111111111111111111111111111111111111111111111111111111111111111111111111111111111111111111111111111
11111111111111111111111111111111111111111111111111111111111111111111111111111111111111111111111111111111111111111111111111111111
11111111111111111111111111111111111111111111111111111111111111111111111111111111111111111111111111111111111111111111111111111111
11111111111111111111111111111111111111111111111111111111111111111111111111111111111111111111111111111111111111111111111111111111