11111111111111111111111111111111111111111111111111111111111111111111111111111111111111111111111111111111111111111111111111111111
11111111111111111111111111111111111111111111111111111111111111111111111111111111111111111111111111111111111111111111111111111111
11111111111111111111111111111111111111111111111111111111111111111111111111111111111111111111111111111111111111111111111111111111
11111111111111111111111111111111111111111111111111111111111111111111111111111111111111111111111111111111111111111111111111111111
11111111111111111111111111111111111111111111111111111111111111111111111111111111111111111111111111111111111111111111111111111111
11111111111111111111101111111111111111111111111111111111111111111111111111111111111111111111111111111111111111111111111111111111
11111111111111111111111111111111111111111111111111111111111111111111111111111111111111111111111111111111111111111111111111111111
11111111111111111111111111111111111111111111111111111111111111111111111111111111111111111111111111111111111111111111111111111111
11111111111111111111111111111111110111111111111111011111111111111111111111111111111111111111111111111111111111111111111111111111
11111111111111111111111011111111111111111111111111111111111111111111111111111111111111111111111111111111111111111111111111111111
11111111111111111111111111111111111111111111111111111111111111111111111111111111111111111000111101111111111111111111111111111111
11111111111111111111111111111111111111111111111111111111111111111111111111111111111111111111111111111111111111111111111111110111
11111111111111111111111111111111111111111111111111111111111111111111111111111111111111111111111111111111111101111111111111111111
11111111111111111111111111111111111111111111111111111111111111111111111111111111111111111111111111111111111111111111111111111111
11111111111110110011011111111111111111111111111111111111111111111111111111111111111111111111111111111111111111111111111111111111
11111111111110110011011111111111111111111111111111111111111111111111111111111111111111111111111111111111111111111111111111111111
11111111111111110011011111111111111111101111111011100111111011111111111111111111111111111111111111111111111111111111111111111111
11111111111111110011011111111111111111101111111011100111111001111111111111111111111111111111111111111111111111111111111111111111
11111111111111110011011111111111111111101111111011100111111011111111111111111111111111111110011111101111111111111111111111111111
11111111111111110011011110111111111111101111111011100111111011111111111111111101111111111110011011100111111111000111111111111111
11111111111111100011011110111111111111101111111011101111111011111111111111111101111111101110011011100110111111000111111111111111
11111111111111100011011111111111111111101111011011101111111011111111111111111111111111101110011011100110111111000111111111111111
11111111111111100011011111111111111111101111011011101111111011111111111111111111111111101110011011100110111111000111111111111111
11111111111111100011011111111111111111101111011011101111111011011111111111111111111111101110011011100110111111000111111111111111
11111111111111100011011111111111111111101111011011101111111011011111111111111111111111101110011011100111111111000111111111111111
11111111111111100011011111111111111111101111111011101101111011111111111111111111111111111110011111100111111111000111111111111111
11111111111111100011011111111111111101101111111011101101111011111111111111111111111111111110011111100111111111000111111111111111
11111111111111100011011111111111111101101111111011101101111011111111111111111111111111111110011111100111111111001101111111111111
11111111111111100011011111111111111101101111111011101101111011111111111101111111111111111110011111100111111111001101111111111111
11111111111111100111011111111111111111101111110011101111111011110111111101111111111111111110011111100111111111001101111111111111
11111111111111100111011111110111111111101111110011101111111011110111111111111111111111111110011111000111110111001101111111111111
11111111111111100111011111110111111111101111110011101111111011110111111111111111111111111110011111000111110111001101111111111111
11111111111111100111011111110111111111101111110011101111111011111111111111111111111111111100011111000111110111001101111111111111
11111111111111100111011111110111111111101111110011101111111011111111111111011111110111111100011111000111110111001101111111111111
11111111111111100110011111111111111111001111110011101111111011111111111111011111110111111100011111000111111111001101111111111111
11111111110111100110011111111111111111001111110011101111111011111111111111011111111111111100011111000111111111001111011111111111
11111111110111100110011111111111111111001111110111101111111011111111111111011111111111111100011111000111111111001111011111111111
11111111110111100110011111111111111111001111110111101111111011111101111111011111111111111100011111000111111111001111011111111111
11111111110111100110011111111111111111001111110111101111111011111101111111111111111111111100011111000111111111001111011111111111
11111111111111100110011111111111111111011111110111101111111011111101111111111111111111111100011111000111111110001111011111111111
11111111111111100110111111111111111111011111110111101111110011111111111111111111111111111100011111000111111110001111111111111111
11111111111111100110111111111111111111011111110111101111110011111111111111111111111111111100011111000111111110001111111111111111
11111111111111100110111111111110111111011111110111101111110011111111111111111111111111111100011111000111111110001111111111111111
11111111111101100110111111111110111111011111110111101111110011111111111111111111111111111100110111001101111110001111111111111111
11111111111101100110111111111110111111011111110111101111110111111111111111111111111111111100110111001101111110001111111111111111
11111111111101100110111111111111111111011111110111001111110111111111111111111011111111111100110111001101111110001111111111111111
11111111111111100110111111111111111111011111110111001111110111111111111111111011111111011100110111001101111110001111111111111111
11111111111111100110111111111111111111011111110111001111110111111111111111111011111111011100110111001101111110001111111111111111
11111111111111100110111111111111111111011111110111001111110111111111111111111111111111011100110111001101111110001111111111111111
11111111111111100110111101111111111111011111110111001111110111111111111111111111111111111100110111001111111110001111111111111111
11111111111111100110111101111111111111011111110111011111110111111111111111111111111111111100111111001111111110001011111111111111
11111111111111100110111101111111111111011110110111011111110110111111111111111111111111111100111111001111111110011011111111111111
11111111111111000110111101111111111111011110110111011111110110111111111111111111111111111100111111001111111110011011111111111111
11111111111111000110111111111111111111011110110111011111110111111111111111111111111111111100111111001111101110011011111111111111
11111111111111000110111111111111111111011111110111011011110111111111111111111111111111111100111110001111101110011011111111111111
11111111111111000110111111111111111111011111110111011011110111111111111011111111111111111100111110001111101110011011111111111111
11111111111111000110111111111111111111011111110111011011110111111111111011111111111111111100111110001111101110011010111111111111
11111111111111000110111111111111111011011111110111011011110111111111111011111111101111111000111110001111101110011110111111111111
11111111111111000110111111111111111011011111110111011011110111101111111111111111101111111000111110001111111110011110111111111110
11111111111111000110111111111111111111011111100111011111110111101111111111111111101111111000111110001111111110011110111111111110
11111111111111000110111111111111111111011111100111011111110111111111111111111111101111111000111110001111111110011110111111111110
11111111111111001110111111101111111111011111100111011111110111111111111110111111101111111000111110001111111100011110111111111110
11111111111111001110111111101111111111011111100111011111110111111111111110111111111111111000111110001111111100011111111111111110
11111111111111001110111111101111111111011111100111011111110111111111111110111111111111111000111110001111111100011111111111111110
11111111111111001110111111101111111110011111100111011111110111111011111110111111111111111000111110001111111100011111111111111110
11111111111111001110111111111111111110011111100111011111110111111011111111111111111111111000111110011011111100011111111111111110
11111111111111001100111111111111111110011111101111011111110111111011111111111111111111111000111110011011111100011111111111111110
11111111111111001100111111111111111110011111101111011111110111111111111111111111111111111000101110011011111100011111111111111110
11111111111111001100111111111111111110011111101111011111110111111111111111111111111111111000101110011011111100011111111111111110
11111111101111001100111111111111111110111111101111011111100111111111111111111111111111111000101110011011111100011111111111111100
11111111101111001100111111111111111110111111101111011111100111111111111111111111111111111001101110011011111100011111111111111100
11111111101111001100111111111111111110111111101111011111100111111111111111111111111111111001101110011011111100010111111111111100
11111111111111001101111111111101111110111111101111011111101111111111111111110111111110111001101110011011111100010111111111111100
11111111111111001101111111111101111110111111101111011111101111111111111111110111111110111001101110011111111100110111111111111100
11111111111111001101111111111101111110111111101110011111101111111111111111110111111110111001111110011111111100110111111111111111
11111111111011001101111111111101111110111111101110011111101111111111111111111111111111111001111110011111011100110111111111111111
11111111111011001101111111111111111110111111101110011111101111111111111111111111111111111001111110011111011100110111111111111111
11111111111011001101111111111111111110111111101110011111101101111111111111111111111111111001111110011111011100110101111111111111
11111111111011001101111111111111111110111111101110011111101101111111111111111111111111111001111100011111011100110101111111111111
11111111111111001101111111111111111110111111101110111111101101111111111111111111111111111001111100011111011100110101111111111111
11111111111111001101111111111111111110111111101110111111101101111111111111111111111111111001111100011111011100111101111111111111
11111111111111001101111111111111111110111101101110111111101101111111111111111111111111110001111100011111111100111101111111111111
11111111111110001101111011111111111110111101101110111111101111111111111111111111111111110001111100011111111100111101111111111111
11111111111110001101111011111111111110111101101110110111101111111111110111111111111111110001111100011111111100111101111111111111
11111111111110001101111011111111111110111111101110110111101111111111110111111111011111110001111100011111111100111101111111111111
11111111111110001101111111111111111110111111101110110111101111111111111111111111011111110001111100011111111000111111111111111111
11111111111110001101111111111111111110111111101110111111101111011111111111111111011111110001111100111111111000111111111111111111
11111111111110001101111111111111110110111111101110111111101111011111111101111111011111110001111100111111111000111111111111111111
11111111111110001101111111111111110110111111001110111111101111011111111101111111011111110001111100111111111000111111111111111111
11111111111110001101111111111111110110111111001110111111101111111111111101111111111111110001111100110111111000111111111111111111
11111111111110001101111111111111110110111111001110111111101111111111111111111111111111110011111100110111111000111111111111111111
11111111111110001101111111111111110110111111001110111111101111110111111111111111111111110011111100110111111000111111111111111111
11111111111110001101111111011111111110111111001110111111101111110111111111111111111111110011011100110111111000111111111111111111
11111111111110001101111111011111111100111111001110111111101111110111111111111111111111110011011100110111111000111111111111111111
11111111111110011101111111011111111100111111011110111111101111110111111111111111111111110011011100110111111000111111111111111111
11111111111110011101111111011111111100111111011110111111101111111111111111111111111111110011011100111111111001111111111111111111
11111111111110011101111111011111111100111111011110111111101111111111111111111111111111110011111100111111111001111111111111111111
11111111111110011001111111111111111100111111011110111111001111111111111111101111111101110011111100111111111001111111111111111111
11111111111110011001111111111111111100111111011110111111001111111111111111101111111101110011111100111111111001101111111111111111
11111111111110011001111111111111111100111111011110111111001111111111111111101111111111110011111100111111111001101111111111111111
11111111111110011001111111111111111101111111011110111111001111111111111111101111111111110011111100111110111001101111111111111111
11111111011110011001111111111111111101111111011110111111011111111111111111111111111111110011111100111110111001101111111111111111
11111111011110011001111111111111111101111111011110111111011111111111111111111111111111110011111100111110111001101111111111111111
11111111011110011001111111111011111101111111011100111111011111111111111111111111111111110011111000111110111001111111111111111111
11111111011110011011111111111011111101111111011100111111011011111111111111111111111111100011111000111110111001111011111111111111
11111111011110011011111111111011111101111111011100111111011011111111111111111111111111100011111000111111111001111011111111111111
11111111111110011011111111111011111101111111011100111111011011111111111111111111111111100011111000111111111001111011111111111111
11111111111110011011111111111111111101111111011100111111011011111111111111111111111111100011111000111111111001111011111111111111
11111111110111111111111111111111111101111111011100111111011011111111101111111111111111100011111000111111111001111011111111111111
11111111110111111111111111111111111101111111011100111111011011111111101111111110111111100011111000111111110001111111111111111111
11111111110111111111111111111111111111111111111111111111011111111111101111111110111111100011111000111111110001111111111111111111
11111111110111111111111111111111111111111111111111111111111111111111111111111110111111100011111000111111110001111111111111111111
11111111110111101111111111111111111111111111111111111111111110111111111111111111111111110011111000111111110001111111111111111111
11111111111111111111111111111100111111111111111111111111111110111111111111111111111111111111111111111111110001111111111111111111
11111111111111111111111111111111011111111111111111111111111110111111111111111111111111111111111111111111111111111111111111111111
11111111111111111111111111111111111111111111111111111111111110111101111111111111111111111111111111111111111111111111111111111111
11101111111111111111110011111111111111111111111111111111111110111111011111111111110111111111111111111111111111111111111111111111
11111111111111111111111111111111111111111111111111111111111111111111111111111111111111111111111110111111111111111111111111111111
11111111111111111111111111111111111111111111111111111111111111111110111111111111111111111111111111111111111111111111111111111111
11111111111111111111111111111111111111111111111111110111111111111111111111111111111111110111111111111111111111111111111111111111
11111111111111111111111111111111111111111111111111111111111111111111111111111111111111111111111111111111111111111111111111111111
11111111111111111111111111111111111111111111111111111111111111111111111111111111111111111101111111111111111111111111111111111111
11111111111111111111111111111111111111111111111111111111111111111111111111111111111111111101111111111111110111111111111101111111
11111111111111111111111111111111111111111111111111111111111111111111111111111111111111111111111111111111110111111111111011111111
11111111111111111111111111111111111111111111111111111111111111111111111111111111111111111111111111111111111111111111111111111111
11111111111111111111111111111111111111111111111111111111111111111111111111111111111111111111111111111111111111111111111111111110
11111111111111111111111111111111111111111111111111111111111111111111111111111111111111111111111111111111111111111111111111111110
11111111111111111111111111111111111111111111111111111111111111111111111111111111111111111111111111111111111111111111111111111110