11111111111111111111111111111111111111111111111111111111111111111111111111111111111111111111111111111111111111111111111111111111
11111111111111111111111111111111111111111111111111111111111111111111111111111111111111111111111111111111111111111111111111111111
11111111111111111111111111111111111111111111111111111111111111111111111111111111111111111111111111111111111111111111111111111111
11111111111111111111111111111111111111111111111111111111111111111111111111111111111111111111111111111111111111111111111111111111
11111111111111111111111111111111111111111111111111111111111111111111111111111111111111111111111111111111111111111111111111111111
11111111111111111111111111111111111111111111111111111111111111111111111111111111111111111111111111111111111111111111001111111111
11111111111111111111111111111111111111111111111111111111111111111111111111111111111111111111111111111111111111111111100111111111
11111111111111111111111111111111111111111111111111111111111111111111111111111111111111111111111111111011110111111111101111111111
11111111111111111111111111111111011111111111111111111111111111111111111111111111111111111111111111110011110111100111101111111111
11111111111111111111111111111111111111111111111111111111111111111111111111111111111111111111111111110001110111101111111111111111
11111111111111101111101111111111111111111110111111111111111011111111111111011111011111111110111111110001110011111111011111111111
11111111111111101011100111111111101111111111111111111111111111111111111111101111111111111111111111110001111011111111111111111111
11111111111111101111111111111111111111111101111111111111111111111111111111111111111111111111111111111011111111111111111111111111
11111111111101101111111111111111111111111111111111111111111111111111111111111111111111111111111111111111111111111111111111111111
11111111111111111111111111111111111111111111111111111111111111111111111111111111111111111111111111111111111111111111111111111111
11111111111111111111111111111111111111111111111111111111111111111111111111111111111111111111111111111111111111111111111111111111
11111111111111111111111111111111111111111111111111111111111111111111111111111111111111111111111110111111101100011111111111111111
11111111111111111111111111111111111111111111111111101111110011111110001110000111000011100111110000110111101100011111111111111111
11111111111111111110111111111111111111110111111111000111110010101000001100000111000011100111110000110111101100011111111111111111
11111111111111001100010011111111111111110111100111000101110010100000001100000111000011100111110000110111101100011111111111111111
11111111111111000100010011111111111111110111100111000101110010101000001110000111000011100111110000010111101100011111111111111111
11111111111111000100010011111111111111110111100111000111110010101000001110000111000011100111110000010011101100011111111111111111
11111111111111001100010011111111111111110111100111000111110000101000001110000111000011100111110000010011101100011111111111111111
11111111111111001100010011111111111111110111100111000111110000101000001110000111000011100111110000010011101100011111111111111111
11111111111111000000010011111111111111110111100111000111110000000000001110000111000011100111110000011011101100011111111111111111
11111111111111000000010011111111111111110111100011000111110000000000001110000111000011100111110000011011101100011111111111111111
11111111111111000000010011111111111111110111110011000111110000000000001110000111000011100111110000011011101100011111111111111111
11111111111111000000010011111111111111110111110011000111110000000000001110000111000011100111110000011011101100011111111111111111
11111111111111000000010011111111111111110111110011000111110000000000001110000111000011100111110000011011101100011111111111111111
11111111111111000000010011111111110111010111110011000111110000000000001110000111000011100111110000011011101100011111111111111111
11111111111111000100010011111111110111010111110011000111110000000000001110000111000011100111110000011011101100011111111111111111
11111111111111001100010011111111110111010111110011000111110000000000001110000111000011100111110000011011101100011111111111111111
11111111111111000100010011111111110111010111110011000111110000000000001110000111000011100111110000011011101100011111111111111111
11111111111111000000010011111111110111010111110011000111110000000000001110000111000011100111110000011011101100011111111111111111
11111111111111000000011011111111110111010111110011000111110000000000001110000111000011100111110000011011101100011111111111111111
11111111111111000000011011111111110111010111110011000111110000000000001110000111000011100111110000011011101100011111111111111111
11111111111111000000011011111111110111010111110011000111110000000000001110000111000011100111110000011011101100011111111111111111
11111111111111000000011011111111110111010111110011000111110010000000001110000111000011100111110000011011101100011111111111111111
11111111111111000000011011111111110111010111110011000111110011000000001110000011000011100111110000011011101100001111111111111111
11111111111111000000011011111111110111010111110011000111110011000000001110000011000011100111110000011011101100001111111111111111
11111111111111000110011011111111110111010111110011000111110011000000001110000011000011100111110000011011101100001111111111111111
11111111111111000000011011111111110111010111110011000111110011000000001110000011000011100111110000011011101100001111111111111111
11111111111111000110011011111111110111010111110011000111110011000000001110000011000011100011110000011011101100001111111111111111
11111111111111000110011011111111110111010111110011000111110000000000001110000011000011100011110000011011101100001111111111111111
11111111111111000110011011111111110111010111110011000111110000000000001110000011000011100011110000011011101100001111111111111111
11111111111111000110011011111111110111010011110011000111111000000000001110000011000011100011110000011011101100001111111111111111
11111111111111000110011011111111110111010011110011000111111000000000001110000011000011100011110000011011101100001111111111111111
11111111111111000110011011111111110111010011110011000111111000000000001110000011000011100011111000011011101100001111111111111111
11111111111111000110011011111111110111010011110011000111111000000000001110000011000011100011111000011011101100001111111111111111
11111111111111000110011011111111110111010011110011000111111000000000001110000011000011100011111000011011101100001111111111111111
11111111111111000110011011111111110111010011110011000111111000000000001110000011000011100011111000011011100100001111111111111111
11111111111111000110011011111111110111010011110011000111111000000000001110000011000011100011111000011011110100001111111111111111
11111111111111000110011011111111110111010011110011000111111000000000001110000011000011100011111000011001110100001111111111111111
11111111111111000110011011111111110111010011110011000111111000000000001110000011000011100011111000011001110100001111111111111111
11111111111111000110011011111111110111010011110011000111111000000000001110000011000011100011111000011001110100001111111111111111
11111111111111000110011011111111110111010011110011000111111000000000001110000011000011100011111000011001110110001111111111111111
11111111111111000000011011111111110111010011110011000111111000000000000110000011000011100011111000011001110110001111111111111111
11111111111111000110011011111111110111010011110011000111111000000000000110000011000001100011111000011001110110001111111111111111
11111111111111000110011011111111110111010011110011000111111000000000000110000011000001100011111000011001110110001111111111111111
11111111111111000110011011111111110111010011110011000111111000000000000110000011000001100011111000011001110110001111111111111111
11111111111111000110011011110111110111010011110011000001111000000000000110000011000001100011111000011001110110001111111111111111
11111111111111000110011011110111110111010011110011000001111000000000000110000011000001100011111000011001111110001111111111111111
11111111111111000110011011110111110111010011110011100001111000000000000110000011000001100011111000011001111110001111111111111111
11111111111111000110011011110111110111010011110011100111111000000000000110000011000001100011111000011001111110001111111111111111
11111111111111000110011011110111110111000011110011100001111000000000000110000011000001100011111000011001111111101111111111111111
11111111111111000110011011110111110111000011110011100001111000000000000110000011000001100011111000011001111111101111111111111111
11111111111111000110011011110111110111000011110011100001111000000000000110000011000001100011111000011001111111101111111111111111
11111111111111000110011011110111110111000011110011100001111000000000000110000011000001110011111000011001110111101111111111111111
11111111111111000000011011110111110111000011110011100001111000000000000110000011000001110011111000011001111111101111111111111111
11111111111111000110011011110110110111000011110011100001111000000000000110000011000001110011111000011001111110001111111111111111
11111111111111000110011011110110110111000011110011100001111000000000000110000011000001110011111000011001111110001111111111111111
11111111111111000100011011110110110111000011110011100001111000000000000110000011000001110011111000011101110110001111111111111111
11111111111111000000011011110110110111000011110011100001111000000000000110000011000001110011111000011101110110001111111111111111
11111111111111000000011011110110110111000011110011100001111000000000000110000011000001110011111000011101110110001111111111111111
11111111111111000000011011110110110111000011110011100001111000000000000110000011000001110011111000011101110110001111111111111111
11111111111111000000011011110110110111000011110011100001111000000000000110000011000001110011111000011101110110001111111111111111
11111111111111000000011011110110110111000011110011100001111000000000000110000011000001110011111000011101110110001111111111111111
11111111111111000000011011110110110111000011110011100001111000000000000110000011000001110011111000011101110110001111111111111111
11111111111111000000011011110110110111000011110011100001111000000000000110000011000001110011111000011101110110001111111111111111
11111111111111000000011011110110110111000011110011100001111000000000000110000011000001110011111000011101110110111111111111111111
11111111111111000000011011110110110111000011110011100001111000000000000110000011100001110011111000011101110110111111111111111111
11111111111111000000011011110110110111000011110011100001111000000000000110000011100001110011111000001101110110111111111111111111
11111111111111000000011011110110110111000011110011100001111000000000000110000011100001110011111000001101111111111111111111111111
11111111111111000000011011110110110111000011110011100001111000000000000110000011100001110011111000001101111111111111111111111111
11111111111111000000011011110110110111000001110011100001111000000000000110000011100001110011111000001101111111111111111111111111
11111111111111000000011011110110110111000001110011100001111000000000000110000011100001110011111000001101111111111111111111111111
11111111111111000000011011110110110111000001110011100001111000000000000110000011100001110011111000001101111111111111111111111111
11111111111111000000011011110110110111000001110011100000111000000000000110000011100000110011111000001101111111111111111111111111
11111111111111000000011011110110110111000001110011100000111000000000000110000011100000110011111000001101111111111111111111111111
11111111111111000000011011110110110111000001110011100000111000000000000110000011100000110011111000001101111111111111111111111111
11111111111111000000000011110110110111000001110011100000111000000000000110000011100000110011111000001101111111111111111111111111
11111111111111000000000011110110110111000001110011100000111000000000000110000011100000110011111000001101111111111111111111111111
11111111111111000000011011110110110111000001110011100000111000000000000110000011100000110011111000001101111111101111111111111111
11111111111111000000011011110110110111000001110011100000111000000000000110000011100000110011111000001101111111001111111111111111
11111111111111000000011011110110110111000001110011100000111000000000000110000011100000110011111000001101111111001111111111111111
11111111111111000000011011110110110111000001110011100000111000000000000110000011100000110001111000001101111111001111111111111111
11111111111111000000000011110110110111000001110011100000111000000000000110000011100000110001111000001101111111001111111111111111
11111111111111000000000011110110110111000001110011100000111000000000000110000011100000110001111000001101111111001111111111111111
11111111111111000000000011110110110111000001110011100000111000000000000110000011100000110001111000001101111111001111111111111111
11111111111111000000000011110110110111000001110011100000111000000000000110000011100000110001111000001101111111001111111111111111
11111111111111000000000011110110110111000001110001100000111000000000000110000011100000110001111100001101111111001111111111111111
11111111111111000000000011110110110111000001110001100000111000000000000110000001100000110001111100001101111111001111111111111111
11111111111111000000000011110110110111000001110001100000111000000000000110000001100000110001111100001101111111000111111111111111
11111111111111000000000011110110110111000001110001100000111000000000000111000001100000110001111100001101111111000111111111111111
11111111111111000000000011110110110111000001110001100000111000000000000111000001100000110001111100001101111111000111111111111111
11111111111111000000000011110110110111000001110001100000111000000000000111000001100000110001111100001101111111000111111111111111
11111111111111000000000011110110110111000001110001100000111000000000000111000001100000110001111100001101111111000111111111111111
11111111111111000000000011110110110111100001110001100000111000000000000111000001100000110001111100001101111111010111111111111111
11111111111111000000000011110110110111100001110001100000111000000000000111000001100000110001111100001101111111010111111111111111
11111111111111000000000011110110110111100001110001100000111000000000000111000001100000111111111111001111111111010111111111111111
11111111111111000000000011110110110111100001110001100000111000000001100111001111111111111111111111111111111111010111111111111111
11111111111111000110011011111111111111111111111111111111111111000111111111111111111111111111111111111111111111010111111111111111
11111111111111000111111111111111111111111111111111111111111111100111111111111111111111111111111111111111111111010111111111111111
11111111111111000111111111111111111111111111111111111111111111100111111111111111111111111111111111111111111011010111111111111111
11111111111111000111111111111111111111111101111110111111111111100111111111110111111111111111111111111111111111010111111111111111
11111111111111000111011111110111110001111001111110011111111111100111111111110111111111111110111111111111111111010111111111111111
11111111111111000111101111100111111111111001111101111111111111100111111111111111111110111111111111111111111111111111111111111111
11111111111111000111111111100111111111111101111111101111011111111111110111111101111111111111101111000111111111111111111111111111
11111111111111110111111111100111111111111111111111101111001111111111110111111111111111111111101111111111111111111111111111111111
11111100111111111111111111111111110111111111111101101111101111111111111111111111111101111111011111111111111111111111111111111111
11111111111111111111111111111111110111111111111111011111111111111111111111111111111111111111111111111111111111111111111111111111
11111111111111111111111111100111111111111111111111111111111111111111111111111111111111111111111111111111111111111111111111111111
11111111111111111111111111111111111111111111111111111111111111111111111111111111111111111111111111111111111111111111111111111111
11111111111111111111111111111111111111111111111111111111111111111111111111111111111111111111111111111111111111111111111111111111
11111111111111111111111111111111111111111111111111111111111111111111111111111111111111111111111111111111111111111111111111111111
11111111111111111111111111111111111111111111111111111111111111111111111111111111111111111111111111111111111111111111111111111111
11111111111111111111111111111111111111111111111111111111111111111111111111111111111111111111111111111111111111111111111111111111
11111111111111111111111111111111111111111111111111111111111111111111111111111111111111111111111111111111111111111111111111111111