11111111111111111111111111111111111111111111111111111111111111111111111111111011111111111111111111111111111111111111111111111111
11111111111111111111111111111111111111111111111111111111111111111111111111111011111111111111111111111111111111111111111111111111
11111111111111111111111111111111111111111111111111111111111111111111111101111011111111111111111111111111111111111111111111111111
11111111111111111111111111111111111111111111111111111111111111111111111101111011111111111111111111111111111111111111111111111111
11111111111111111111111111111111111111111111111111111111111111111111111101111011111111111111111111111111111111111111111111111111
11111111111111111111111111111111111111111111111111111011111111111001111101111001110011111111111111111111111111111111111111111111
11111111111111111111111111111111111111111111111111111011111111111001111101111001110011111111111111111111111111111111111111111111
11111111111111111111111111111111111111111111111111111000111111111000111101111001110000111111111101111011111111111111111111111111
11111111111111111111111111111111111111111101111111111000111111111000111101111000110000111111111101110000111101111111111111111111
11111111111111111111111111111111111111111101111111111000111111111000111101111000110000111111111101110000111101111111111111111111
11111111111111111111111111111100111000111101111111111000111111111000111101111000110000111111111101110000111001111001111111111111
11111111111111111111111111111100111000111100111111111000111111111000111101111000110000111111111101110000111001111001111111111111
11111111111111111111111111111100111000111100111111111000111111111000111101111000110000111111111101110000111001111001111111111111
11111111111111111111111111111100111000111000111111110000111111111000111101110000110000111111111101110000111001111001111111111111
11111111111111111111111111111100111000111000111111111000111111111000111101110000110000111111111101110000111001111001111111111111
11111111111111111111111111111100111000111000111111111000111111111000111101110000110000111111111101110000111001111001111111111111
11111111111111111111111111111100111000111000111111111000111111111000111101110010110000111111111101110000110001111001111111111101
11111111111111111111111111111100111000111000111111111000111111111000111101110010110000111111111101110000110001111001111111111101
11111111111111111111111111111100111000111000111111111000111111111000111111110010111000111111111111110000110001111001111111111101
11111111111111111111111111111000111000111000111111111000111111111000111111110010111000111111111111110000110000111001111111111101
11111111111111111111111111111000111000111000111111111110111111111010111111110110111000111111111111110000110000111001111111111101
11111111111111111111111111111000111100111010111111111110111111111011111111110110111100111111111111111000110000110000111111111101
11111111111101111111011111111000011100111010111111111110111111111011111111110110111100111111111111111000110000110000111111111101
11111111111101111111011111111000011110111010111111111110111111111011111111110110111100111111111111111110110110110000111111111101
11111110111100111111011111111000011110111010111111111110111111111011111011110110111100111111111011111110110110110000111111111101
10011110111100111101011111111000011110111010111111111110111111111011111011110110111100111111111011111110110110110000111111111101
10011110111100111101011111111010011110111010111111111110111111111011111011110110111100111111111011111110110110110010111111111101
10011110011100011101011111111011011110111010111111111110111111111011111011110110111101111111111011111110110110110010111111111001
10011110011100011101011111111011011110111010111111111110111111111011111011110110111101111111111011111110110110110010111111111001
10011110011100011101011111111011011110111010111111111110111111111011111011110110111101111111111011111110110110110010111111111001
10011110011100011101011111111011011110111010111111111110111111111011111011110110111101111111111011111110110110110010111111111011
10011110011100011101011111111011011110111010111111111110111111111011111011110110111101111111111011111110110110110010111111111011
10011110011100011101011111111011011110111011111111111110111111111011111011110110111101111111111011111110110110110110111111111011
10011110011100011101011111111011011110111011111111111110111111111011111011110110111101111111111011111110110110110110111111111011
10011100011100011001011111111011011110111010111111111110111111111011111011110110111101111111111011111110110110110110111111111011
10011100011100011001011111111011011110111010111111111110111111111011111011110110111101111111111011111110110110110110111111111011
10011100011100011001011111111011011110111010111111111110111111111011111011110110111101111111111011111100110110110110111111111011
10011100011100011001011111111011011110111010111111111110111111111011111011110110111101111111111011111100110110110110111111111011
10011100011100011001011111111011011110111010111111111110111111111011111011110110111101111111111011111100110110110110111111111011
10011100011100011001011111111011011110111010111111111110111111111011111011110110111101111111111011111100110110110110111111111011
10011101011111011001011111111011011110111010111111111110111111111011111011110110111101111111111011111100110110110110111111111011
10011101011111011001011111111011011110111010111111111111111111111011111011110110111001111111111011111101110110110110111111111011
10011101011111011001011111111011011110111010111111111101111111111011111011110110111001111111111011111101110110110110111111111011
10011101011111111001011111111011011110111010111111111101111111111011111011110110111001111111111011111101110110110110111111111011
10011101111111111001011111111011011110111010111111111101111111111001111011110110111001111111111011111101110110110010111111111011
11011101111111111001011111111011011110111010111111111101111111111001111011110110111001111111111011111101110110110010111111111011
11011101111111111001011111111011011110111010111111111101111111111001111011110110111001111111111011111101110110110010111111111011
11011101111111111001011111111011011110111010111111111101111111111001111011110110111001111111111011111101110110110001111111111011
11011101111111111001011111111011011110111000111111111101111111111001111011110110111001111111111011111101110110110001111111111011
11011101111111111001011111111011011110111000111111111101111111111001111011110110111001111111111011111101110110111001111111111011
11011101111111111001011111111011011110111000111110111101111111111001111011110110111001111111111011111101110110111001111111111011
11011101111111111001011111111011011110111000111100111101110001111001111011110110111001111001111011111101110110111001111111111011
11011101111111111001011111111011011111111000111100111101110001111001111011110110111001111001111011111101110110111001111111111011
11011101111111111001011111111011011101111000111000111101110000111001111011110110111001110000111011111101110110111001111111111011
11011101111111111001011111111011011101111000110000111101110000111001111011110110111001110000111011111101110110111001111111110001
11011101111111111001011111111011011101111000110000111101110000111101111111110110111001110000111011111101110110111001111111110001
11011101111111111001011111111011011101111000110000111101110000111101111111110110111001110000111011111101110110111001111111110001
11011101111111111101011111111011011101111000110000111101110000111101111111110110111001110000111111111101110110111001111111110001
11011101111111111101011111111011011101111000110000111101110000111101111101110110111000110000111111111101110110111001111010110001
11011100111111111001011111111011011101111000110000111101110000111100111101110110111000110000110111111001110110111001110000110001
11011100111111011001011111111011011101111000110000111101110000111110111101110110111100110000110111111001110110111001110000110001
11011100111111011001011111111011011101111000110000111101110000111110110101110110111100110000110111111011110110111001110000110001
11011100111101011000011111111011011101111000110000111101110000111110110101110110111100110000110101111011110110111001110000110001
11011100111101011010011111111011011101111000110000111101110000111110110101110110111110110000110101111011110110111001110000110001
11011110111100011010011111111011011101111010110000111101110000111110110101110110111110110000110101111011110110110001110000110001
11011110111100011010011111111000011101111010110000111101110000111110110101110110111110110000110101111011110110110001110000110001
11011110111100011010011111111000011101111010111000111101111000111110110101110110111110110000110101111011110110110001110000110001
11011110111100011110011111111000011101111010111000111101111001111110110101110110111110111100110101111011110110110001110000110001
11011110111100011110011111111000011101111010111000111101111001111110110101110110111110111100110101111011110110110001110000110000
11011110111100011110011111111000011101111010111010111111111111111110110101110110111110111111110101111011110110110001110000110000
11011110011100011110011111111100011101111010111110111111111111111110110101110110111110111111110101111011110110110000110000110100
11011110011100011110011111111100011101111010111110111011111111111110110101110110111110111111110101111011110110110000110000110100
11011110011100011110011111111100011101111010111110111011111111111110110101110110111110111111110101111011110110110000110000110100
11011110011100011110011111111100011101111010111110111011111111111110110101110110111110111111110101111011110110110000110000110100
11011110011100011110011111111100111101111010111111111011111111111110110101110110111110111111110101111011110110110010110000110100
11011110011100011110011111111100111101111010111111111011111111111110110000110110111110111111110101111011110110110110111100110110
11011110011100011010011111111100111101111010111111111011111111111110110000110110111110111111110001111011110110110110111100110110
11011110011100011010011111111100111101111010111111111011111111111110110000110110111110111111110001111011110110110110111110110110
11011110011101011010011111111100111101111111111111111011111111111110110000110110111110111111110000111011110110110110111111110110
11011110011101011010011111111100111101111111111111111011111111111110110000110110111110111111110000111011110110110110111111110110
11011110011101011010011111111100111101111111111111111011111111111110110000110110111110111111110000111011110110110110111111110110
11011111011111011010011111111110111111111111111111111011111111111110110000110110111110111111110000111011110110110110111111110110
11011111011111011010011111111110111111111111111111111011111111111110110000110110111110111111110000111011110110110110111111110110
11011111011111011010011111111110111111111111111111111011111111111110110000110110111110111111110000111011110110110110111111110110
11011111011111011010011111111110111111111111111111111011111111111110110000110110111110111111110000111011110110110110111111110110
11011111011111011010011111111110111111111111111111111011111111111110110000110110111110111111110000111011110110110110111111110110
11011111011111111010011111111110111111111111111111111011111111111110110000110110111110111111110000111011110110110110111111110110
11011111011111111010011111111110111111111111111111111011111111111110111000110110111110111111110000111011110110110110111111110110
11011111011111111010011111111110111111111111111111111011111111111110111000110110111110111111110000111011110110110110111111110110
11011111011111111010011111111110111111111111111111111011111111111110111001110110111110111111110000111011110110110110111111110110
11011111011111111010011111111110111111111111111111111011111111111110111101110110111110111111110000111011110110110110111111110110
11011111011111111010011111111110111111111111111111111011111111111100111101110110111110111111110000111011110110110110111111110110
11011111011111111010011111111110111111111111111111111011111111111100111101110110111110111111111100111011110110110110111111110110
11011101011111111010011111111110111111111111111111111011111111111100111101110110111110111111111100111011110110110110111111110110
11011101011111111010011111111110111111111111111111111011111111111100111101110110111110111111111101111011110110110110111111110110
11011101011111111010011111111100111111111111111111111011111111111100111101110110111110111111111101111011110110110110111111110110
11011101011111101010011111111100111111111011111111111011111111111100111101110110111110111111111101111011110110110110111111110110
11011101011111111010011111111101111111111011111111111011111111111100111101110110111110111111111101111011110110110110111111110110
11011101111111111011011111111101111111111011111111111011111111111101111101110110110100111111111101111011110110110110111111110110
11011101111111011011011111111101111111111010111111111011111111111101111101110110110000111111111101111011110110110110111111110110
11011101111111011011011111111101111111111010111111111011111111111101111101110110110000111111111101111011110110110110111111110110
11011101111111011011011111111101111111111010111111111011111111111001111101110100110001111111111101111011110110110110111111110110
11011101111111011011011111111101111111111010111111111011111111111001111101110000110001111111111101111011110110110110111111110110
11011101111111011011011111111101111111111010111111111011111111111001111101110000110001111111111101111011110110110110111111110110
11011101111111011011011111111101111111111000111111111011111111110001111101110000110001111111111101111011110110110100111111110110
11011101011111011011011111111101111111111000111111111011111111110001111101110000110001111111111101111011110000110100111111110100
11011101011111011011011111111101111111111000111111111011111111110001111101111000110001111111111101111011110000110100111111110100
10011101011100011011011111111101111111111000111111111011111111110001111111111001110001111111111101111011110000110000111111110000
10011101011100011011011111111101111111111000111111111011111111110001111111111001110001111111111101111011110000110000111111110000
10011101011100011011011111111101111111111000111111111011111111110001111111111001110001111111111101111011111000110000111111110000
10011100011100011011011111111101111111111000111111111011111111110001111111111001110001111111111101111011111000110000111111110000
10011100011100011011011111111101111111111000111111111011111111110001111111111001110001111111111101111011111000110000111111110000
10011100011100011011011111111101111111111000111111111011111111111011111111111001110001111111111101111011111000110000111111110000
10011100011100011011011111111101111111111000111111111011111111111011111111111001110001111111111101111011111000110000111111110000
10011100011100011011011111111101111111111000111111111011111111111011111111111001110001111111111101111011111001111001111111110000
10011100011100011011011111111101111111111101111111111011111111111011111111111001111011111111111101111011111001111001111111110001
10011100011100011011011111111101111111111101111111111011111111111011111111111001111011111111111101111011111001111001111111110001
10011100011100011011011111111111111111111101111111111111111111111111111111111111111111111111111111111011111001111001111111111001
10011110011100111011011111111111111111111111111111111111111111111111111111111111111111111111111111111011111101111001111111111001
10011110011100111011011111111111111111111111111111111111111111111111111111111111111111111111111111111011111101111001111111111001
10011110011100111111011111111111111111111111111111111111111111111111111111111111111111111111111111111111111111111001111111111001
10011110011100111111111111111111111111111111111111111111111111111111111111111111111111111111111111111111111111111101111111111001
10011110011100111111111111111111111111111111111111111111111111111111111111111111111111111111111111111111111111111101111111111001
10011110011111111111111111111111111111111111111111111111111111111111111111111111111111111111111111111111111111111111111111111001
10011110011111111111111111111111111111111111111111111111111111111111111111111111111111111111111111111111111111111111111111111001
10011110011111111111111111111111111111111111111111111111111111111111111111111111111111111111111111111111111111111111111111111001
11111110111111111111111111111111111111111111111111111111111111111111111111111111111111111111111111111111111111111111111111111011
11111110111111111111111111111111111111111111111111111111111111111111111111111111111111111111111111111111111111111111111111111011