11111111111111111111111111111011111001111011111111111111111111111111111111111111111111111111111111111011111101111001111111111111
11111111111111111111111111111011111001111011111111111111111111111111111111111111111111111111111111111011111101111001111111111111
11111111111111111111111111110011110001111011111111111001111111111111111111111011111111111111111111111011111001111001111111111111
11111111111111111111111111110011110001111011111111111001111111111111111111111011111111111111111111111011111001111001111111111111
11111111111111111111111111110011110001111011111111110001111111111001111111111001111111111111111111111001111001111001111111111111
11111111111111111111111111110011110001111011111111110001111111111001111111111001111111111111111111111001111001111001111111111111
11111111111111111111111111110011110001110001111111110001111111111001111111111001111111111111111111111001111001111001111111111111
10111111111110111111111111110011110001110001111111110000111111111001111111111001111111111111111111111001111001111000111111111011
10111111111110111111111111110011110001110001111111110000111111111001111111111001111111111111111111111001111001111000111111111011
10111111011110011111111111110011110001110001111111110000111111111001111111111001111101111111111111110001111001111000111111111011
10111111011110011111111111110011110001110001111111110000111111111001111111111001111101111111111111110001111001111000111111111011
10111110011110011110111111110001110001110001111111110000111111110001111111111001111101111111111101110001111000111000111111111011
10111110011110011110111111110001110001110001111111110000111111110001111111111001111101111111111101110001111000111000111111111011
10011110011110011110111111110001110001110001111111110000111111110001111111111001111101111111111101110001111000110000111111111011
10011110011110001110111111110001110001110001111111110000111111110001111111111001111101111111111101110001110000110000111111111011
10011110011110001110111111110001110001110001111111110000111111110001111111111001111101111111111111110001110000110000111111111011
10011110011110001110111111100001110001110001111111110000111111110001111011110001111101111111111111110000110000110000111111111011
10011110011110001110111111100001111001110001111111111000111111110001111011110001111101111111111111110000110000110000111111111011
10011110011110001110110111100001111001110001111111111000111111110001111011110001111101111111111111110000110000110000111111111011
10011110011100001110110111100101111001110001111111111000111111110011111011111001111101111111111011110000110000110000111111111011
10011110011100001110110111101101111001110101111111111100111111110011111011111100111101111111111011111100110110110110111111111011
10011110011100001110110111101101111001110101111111111100111111110011111011111100111101111111111011111100110110110110111111111011
10011110011100001110110111101101111001110101111111111100111111110011111011111100111101111111111011111100110110110110111111111011
10011110011100001110110111101101111001110101111111111100111111110011111011111100111101111111111011111100110110110110111111111011
10011110111100101110110111101101111101110101111111111100111111110011111011111100111101111111111011111110110110110110111111111011
10011110111100101110110111101101111101110101111111111101111111110011111011111100111101111111111011111110110110110110111111111011
10011110111100101110110111101101111101110101111111111101111111110011111011111100111001111111111011111110110110110110111111111011
10111110111100101110110111101101111101110101111111111101111111110111111011111110111011111111111011111110110110110110111111111011
10111110111100101110110111101101111101110101111111111101111111110111111011111110111011111111111011111110110110110110111111111011
10111110111100101110110111101101111101110101111111111101111111110111111011111110111011111111111011111110110110110110111111111011
10111110111100101110110111101101111101110101111111111101111111110111111011111110111011111111111011111110110110110110111111111011
10111110111100101110110111101101111101110101111111111101111111110111111011111110111011111111111011111110110110110110111111111011
10111110111101101110110111101101111101110101111111111101111111110111111011111110111011111111111011111110110110110110111111111011
10111110111101101110110111101101111101110101111111111101111111110111111011111110111011111111111011111110110110110110111111111011
10111110111101101110110111101101111101110101111111111101111111110111111011111110111011111111111011111110110110110110111111111011
10111110111101101110110111101101111101110101111111111101111111110111111011111110111011111111111011111110110110110110111111111011
11111110111101101110110111101101111101110101111111111101111111110111111011111110111011111111111011111110110110110110111111111011
11111110111101101110010111101101111101110101111111111101111111110011111011111110111011111111111011111110110110110110111111111011
11111110111101101110010111101101111101110101111111111101111111110011111011111110111011111111111011111110110110110110111111111011
11111110111101101110010111101101111101110101111111111101111111110011111011111110111011111111111011111110110110110110111111111011
11111110111101101110010111101101111101110001111111111101111111110011111011111110111011111111111011111110110110110110111111111011
11111110111101101110010111101101111111110001111111111101111111110011111011111110111011111111111011111110110110110110111111111011
11111110111101101110010111101101111111110001111111111101111111110011111011111110111011111111111011111110110110110110111111111011
11111110111101101110010111101101111111110001111111111101111111110011111011111110111011111111111011111110110110110110111111111011
11111110111101101110010111101101111111110001111111111101111111110011111011111110111001111111111011111110110110110110111111111011
11111110111101101110010111101101111011110001111111111101111111110011111011111110111001111111111011111110110110110110111111111011
11111110111101101110010111101101111011110001111111111101111111110011111011111110111001111111111011111110110110110110111111111011
11111110111100101110010111101101111011110001111111111101111111110011111011111110111001111111111011111110110110110110111111111011
11111110111100101110010111101101111011110001111111111101111111110011111011111110111001111111111011111110110110110110111111111011
11111110111100101110010111101101111011110001111111111101111111110011111011111100110001111111111011111110110110110110111111111011
11111110111100101110010111101101111011110001111111111101111111110011111011111100110001111111111011111110110110110110111111111011
11111110111100101110010111101101111011110001111111111101111111110001111011111100110001111111111011111100110110110110111111111011
11111110111100101110010111101101111011110001111111111101111111110001111011111100110001111111111011111100110110110110111111111011
11111110111100101110010111101101111011110001111111111101111111111001111011111101110001111111111011111100110110110110111111111011
11111110111100101110010111101101111011110001111111111101111111111001111011111101110001111111111011111100110110110110111111110011
11111110111100101110010111101101111011110001111111111111111111111001111011111101110001111111111011111101110110110110111111110011
11111110111100101110000111101101111011110001111111111111111111111001111011111101110001111111111011111101110110110110111000110011
11111110111100101110000111101101111011110001111111111111111111111001111011111101110001111111111011111101110110110110111000110011
11111110111100001110000111101101111011110001111111111111111111111001110011111101110001111111111011111101110110110110110000110001
11111110011100001110000111100101111011110001111111111011111001111001110011111101110001111101111011111101110110110110110000110001
11111110011100001110000111100101111011110001111111111011111001111001110011111101110001111101111011111101110110110110110000110101
11111110011100001110000111100001111011110001110001111011110001111001110011111101110000111000111011111101110110110110110000110101
11111110011100001110000111110001111011110001110001111011110001111101110011111101110000111000111011111101110110110110110000110101
11111110011100001110000111110001111011110001110001111011110001111101110011111101110000111000110001111101110110110110110000110101
11111111011100001110000111110001111011110001110001111011110000111101110001111101110000110000110001111101110110110110110000110101
11111111011100001110000111110001111011110001110001111011110000111101110001111101110000110000110001111101110110110110110000110101
11111111011100001110000111110001111011110001110000111011110000111100110001111101110000110000110001111001110110110110110000110101
11111111011100001110000111110001111011110001110000111011110000111100110001111101110000110000110001111001110110110110110000110101
11111111011100001110000111110001111011110001110000111011110000111100110001111001110000110000110001111001110110110110110000110101
11111111011100101110000111110001111011110001110000111011110000111100110001111001110010110000110001111001110110110110110000110101
11111111011100101110000111110001111011110001110000111011110000111100110001111001110110110000110001111001110110110110110000110101
11111111001100101110000111110001111011110001110000111011110000111100110001111001110110110000110001111001110110110110110000110101
11111111001100101110100111110001111111110101110000111011110000111100110001111001110110110000110001111001110110110110110000110101
11111111001100101110100111110001111111110101110000111011110000111100110001111001110110110000110001111001110110110110110000110100
11111111001100101110100111110001111111110101110001111011110000111110110001111001110110110000110001111011110110110110110000110100
11111111001100101110100111110001111111110101110001111011110000111110110001111001110110110000110000111011110110110110110000110000
11111111001100101110100111110001111111110101110001111011110000111110110001111011110110110000110000111011110110110110110000110000
11111111101101101110100111110001111111110101111111111011110001111110110000111011110110111000110000111011110110110110110000110000
11111111101101100110100111110001111111110101111111111011110001111110110000111011110110111000110000111011110110110110110000110000
11111111101101110110100111111001111111110101111111111011111111111110110000111011110110111111110000111011110110110110111111110000
11111111101101110110100111111001111111110101111111111011111111111110110000111011110110111111110000111011110110110110111111110000
11111111101101110110100111111001111111110101111111111011111111111110110000111011110110111111110000111011110110110110111111110000
11111111101101110110100111111001111111110101111111111011111111111110110000111011110110111111110000111011110110110110111111110000
11111111101101110110100111111011111111110101111111111011111111111110110000111011110110111111110000111011110110110110111111110000
11111111101101110110100111111011111111110101111111111011111111111110110000111011110110111111110000111011110110110110111111110000
11111111101101110110100111111011111111110100111111111011111111111110110000111011110110111111110000111011110110110110111111110000
11111111101101110110100111111011111111110100111111111011111111111110110000111011110110111111110000111011110110110110111111110000
10111111101101110110100111111011110111110100111111111011111111111110110000111011110110111111110000111011110110110110111111110000
10111111101101110110100111111011110111110110111111111011111111111110110000111011110110111111110000111011110110110110111111110000
10111111101101110110100111111011110111110110111111111011111111111110110000111011110110111111110000110011110110110110111111110000
10111111101101110110100111111011110111110110111111111011111111111110110000110011110110111111110000110011110110110110111111110000
10111111101101110110100111111011110111110110111111111011111111111110110000110011110110111111110000110011110110110110111111110000
10111111101101110110100111111011110111110110111111111011111111111110110000110011110110111111110000110011110110110110111111110000
10111111101101110110100111111011110111110110111111111011111111111110110000110011110110111111110000110011110110110110111111110000
10111111101101110110100111111011110111110110111111111011111111111100110000110011110110111111110000110011110110110110111111110000
10111111101101110110100111111011110111110110111111111011111111111100110000110011110110111111110000110011110110110110111111110000
10111111101101110110100111111011110111110110111111111011111111111100110000110011110110111111111000110111110110110110111111111000
10111111101101110110100111111011110111110110111111111011111111111100110000110011110110111111111000110111110110110110111111111000
10111111101101110110100111111011110111110110111111111011111111111100110000110011110110111111111000110111110110110110111111111000
10111111101100110110100111111011110111110100111111111011111111111100110000110011110110111111111000110111110110110110111111111000
10111111101100110110100111111011110111110100111111111011111111111101111000110011110110111111111000110111110110110110111111111100
10011111101100110110100111111011110111110100111111111011111111111101111000110011110110111111111000110011110110110110111111111100
10011111101110111110100111111011110111110100111111111011111111111101111000110011110110111111111100110011110110110110111111111100
10011111101110111111100111111011110111110100111111111011111111111101111100110011110110111111111100110011110110110110111111111100
10011110101110101111100111111011110111110100111111111011111111111101111100110011110010111111111100110011110110110110111111111100
10011110101110101111100111111011110111110101111111111011111111111101111100110011110010111111111100110011110110110110111111111100
10011110101110101111100111111011110111110101111111111011111111111101111100110011110010111111111100110011110010110010111111111100
10011110101110101111100111111011110111110101111111111011111111111101111100110011110010111111111100110011110010110010111111111101
10011110001110101111100111111011110111110101111111111111111111111101111101110011110010111111111100110011110010110000111111111101
10011110001110001111110111111011110111110101111111111111111111111001111101110011110000111111111100110001110000110000111111111101
10011110001110001111110111111111110111110101111111111111111111111001111101110011110000111111111101110001110000110000111111111101
10011110001110001111110111111111110111110001111111111111111111111001111101110001110000111111111101110001111000110000111111111101
10011110001110001111111111111111111111110001111111111111111111111001111101110001110000111111111101110001111000111000111111111101
10011110001110001111111111111111111111110001111111111111111111111001111101110001110000111111111101110000111000111000111111111101
10011110011110001111111111111111111111110001111111111111111111111001111111110001111000111111111111110000111000111000111111111101
10011110011110001111111111111111111111110001111111111111111111111001111111110001111000111111111111110000111000111000111111111101
10011110011110001111111111111111111111110001111111111111111111111001111111110001111000111111111111110000111000111000111111111101
10011110011110001111111111111111111111110001111111111111111111111001111111110001111001111111111111110000111000111000111111111111
10011110011110001111111111111111111111110001111111111111111111111001111111110001111001111111111111110000111000111000111111111111
10011111011110011111111111111111111111110001111111111111111111111011111111110001111001111111111111110000111000111000111111111111
10011111011110011111111111111111111111110001111111111111111111111011111111110000111001111111111111110000111000111000111111111111
10111111011110011111111111111111111111111001111111111111111111111011111111110000111001111111111111111000111000111001111111111111
11111111011110011111111111111111111111111001111111111111111111111011111111110000111001111111111111111000111001111001111111111111
11111111011110011111111111111111111111111001111111111111111111111011111111110000111001111111111111111000111001111001111111111111
11111111111111111111111111111111111111111011111111111111111111111011111111111001111001111111111111111000111001111001111111111111
11111111111111111111111111111111111111111011111111111111111111111011111111111001111001111111111111111000111001111001111111111111
11111111111111111111111111111111111111111011111111111111111111111011111111111001111101111111111111111001111101111101111111111111
11111111111111111111111111111111111111111011111111111111111111111011111111111001111101111111111111111001111101111101111111111111