11111111111111111111111111111111111111111111111111111111111111111111111111111111111111111111111111111111111111111111111111101111
11111111111111111111111111111111111111111111111111111111111111111111111111111111111111111111111111111111111111111111111111101111
11111111111111111111111111111111111111111111111111111111111111111111111111111111111111111111111111111111111111011111111111100111
11111111111111111111111111111111111111111111111111111111111111111111111111111111111111111111111111111111111111011111111111100111
11111111111111111111111111111111111111111111111111111111111111111111111111111111111111111111110111111111111111001111111111100111
11111111111111111111111111111111111111111111111111111111111111111111111111111111111111111111110111111111111111001111111111100111
11111111111111111111111111111101111010111111111111110001111111110011111111111011111111111111110111100111111111000111111111100111
11111111111111111111111111111101111010111101111111110001111111110011111011110011111111111111100011100111111111000111111111100111
11111111111111111111111111111101111010111101111111110001111111110011111011110011111111111111100011100111111111000111111111100111
11111111111111111111111111111101111000111001111111110001111111110011111011110011111111111111100011100111111111000111111111000111
11111111111111111111111111111101111000111001111111110001111111110011111011110011111111111111100011100111111111000111111111000111
11111111111111111111111111111000111000111001111111110001111111110011111011110011111111111111100011100111111111000111111111000111
11111111111111111111111111111000111000111001111111110001111111110011111011110011110111111111100011101011111111000111111111000111
11111111111111111111111111111000111000111001111111110001111111110111111011110011110111111111101011101011111111000111111111000111
11111111111111111111111111111000111000111001111111110001111111110111111011110011110111111111101011101011111111000111111111000111
11111111111111111111111111111000111010111001111111111101111111110111111011110011110111111111101011101011111111110111111111000111
11111111111111111111111111111000111010111001111111111101111111110111111011110011110111111111101011101011111111110111111111000111
11111111111111111111111111111010111110111101111111111101111111110111111011111011110111111111101011111011111111110111111111000111
10111110111110111111111111111010111110111101111111111101111111110111111011111111110111111111101011111011111111110111111111000111
10111110111100111011111111111010111110111101111111111101111111110111111011101111110111111111101011111011111111110111111111000111
10111110111100111011111111111010111110111111111111111101111111111111111011101111110111111111101011111011111111110111111111010111
10011110111000111011111111111010111110111111111111111101111111111111111011101111110111111111101011111011111111110111111111010111
10011110111000111011111111111010111110111111111111111101111111111111111111101111110111111111101111111011111111110111111111010111
10011110011000111011111111111010111110111111111111111101111111111111111111101111110111111111111111111011111111110111111111010111
10011100011000111011011111111010111110110111111111111101111111111111111111101111110111111111111111111011111111110111111111010111
10011100011000111011011111111010111110110111111111111101111111111111111111101111110111111111111111111011111111110111111111010111
10011100011000111011011111111010111110110111111111111101111111111111110111101111110111111111111111111011111111110111111111010111
10011100011000111011011111111110111110110111111111111101111111111111110111101111110111111111111111111011111111110111111111010111
10011100011000011011011111111110111110110111111111111101111111111111110111101101110111111111111111111011101111110111111111010111
10111101011000011011011111111110111110110111111111111101111111111111110111101101110111111111111111111011101111110111111111010111
10111101011010011011011111111110111110110111111111111101111111111111110111101101111111111111111111111011101111110111111111010111
10111101011010011011011111111110111110110110111111111101111111111111110111101101111111111111111111111011101111110111111111010111
10111101011011011011011111111110111110110110111111111101111111111111110111101111111111111111111111111011101111110111111111010111
10111101011011011011011111111110111110110110111111111101111111111111110111101111111111111111111111111011101111110111111111010111
10111101011011011011011111111111111111110110111111111101111111111111110111101111111111111111111111111011101111111111111111010111
10111101011011011011011111111111111111110110111111111101111111110111110111101111111111111111111111111011101111111111111111010111
10111101011011011011011111111111111111110110111111111101111111110111110111101111111111111111111111111011101111111111111111010111
10111101011011011011011111111111111111111111111111111101111111110111110111101111111111111111111111111011101111111111111111010111
10111101011011011001011111111111111111111111111111111101111111110111110111101111111111111111111111111011101111111111111111010111
10111101011011011001011111111111111111111111111111111101111111110111110111111111111111111111111111111011101111111111111111010111
10111101111011011001011111111111111111111111111111111101111111110111110111111111111111111111111111111011101111101111111111010111
10111101111011011001011111110111111101111111111111111101111111110111110111111011111111111111111111111011101111101111111111010111
10111101111011011001011111110111111101111111111111111101111111110111110111111011111111111111111111111011101111101111111111010111
10111101111011011001011111110111111101111111111111111101111111110111110111111011111111111111111111111011101111101111111111000111
10111101111011011001011111110111111101111111111111111111111111110111110111111011111111111111111111111011101111101111111111000111
10111101111011011001011111110111111101111111111111111111111111110111110111111011111111111111111111111011101111101111111111000111
10111101111011011001011111110111111101111111111111111111111111110111110111111011111111111111111111111011101111101111111111000111
10111101111011011001011111110111111101111101111111111111111111110111110111110011111111111111111111111011101111101111111111000111
10111101111011011001011111110111111101111101111111111111111111110111110011110011111111111111111111111011101111101111111111000111
10111101111011011001011111111111111101111101111111111111111111110111110011110011111111111111111111111011101111101111111111000111
10111101111011011001011111111111111101111001111111111111111111110011110011110011111111111111111111111011101111101111111111000111
10111101111011011001011111111111111101111001111111111111111111110011110011110011111111111111111111111011101111101111111111000111
10111101111011011001011111111111111101111001111111111011111111110011110011110011111111111111111111111011101111101111111111000111
10111101111011011001011111111110111101111001111111111011111111110011110011110011111111111111111111111011101111101111111111000111
10111101111011011001011111111110111101111001111111111011111111110011110011110011111111111111111111111011101111101111111111000111
10111101111011011001011111111110111101111001111111111011111111110011110011110011111111111111111111111011101111101111100111000111
10111101111011011001011111111110111101111001111111111011111111110011110011110011111111111111111111111011101111101111100111000111
10111101111011011001011111111110111101111001111111111011111111110011110011110011111111100011111111110011101111101111000111000111
10111101111011011001011111111110111101111001111111111011111111110011110011110011111111100011111111110111101111101111000111000111
10111101111011011001011111111110111111111001111101111011110011111011100001110011111111100011111111110111101111101111000111000111
10111101111011011001011111111010111111111001110001111011110001111011100001110011111111100011111111110111101111101111000111000111
10111101111011011001011111111010111111111001110001111011110001111011100001110011111111100011111111110111111111111111000111000111
10111101111001011001011111111010111111111001110001111011110001111011100001110011111111100011111111110111111111111111000111000111
10111101111001011001011111111010111111111001110001111011110001111111100101110011111111100011111111110111111111111111000111000111
10111100111000011001011111111010111111111001110001111011110001111101100101110011111111100011111111110111111111111111000111000111
10111100111000011001011111111010111111111001110001111011110001111101100101110011111111100011111111110111111111111111000111000111
10111110111000011001011111111010111111111001110001111011110001111101100101110011111111100011111111110111111111111111000111000111
10111110111000011001011111111010111111111001110001111011110001111101100101110011111111100011111111110111111111111111000111000111
10111110111000011001011111111010111111111001110001111011110001111101101101110011111111100011111111110111111111111111000111000111
10111110111000011001011111111010111111111001110001111011110001111101101101110011111011100011111111110111111111111111000111000111
10111110111000011011011111111000111111111001110001111011110001111101101101110011111011100011111111110111011111111111000111000111
10111110111000011011011111111000111111111001110001111111110001111101101101110011111011101011111111110111011111111111001111010111
10111110111000011011011111111000111111111001110001111111110001111101101101100011111011101011111111110111011111111011001111010111
10111110111000011011011111111000111111111101111111111111111111111101101101101111111011111111111111110111011111111011111111010111
10111110111000011011011111111000111011110100111111111111111111111101101101101111111011111111111111100111010111111011111111010111
10111110111000011011011111111000111011110110111111111111111111111101101101101111111011111111111111101111010111111011111111010111
10111110111011011011011111111000111011110110111111111111111111111101101101101101111011111111111111101111010111111011111111010111
10111110011011011010011111111000111011110110111111111111111111111101101101101101111011111111111111101111010111111011111111010111
10111111011011011010011111111100111011110110111111111111111111111101101101101101111011111111111111101111010111111011111111010111
10111111011011011010011111111100111011110110111111111111111111111101101101101101111011111111111111101111010111111011111111010111
10111111011011011010011111111100111011110110111111111111111111111101101101101101111011111111111111101111010111111011111111010111
10111111011011011010011111111100111011110110111111111111111111111101101101101101111111111111111111101111000011111011111111010011
10111111011011011010011111111100111011110110111111111111111111111101101101101101111111111111111111101111000011111011111111010011
10111111011011011010011111111100111011110110111111111111111111111101101101101101111111111111111111101111000011111011111111010011
10111111011011011010011111111100111011110110111111111111111111111101101101101101111111111111111111101111000011111011111111010011
10111111011011011010011111111100111011110110111111111111111111111101101101101101111111111111111111101111000011111011111111010011
10111111011011011010011111111100111011110110111111111111111111111101101101101101111111111111111111101111000011111011111111010011
10111111011011011010011111111100111011110110111111111111111111111101101101101101111111111111111111101111000011111011111111010011
10111111011011011010011111111100111011110110111111111111111111111101101101101101111111111111111111101111000011111011111111110011
10111111011011011010011111111100111011110110111111111111111111111101101101101101111111111111111111101111000011111011111111110011
10111111011011011010011111111100111011110110111111111111111111111101101101101101111111111111111111101111000011111011111111110011
10111111011011011010011111111100111011110110111111111111111111111101101101101101111111111111111111101111000011111011111111110011
10111111011011011010011111111101111011110110111111111111111111111101101101101101111111111111111111101111000011111011111111110011
10111111011011011010011111111101111011110110111111111111111111111101101101101101111111111111111111101111000011111011111111110011
10111111011011011010011111111101111011110110111111111111111111111101101101101101111111111111111111101111000011111011111111110011
10111111011011011010011111111101111011110110111111111111111111111101101101101101111111111111111111101111000011111011111111110011
10111111011011011010011111111101111011110110111111111111111111111101101101101101111111111111111111101111000011111011111111010011
10111111011011011010011111111101111011110110111111111111111111111101101101101101111111111111111111111111100011111011111111010011
10111111011011011010011111111101111011110110111111111111111111111101101101101101111111111111111111111111110011111011111111010011
10111111011011011010011111111101111011110110111111111111111111111101101101101101111111111111111111111111110011111011111111010011
10111111011011011010011111111101111011110110111111111111111111111101101101101101111111111111111111111111110111111011111111010011
10111111011011011010011111111101111011110110111111111111111111111101101101101101111111111111111111111111110111111011111111010011
10111111011011011010011111111101111011110110111111111111111111111111101101101101111111111111111111111111110111111011111111010111
10111111011011011010011111111101111011110110111111111111111111111111101101101101111111111111101111111111110111111011111111010111
10111111011011011010011111111101111011110110111111111111111111111111101101101101111111111111101111111111110111111111111111010111
10111111011011011010011111111101111011110110111111111111111111111111111101101101111111111111101111101111110111111111111111010111
10111101011011011010011111111101111011110110111111111111111111111011111101101101111111111111101011101111110111111111111111010111
10111101011011011010011111111101111011110110111111111111111111111011111101101101111111111111101011101111111111111111111111010111
10111101011011011010011111111101111011110110111111111111111111111011111101101101111111111111101011101111111111111111111111010111
10111101011011011010011111111101111011110110111111111111111111111011111101101101111111111111101011101111111111111111111111010111
10111101011011011010011111111101111011110110111111111111111111111011111101101101111111111111101011101111111111110111111111000111
10111101011011011010011111111101111011110110111111111111111111111011110101101101111111111111101011101111111111010111111111000111
10111101011011011011011111111101111011110110111111111111111111111011110101101101111111111111101011101111111111010111111111000111
10111101011011011010011111111101111011110110111111111111111111111011110001100101111111111111101011100011111111010111111111000111
10111101011011011011011111111101111011110110111111111111111111111011110001100101111111111111101011100011111111010111111111000111
10111100011011011011011111111101111011110010111111111111111111110011110001100001111111111111101011100011111111000111111111000111
10111100011011011011011111111111111011110010111111111111111111110011110011100001111111111111101011100011111111000111111111000111
10111100011001111011011111111111111011111001111111111111111111110011110011110011111111111111100011100011111111000111111111000111
10111100011000111011011111111111111011111001111111111111111111110011110011110011111111111111100011100011111111000111111111000111
10111100011000111011011111111111111011111001111111111111111111110011110011110011111111111111100011100011111111001111111111000111
10011100011000111011011111111111111011111001111111111111111111110011110011110011111111111111100011100011111111001111111111000111
10011100111000111011011111111111111011111001111111111111111111110111110011110011111111111111100011100011111111001111111111000111
10011110111000111011011111111111111111111001111111111111111111110111110011110011111111111111100011100111111111001111111111000111
10011110111000111011011111111111111111111001111111111111111111110111110011110011111111111111100011100111111111001111111111000111
10011110111100111111111111111111111111111001111111111111111111110111111011110011111111111111110111100111111111001111111111001111
10011110111100111111111111111111111111111001111111111111111111110111111011110011111111111111110111100111111111001111111111001111
10111110111100111111111111111111111111111001111111111111111111111111111111110011111111111111110111100111111111101111111111101111
10111110111100111111111111111111111111111001111111111111111111111111111111110011111111111111110111100111111111101111111111101111