11111111111111111111111111111111101111111111011111111111111111111110011111111111111110111110111100111111111101111101111111111001
11111111111111111111111111111111101111111111011111111111111111111110011111111111111110111110111100111111111101111101111111111001
11111111111111111111111111111111001110000111011111111100001111111110011111111111111110111100111100111000111101111101111111111001
11111111111111111111111111111111001110000111011111111100001111111110011111111111111110111100111100111000111101111101111111111001
11111111111111111111111111111111001110000111001111111100001111111110011111011111111100011100111100111000111100111001111111111001
11111111111111111111111111111111001110000111001111111100001111111110011111011111111100011100111100111000111100111001111111111001
11111111111111111111111111111111001110000111001111111100001111111110011111011111111100011100111100111000011100111001111111111001
11111111111111111111111111111111001110000110001111111100001111111110011110011111111100011100111100111000011100111000111111111001
11111111111111111111111111111111001110000110001111111100001111111110011110011111111100011100111100111000011100111000111111111001
11111111101111111111111111111111001110000110001111111100001111111110011110011111111100011100011100011000011000111000111111111001
11111111101111111111111111111111001110000110001111111100001111111110011110011111111100011100011100011000011000111000111111111001
11100111100111001111011111111111001110000110001111111100001111111100011110011111111100011100011100011000011000111000111111111001
11100111100111001111011111111111001110000110001111111100001111111100011110011111111100011100011100011000011000111000111111111001
11100111100111000111011111111111000110000110001111111110001111111100001110011111111101011100011100011000011000111000111111111000
11100111100111000111011111111110000110000110001111111110001111111100001110011111111101011100011100011000011000111000111111111000
11100111100111000111011111111110010111110110101111111111101111111101101110011111111101011101011111011000011010111010111111111110
11100111100111000111011111111110010111110110101111111111101111111101101110011111111101011101011111011000011010111010111111111110
11100111100111000111011111111110110111110110101111111111101111111101101110011111111101011111011111011110011010111010111111111110
11100111100111000111011111111110110111110110101111111111101111111101101110011111111101011111011111011110011010111010111111110110
11100111100111000111011111111110110111110110101111111111101111111101101110011111111101011111011111011110111010111110111111110110
11100111100111000111011111111110110111110110101111111111101111111101101110011111111101011111011111011110111011111110111111110110
11100111000111000111011111111110110111110110101111111111101111111101101110011111111101011111011011011110111011111110111111110110
11100111000111000111011111111110110111110110111111111111101111111101101110011111111101011111011011011110111011111110111111110110
11100111000111000111011111111110110111110110111111111111101111111101101110011111111101011111011011011110111011111110111111110110
11100111010111000111011111111110110111111110111111111111101111111101101110011111111111011111011011011110111011111110111111110110
11110111010111010111011111111110110111111110111111111111101111111101101101011111111111011111011011011110111011111110111111110110
11110111010111010111011111111110110111111110111111111111101111111101101101011111111111011111011011011110111011111110111111110110
11111111010111010111011111111110110111111110111111111111101111111101101101011111111111011111011011011110111011111110111111110110
11111111010011010111011111111110110111111110111111111111101111111101101101011111111111011111011011011110111011111110111111110110
11111111011011010111011111111110110111111110111111111111101111111101101101011111111111111111011011011110111011111110111111110110
11111111011011010111011111111110110111101110111111111111101111111101101101011111111111111111011011011110111011111110111111110110
11111111011011011111011111111110110111101110111111111111101111111101101101011111111111111111011011011110111011111110111111110110
11111111011011011111011111111110110111101110111111111111101111111101101101011111111111111111011011011110111011111110111111110110
11111111011011011011011111111110110111101110111111111111101111111101101101011111111111111111011011011110111011111110111111110110
11111111011111011011011111111110110111101110111111111111101111111101101101011111111111111111011011011110111011111110111111110110
11111111011111011011011111111110110111101110111111111111101111111101101101011111111111111111011011011110111010111110111111110110
11111111011111011011011111111110110111101110111111111111101111111101101101011111111111111111011011011110111010111110111111110110
11111111011111011011011111111110110111101110101111111111101111111101101101011111111111111111011011011110111010111110111111110110
11111111011111011011011111111110110111101110101111111111101111111101101101011111111111111111011011011110111010111110111111110110
11111111011111011011011111111110110111101110101111111111111111111101101101011111111111111111011011011111111010111110111111110110
11111111011111011011011111111110110111101110101111111111011111111101101101011111111111111111011011011101111010111110111111110110
11111111011111011011011111111110110111101110101111111111011111111101101101011111111111111111011011011101111010111110111111110110
11111111011111011011011111111110110111101110101111111111011111111101101101011111111111111111011011011101111010111110111111110110
11111111011111011011011111111110110111101110101111111111011111111101101101011111111111111111011011011101111010111110111111110110
11111111011111011011011111111110110111101110101111111111011111111101101111011111111111111111011011011101111010111110111111110110
11111111011111011011011111111110110111101110101111111111011111111101101111011111111111111111011011011101111000111110111111110110
11111111011111011111011111111110110111101110101111111111011111111101101111011111111111111111011011011101111100111110111111110110
11111111011111011111011111111110110111101110001111111111011111111101101111011111111111111111011011011101111100111110111111110110
11111111011111011111011111111110110111101111001111111111011111111101101111011111111111111111011011011101111100111110111111110110
11111111011111011111011111111110110111101111001111111111011111111101101111011111111111111111011011011101111100111110111111110110
11111111011111011111011111111110110111101111001111111111011111111101101111011111111111111111011011011101111100111110111111110110
11111111001111011111101111111110110111101111001111111111011111111101101111011111111111111111011011011101111100111110111111110110
11111111001111011111101111111110110111101111001111111111011111111101101111011111111111111111011011011100111100111110111111110110
11111111001111011111101111111110110111111111001111111111011111111101101111011111111111111111011011011100111100111110111111110110
11111111001111010111101111111110110111111111001110001111011100001101101111011110011111111111011011011100111100111110111000110110
11111111101111010111101111111110110111111111001110001111011100001101101111011110011111111111011011011100111100111110111000110110
11111111101111010111101111111110110111111111001110001111011100001101101111011100011111111110011011011100111100111110111000110110
11111111101111010111101111111110110111111111001110001111011100001101101111011100011111111110111011011100111100111110110000110110
11111111101111010111101111111110110111011111001110001111011100001101101111011100001111111110111011011100111100111110110000110110
11111111101111000111101111111110110111011111001110001111011100001101101111011100001111111110111011011100111100111100110000110110
11111111101111000111101111111110110111011111001110001111011100001101101111011100001111111110111011011100111100111101110000110110
11111111101111000111101111111110010111011110001110001111011100001101101111011100001111111110111011011100111100111101110000110110
11111111101111000111101111111110010111011110001110001111011100001101101111011100001111111110111011011100111100111101110000110110
11111111100111000111101111111110000111011110001110001111011100001101101111011100001111111110111011011100111000111101110000110000
11111111100111000111101111111111000111011110001110001111011100001101101111011100001111111110111011011110111000111101110000110000
11111111100111000111101111111111000111011110001110001111011100001101101111011100001111111110111011011110111000111101110000111000
11111111100111000111101111111111000111011110001110001111011100001101101111011100001111111110111011011110111000111101110000111000
11111111100111000111101111111111000111011110101110001111111100001101101111011100001111111110111011011110111000111101111000111000
11111111100111000111100111111111000111011110101110001111111100001101101111011100001111111110111011011110111000111101111000111000
11111111110111000111100111111111000111011110101110001111111100001101101111011100001111111110111011011110111010111101111000111001
11111111110111000111100111111111000111011110101110001111111110001101101111011100011111111100111011011111011010111101111000111001
11111111110111000111100111111111000111011110101110001111111110001101101111011100011111111100111011011111011010111101111000111001
11111111110111010111101111111111000111011110101111111111111111111101101111011111111111111100111011011111011010111101111111111001
11111111110111010111101111111111000111011110101111111111111111111101101111011111111111111100111011011111011010111001111111111001
11111111110111011111101111111111000111011110101111111111111111111101101111011111111111111101111011011111011010111001111111111001
11111111110111011111101111111111000111011110101111111111111111111101101111011111111111111101111011011111011010111001111111111001
11111111110111011111101111111111000111011110111111111111111111111101101111011111111111111101111011011111011011111001111111111001
11111111110111011111101111111111101111011110111111111111111111111101101111011111111011111101111011011111011011111011111111111001
11111111110111011011101111111111101111011110111111111110111111111101101111011111111011111101111011011111011011111011111111111001
11111111110111011011101111111111101111011110111111111110111111111101101111011111111011111101111011011111011011111011111111111101
11111111110111011011100111111111101111011110111111111110111111111101101111011111111011111101111011011111011011111011111111111101
11111111110111011011100111111111101111011110111111111110111111111101101111011111111111111101111011011111011011111011111111111101
11111111110111011011100111111111101111011110110111111110111111111101101111011111111111111101111011011111011011011011111111111101
11111111111111011011100111111111101111011110110111111110111111111101101111011111111111111101111011011111011011011011111111111101
11111111111011011011100111111111101111011110110111111110111111111101101111011111111111111101111011011111011011011011111111111101
11111111111011011011100111111111101111011110110111111110111111111101101111011111111111111101111011011111011011011011111111111101
11111111111011011011110111111111101111011110110111111110111111111101101111011111111111111101111011011111011011011011111111111101
11111111111011011011110111111111101111011110110111111110111111111101101111011111111111111101111011011111011011011011111111111101
11111111111011011011110111111111101111011110110111111110111111111101101111011111111111111101111011011111011011011011111111111101
11111111111011011011110111111111101111011110110111111110111111111101101111011111111111011101111011011111011011011011111111111101
11111111111011011011110111111111101111011110110111111110111111111101101111011111111111011101111011011111011011011011111111111101
11111111111011011011110111111111101111011110110111111110111111111101101111011111111111011101111011011111011011011011111111111101
11111111011011011011110111111111101111011110110111111110111111111101101111011111111111011101111011011111011011011011111111111101
11111111011011011011110111111111101111011110110111111110111111111101101111011111111111011111111011011111011011011011111111111101
11111111011011011011110111111111101111011110110111111110111111111101101111011111111111011111111011011111011011011011111111111101
11111111011011011011110111111111101111011110110111111110111111111101101111111111111111011111111011011111011011011011111111111101
11111111011011011011110111111111101111011110110111111110111111111101101111111111111111011111111011011111011011011011111111111101
11111111011011011011110111111111101111011110110111111110111111111101101111111111111111011111111011011111011011011011111111111101
11111111011011011011110111111111101111011110110111111110111111111101101111111111111111011111111011011111011011011011111111111101
11111111011011011011110111111111101111011110110111111110111111111101101111011111111111011111111011011111011011011011111111111101
11111111011011011011110111111111101111011110110111111110111111111101101111011111111111011111111011011111011011011011111111111101
11111111011011011011110111111111101111011110110111111110111111111101101111011111111111011111111011011111011011011011111111111101
11111111011011011011110111111111101111011110110111111110111111111101101111011111111111011111111011011111111011111111111111111111
11111111011011011011110111111111101111011110111111111110111111111101101111011111111111011111111011011110111011111111111111111011
11110111010011011011110111111111101111011110111111111110111111111101101111011111111111011011111011011110111010111111111111111011
11110111010111011111110111111111101111011110111111111110111111111101101111011111111111011011111011011110111010111111111111111011
11100111010111010111110111111111101111011110111111111110111111111101101111011111111111011011111011011110111010111111111111111011
11100111010111010111110111111111111111011110111111111110111111111101101111011111111111011011111011011110111010111111111111111011
11100111010111010111110111111111011111011110101111111110111111111101101111011111111101011011111011011110111010111111111111111011
11100111000111000111110111111111011111011110101111111110111111111101101111011111111101011011111011011010111010111011111111111011
11100111000111000111110111111111011111011110101111111110111111111101111111011111111101011011111011011010111010111011111111111011
11100111000111000111110111111111011111011110001111111110111111111101111111011111111101011000011011011010111000111000111111111011
11100111100111000111110111111111011111011110001111111110111111111101111111011111111101011000011011011010111000111000111111111011
11100111100111000111110111111111011111011110001111111110111111111100011111011111111100011000011000011000111000111000111111111011
11100111100111000111110111111111011111011110001111111110111111111100011111011111111100011000011100011000111000111000111111111011
11100111100111000111110111111111011111011110001111111110111111111100011111011111111100011000011100011000111000111000111111111011
11100111100111000111110111111111011111011110001111111110111111111100011111011111111100011000011100011000111000111000111111111011
11100111100111000111110111111111011111011110001111111110111111111110011111011111111100011000011100111000111000111000111111111011
11100111100111000111110111111111011111011110001111111110111111111110011111011111111100011000011100111000111000111000111111111011
11100111100111000111110111111111011111011110001111111110111111111110011111011111111100011000011100111000111000111000111111111011
11100111100111000111110111111111011111011110001111111110111111111110011111011111111100011000011100111000111000111000111111111011
11100111100111000111110111111111011111011111001111111110111111111110011111011111111100011100011100111000111000111000111111111011
11111111101111111111110111111111011111011111001111111110111111111110011111111111111100011100011100111001111100111000111111111011
11111111101111111111110111111111011111011111001111111110111111111110011111111111111100011100011100111001111100111000111111111011
11111111111111111111111111111111111111111111011111111111111111111110011111111111111110111111111100111101111101111111111111111111
11111111111111111111111111111111111111111111011111111111111111111110011111111111111110111111111100111101111101111111111111111111
11111111111111111111111111111111111111111111111111111111111111111110111111111111111110111111111101111101111111111111111111111111
11111111111111111111111111111111111111111111111111111111111111111110111111111111111110111111111101111101111111111111111111111111