11111111111111111111111111111111111110111110111111111111111111111111111111111111111111111111111111111111111101111000111111111001
11111111111111111111111111111111111110111110111111111111111111111111111111111111111111111111111111111111111101111000111111111001
11111111111111111111111111111110111100011110111111111100011111111111111111111111111111111111111111111111111101111000111111111001
11111111111111111111111111111110111100011110111111111100011111111111111111111111111111111111111111111111111101111000111111111001
11111111111111111111111111111110111100011100111111111100011111111100011110111110111110111111111111111111111100111000111111111001
11111111111111111111111111111110111100011100111111111100011111111100011110111110111110111111111111111111111100111000111111111001
11111111111111111111111111111100111100011100111111111100011111111100011110111110111110111111111111111100111000111000111111111001
11111111111111111111111111111100111100011100111111111100011111111100011110111110111110111111111111111100111000111000111111111001
11111110111111111111111111111100111100011100011111111100011111111100011110111110111110111111111111111100111000111000111111110001
11111110111111111111111111111101111100011100011111111100011111111100011110111110111110111111111111111100111000111000111111110001
10111110111100111111111111111101011100011100011111111100011111111100011110111110111110111111111111111100111000111000111111110001
10111110111100111111111111111101011110011101011111111100011111111100011110111110111110111111111111111100111000111000111111110001
10111110111100111111111111111101011110011101011111111100011111111100011110111110111100111111111101111100111000111000111111110000
10111110111100111111111111111101011111011101011111111111011111111101111110111110111100111111111101111100111000111000111111110000
10111110011100011111111111111101011111011101011111111111011111111101111110111110111100111111111101111100111000111000111111110000
10111110011100011111111111111101011111011101011111111111011111111101111110111110111100111111111101111100111010111100111111110000
10111110011100011101111111111101011111011101011111111111011111111101111100111110111100111111111101111100111010111100111111110000
10111110011100011101111111111111011111011101011111111111011111111101111100111110111100111111111101111100111010111100111111110100
10111110011100011101111111111111011111011101011111111111011111111101111100111110111100111111111101111100111010111100111111110100
10111111011101011101111111111111011111011101011111111111011111111101111100111110111100111111111101111100111010111100111111110110
10111101011101011101111111111111011111011101011111111111011111111101111100111110111100111111111101111100111010111100111111110110
10111101011101011101111111111111111111011111011111111111011111111101111100111110111100111111111101111100111010111100111111110110
10111101011101011101111111111111111111011111011111111111011111111101111100111110111100111111111101111000111010111100111111110110
10111101011101011101111111111111111111011111011111111111011111111111111100111110111100111111111101111000111010111100111111110110
10111101011101011101111111111111111111011111011111111111011111111111111100111110111100111111111101111000111010111100111111110110
10111101111101011101111111111111111111011111011111111111011111111111111100111111111100111111111101111000111011111100111111110110
10111101111101011101111111111111111111011111011111111111011111111111111100111101111100111111111101111000111011111100111111110110
10111101111101111101111111111111111111011111011111111111011111111111111100111101111100111111111101111000111011111100111111110110
10111101111101111101111111111111111111011111011111111111011111111111111100111101111100111111111101111000111011111100111111110110
11111101111101111101111111111111111111011111011111111111011111111111111100111101111100111111111101111000111011111100111111110110
11111101111101111101111111111111111111011111011111111111011111111111111100111101111100111111111101111000111011111100111111110110
11111101111111111101111111111111111111011111011111111111011111111111111110111101111100111111111101111000111011111101111111110110
11111101111111111101111111111111111111011111011111111111011111111111111110111101111110111111111101111000111011111101111111110110
11111101111111111101111111111111111111011111011111111111011111111111111110111101111110111111111101111010111011111101111111110110
11111101111111111101111111111111111111011111011111111111011111111111111110111101111110111111111101111010111011111101111111110110
11111101111111111101111111111111111111011111011111111111011111111101111110111101111110111111111101111010111011011101111111110110
11111101111111111101111111111111111111011111011111111111011111111101111110111101111110111111111101111010111111011101111111110110
11111101111111111101111111111111111111011101011111111111011111111101111110111101111110111111111101111010111111011101111111110110
11111101111111111101111111111111111111111101011111111111011111111101111110111101111110111111111101111110111111011101111111110110
11111101111111111101111111111111111111111101011111111111011111111101111110111101111110111111111101111110111111011101111111110110
11111101111111111101111111111111111111111101011111111111111111111101111110111101111110111111111101111110111111011101111111110110
11111101111111111101111111111111111111111101011111111111111111111101111110111101111110111111111101111110111111011101111111110110
11111101111111111101111111111111111111111101011111111111111111111101111110111101111110111111111101111110111111011101111111110110
11111101111111111101111111111111111111111101011111111111111111111101111110111101111110111111111101111110111111011101111111110110
11111111111111111101111111111111111111111101011111111111111111111101111110111101111110111111111101111110111111011101111111110110
11111111111111111101111111111111111110111100011111111110111111111100111110111101111110111111111101111110111011011101111111110110
11111111111111111101111111111111111110111100011111111110111111111100111110111101111110111111111111111110111011011101111111110110
11111111111111111101111111111111111110111100011111111110111111111100111110111100111110111111111111111110111011011101111111110110
11111111111111111101111111111111111110111100011111111110111111111100111110111100111110111111111111111110111011011101111111110110
11111111111111111101111111111111111110111100011111111110111111111100111110111100111110111111111111111110111011011101111111110110
11111111111111111101111111111111111110111100011111111110111111111100111110111100111110111111111111111110111011011101111111110110
11111111111101011100111111111111111110111100011111111110111111111100111110111100111110111111111111111110111011011101111011110110
11111111111101011100111111111111111110111100111111111110111111111100111110111100111110111111111111111110111011011101111011110110
11111111111101011100111111111111011110111100111111111110111111111100111110111100111110111111111111111110111010011101111000110110
11111111111101011100111111111111011110111100111111111110111111111100111110111100111110111111111111111110111010011101111000110110
11111111111101011100111111111111011110111100111111011110111100011100111110111000111110111100011111111110111010011101110000110100
11111111111101011100111111111111011110111100111111011110111100011110111110111000111110111100011111111110111010011101110000110100
11111110111100011100111111111111011110111100111100011110111100011110111110111000011110111000011111111110111010011100110000110100
11111110111100011110111111111111011110111100111100011110111100011110111110111000011110111000011111111110111010111100110000110100
11111110111100011110111111111111011110111100111100011110111100011110011110111000011110111000011011111110111010111100110000110000
11111110111100011110111111111111011110111100111100011110111100011111011110111000011110111000011011111110111010111100110000110000
11111110111100011110111111111101011110111100011100011110111100011111011110111000011110111000011010111110111010111100110000110000
11111111111100011110111111111101011110111100011100011110111100011111011110111000011110111000011010111110111010111100110000110000
11111111111100011110111111111101011110111100011100011110111100011111011110111000011110111000011010111110111000111100110000110000
11111111111100011110111111111100011110111100011100011110111100011111011110111001011110111000011010111110111000111100110000110000
11111111111100011110111111111100011111111100011100011110111100011111011110111001011110111000011010111110111000111100110000110000
11111111111100011110111111111100011111111100011100011110111100011111011110111001011110111000011010111110111000111100110000110000
11111111111101011110111111111100011111111101011100011111111100011111011110111011011110111000011010111110111000111110110000110000
11111111111101011110111111111100011111111101011100011111111100011111011110111011011110111000011010111110111000111110110000110000
11111111111101011111111111111110011111111101011100111111111100011111011110111011011110111000011010111110111000111110110000111000
11111111111101011111011111111110011111111101011100111111111100011111011110111011011110111000011010111110111000111110110000111000
11111111111101111111011111111110011111111101011111111111111111111111011110111011011110111100111010111110111000111110111101111000
11111111011101111111011111111110011111111101011111111111111111111111011110111011011110111100111010111110111000111110111101111000
11111111011101111111011111111110011111111111011111111111111111111111011110111011011110111111111010111110111000111110111111111001
10111111011101111111011111111110011111111111011111111111111111111111011110111011011110111111111010111110111000111110111111111001
10111111011101111111011111111110011111111111011111111111111111111111011110111011011110111111111010111110111100111110111111111001
10111111011101111111011111111110011111111111011111111111111111111111011110111011011110111111111010111110111100111110111111111001
10111111011111111111011111111111011111111111011111111111111111111111011110111011011110111111111010111110111100111110111111111001
10111111011111111111011111111111011111111111011111111111111111111111011110111011011110111111111010111110111100111110111111111001
10111111011111111111011111111111011111111111011111111111111111111111011110111011011110111111111010111110111100111110111111111001
10111111011111111111011111111111011111111111011111111111111111111111011110111011011110111111111010111110111100111110111111111001
10111111011111111111011111111111011111111111111111111111111111111111011110111011011110111111111010111110111100111110111111111101
10111111011111111111011111111111011111111111111111111111111111111111011110111011011110111111111000111110111100111110111111111101
10111111111111111111011111111111011111111111111111111111111111111111011110111011011110111111111000111110111110111110111111111101
10111111111111111111011111111111011111111011111111111111111111111111011110111011011110111111111000011110111110111110111111111101
10111111111111111111011111111111111111111011111111111111111111111111011110111011011110111111111000011110111110111110111111111101
10111111111111111111011111111111111111111011111111111111111111111111011110111011011110111111111000011110111110111110111111111101
10111111111111111111011111111111111111111011111111111111111111111111011110111011011110111111111000011110111110111110111111111101
10111111111111111111011111111111111111111011111111111101111111111111011110111011011110111111111000011110111110111110111111111101
10111111111111111111011111111111111111111011111111111101111111111111011110111011011110111111111000011110111110111110111111111101
10111111111111111111011111111111111111111011111111111101111111111111011110111011011110111111111000011110111110111110111111111101
10111111111111111111011111111111111111111011111111111101111111111111011110111011011110111111111000011110111110111110111111111101
10111111111111111111011111111111111111111011111111111101111111111111011110111011011110111111111000011110111100111110111111111101
10111111111111111111011111111111111111111011111111111101111111111111011110111011011110111111111000011110111100111110111111111101
10111111111111111111011111111110111101111011111111111101111111111111011110111011011110111111111000011110111100111110111111111101
10111111111111111111011111111110111101111011111111111101111111111111011110111011011110111111111000011110111101111110111111111101
10111111111111111111011111111110111101111011111111111101111111111111011110111011011110111111111100011110111101111110111111111101
10111111111111111111011111111110111101111011111111111101111111111111011110111011011110111111111100011110111101111110111111111101
10111111111111111111011111111110111101111011111111111101111111111111011110111011011110111111111110111110111101111110111111111101
10111111111111111111011111111110111101111011111111111101111111111111011110111011011110111111111110111110111101111110111111111001
10111111111111111111011111111110111101111011111111111101111111111111011110111011011110111111111110111110111101111110111111111011
10111111011111111111011111111110111101111011111111111101111111111111011110111011011110111111111110111110111101111110111111111011
10111111011111111111011111111110111101111111111111111101111111111111011110111011011110111111111110111110111101111110111111111011
10111111011111111111011111111110111101111111011111111101111111111111011110111011011110111111111110111110111101111110111111111011
10111111011111111111011111111110111101111111011111111101111111111111011110111011011110111111111110111110111101111110111111111011
10111111011101011111011111111110111101111111011111111101111111111110011110111011011110111111111110111110111101111110111111111011
10111111011101011111011111111110111101111111011111111101111111111110011110111011011110111111111110111110111101111110111111111011
10111111011101011111011111111110111101111111011111111101111111111110011110111001011110111111111110111110111101111110111111111011
10111111011101011111011111111110111101111111011111111101111111111110111110111101011110111111111110111110111101111110111111111011
10111111011100011111011111111110111101111101011111111101111111111110111110111101011110111111111110111110111101111000111111111011
10111111011100011111011111111111111101111101011111111101111111111110111110111101011110111111111110111110111101111000111111111011
10111110011100011111011111111111111101111100011111111101111111111110111110111100011110111111111110111110111101111000111111111011
10111110011100011111111111111111111101111100011111111101111111111110111110111100011110111111111110111110111101111000111111111011
10111110011100011111111111111111111101111100011111111101111111111100111110111100011110111111111110111110111101111000111111111011
10111110011100011111111111111111111111111100011111111101111111111100111110111100011110111111111110111110111101111000111111111011
10111110011100011111111111111111111111111100011111111101111111111100111110111100011110111111111110111110111101111000111111111011
11111110111100111111111111111111111111111100011111111101111111111100111110111100011110111111111110111110111101111000111111111011
11111110111100111111111111111111111111111100011111111101111111111100111110111100011110111111111110111110111101111000111111111011
11111111111111111111111111111111111111111100011111111111111111111100111110111100111110111111111110111111111111111001111111111011
11111111111111111111111111111111111111111100011111111111111111111100111110111100111110111111111110111111111111111001111111111011
11111111111111111111111111111111111111111100111111111111111111111101111111111100111110111111111110111111111111111001111111111111
11111111111111111111111111111111111111111100111111111111111111111101111111111100111110111111111110111111111111111001111111111111
11111111111111111111111111111111111111111100111111111111111111111101111111111100111110111111111111111111111111111001111111111111
11111111111111111111111111111111111111111100111111111111111111111101111111111100111110111111111111111111111111111001111111111111
11111111111111111111111111111111111111111111111111111111111111111101111111111100111110111111111111111111111111111001111111111111
11111111111111111111111111111111111111111111111111111111111111111101111111111100111110111111111111111111111111111001111111111111
11111111111111111111111111111111111111111111111111111111111111111111111111111111111111111111111111111111111111111111111111111111
11111111111111111111111111111111111111111111111111111111111111111111111111111111111111111111111111111111111111111111111111111111