11111110011111111111111111111111111111111111111111111111111111111111111111111111111111111111111111111111111111111111111111111111
11111110011111111111111111111111111111111111111111111111111111111111111111111111111111111111111111111111111111111111111111111111
11111110011111111111111111111111111111111111111111111111111111111111111111111111111111111111111111111111111111111111111111111111
11111110011111100001111001111011111111111111111111111111111111111111111111111111111111111111111111111111111111111111111111111111
11111110011111100001111001111011111111111111111111111111111111111111111111111111111111111111111111111111111111111111111111111111
10111100001111000001111001111011111111111111111111110011111101111111111111111111111111111111111111111111111111111111111111111111
10111100001111000001111001111011111111000011111111110011111100111111111111110111111101111111111111111111011111111111111111111111
10111100001111000001111001111011111111000011111111110011111100111111111111110111111101111111111111111111011111111111111111111111
10111100001111000000111001111011111111000001111111110011111100111111111111100011111001111111111100111111011111110111111111111111
10111100001111000000111001111011111110000001111111110001111100111111111111100011111001111111111100111110011111100111111111111111
10111100001111000000111001111011111110000001111111110001111000111111111111100011111001111111111100111110011111100111111111111111
10111100001111000000111001111011111110000001111111100001111000111111111111000001111000111111111000111110001111100011111111100001
10111000001111000000111001111011111110000001111111100001111000011111111111000001110000111111111000111110001111100011111111100000
10111000001111000000111001111011111110000001111111100001111000011111111111000001110000111111111000011110001111100011111111100000
10111000001111000000111001111011111110000001111111100001111000011111111111000001110000111111111000011110001111100011111111100000
10111000001111000000111001111011111110000001111111100001111000011111011111000001110000111111111000011110001111100011111111000000
10111000000111000000111001111011111110000001111111100001111000011111011111000001110000111111111000011110000111100011111111000000
10111000000111000000111001111011111110000001111111100001111000011111011111000001110000111111111000011110000111100011111111000000
10111000000111000000111001111011111110000001111111100001111000011111011111000001110000111111111000011110000111100011111111000000
10111000000111000000111001111011111110000001111111100001111000011111011111000001110000111111111000011110000111000011111111000000
10111001100111000100111001111011111110000001111111100001111000011111011111000011110000111111111000011110000111000011111111000000
10111001100111001100111000111011111111000001111111100001111000011111011111000011110000111111111000011110000111000001111111000000
10111001100111001100111000111011111111000001111111100001111000011111011111000011110000111111111000011110000111000001111111000000
10111001100111001110111000111011111111000001111111100001111000011111011111000011110000111111111000011100000111000001111111100000
10111001100111001110111000111011111111110011111111100001111010011111011111000111110100111111111000011100100111000001111111100000
10111011100111001110111000111011111111110011111111101001110010011111011111001111110110111111111011011100100111001001111111100000
10111011100111001110111000111011111111110011111111101101110010011110011111001111110110111111111011011100110111001001111111100000
10111011110111001110111000111011111111111011111111101101110011011110011111001111110110111111111011011100110111001001111111110000
10111011110111011110111000111011111111111011111111101101110011011110011111011111110110111111111011011100110111001001111111111100
10111011110111011110111000111011111111111011111111001101110011011110011111011111100110111111111011011100110111001001111111111100
10111011110111011110111000111011111111111011111111001101110011011110011111011111100110111111111011011100110111001001111111111100
10111011110111011110111000111011111111111011111111001101110011011110011111011111100110111111110011001100110111011001111111111100
10111011110111011110111000111011111111111011111111001101110011011110011111011111100110111111110011001100110111011001111111111100
10111011110111011110111000111011111111111011111111001101110011011110011111011111100110111111110011001100110111011101111111111101
10111011110111011110111000111011111111111011111111001101110011011110011111011111100110111111110011001101110111011101111111111101
10111011110111011110111000111011111111111011111111001101110111011110011111011111100110111111110011001101110111011101111111111101
10111011110111011110111000111011111111111011111111001101110111011110011111011111100110111111110011001101110111011101111111111101
10111011110111011110111000111011111111111011111111001101110111011110011111011111101110111111110011001101110111011101111111111101
10111011110111011110111000111011111111111011111111001101110111011110011111011111101110111111110011001101110111011101111111111101
10111011110111011110111000111011111111111011111111001101110111011110011111011111101110111111110011001101110111011101111111111101
10111011111111011110111000111011111111111011111111001101110111011110011111011111101110111111110011001101110111011101111111111101
10111011111111011110111000111011111111110011111111001101110111011110011111011111111110111111110011101101110111011101111111111101
10111011111111011110111000111011111111110011111111001101110111011110011111001111111110111111110011101101110111011101111111111101
10111011111111011110111000111011111111110011111111001101110111011110011111001111111110111111110011101101110111011101111111111101
10111011111111011110111000111011111111110011111111001101110111011110011111001111111110111111110011101101110011011101111111111101
10111001111111011110111000011011111111110011111111001101110111001110011111001111111110111111110011101101110011011101111111111101
10111001111111011110111000011011111111110111111111101101110111001111011111001111111110111111110011101101110011011101111111111101
10111001111111011110111000011011111111110111111111101101110111001111011111000011111110111111110011101101110011011101111111111101
10111001111111001100111000011011111111110111111111101101110111001111011111000011111110111111110011101101110011011101111111111101
10111001111111001100111000011011111111110111111111100001110111001111011111000011111110111111110011101101110011011101111111111101
10111001111111001100111000011011111111110111111111100001110111001111011111000011111110111111110011101101110011011101111111111101
10111000111111001100111000011011111111110111111111100001110111001111011111000011111100111111110011101101110011011101111111111101
10111000111111000000111000011011111111110111111111100001110111001111011111000011111100111111110011101101110011011101111111111101
10111000111111000000111001011011111111110111111111100001110111001111011111000011111100111111110011101101110011011101111111111101
10111000011111000000111011011011111111110111111111100001110111001111011111000011111100111111110011001101110011011101111111111001
10111000011111000000111011011011111111110111111111100001110111001111011111000011111100111111110011001101110011011101111111111001
10111000011111000000111011011011111111110111111111100001110111001111011111000011111100111111110011001101110011011101111111111011
10111000011111000000111011011011111111110111111111100001110111001111011111000001111000111111110011001101110011011101111111111011
10111100001111000000111011011011111111110111111111100001110111001111011111000001111000111111110011001100110011011101111111111011
10111100001111000000111011011011111111110111111111100001110111001111011111000001111000111111110011001100110011011101111111111011
10111100001111000000111011011011111111110111111111100001110111001111011111000001111000111111110011001100110011011101111111111011
10111100001111000000111011011011111111110111111111100001110111001111011111000001111000111111110011001100110011011101111111111011
10111100001111000000111011011011111111110111111111100001110111001111011111000001111000111111110011001100110011011101111111111011
10111100001111000000111011011011111111110111111111100001110111001111011111000001111000111111111011001100110011011101111111111011
10111100001111000000111011011011111111110111111111100001110111001111011111001001111000111111111011001100110011011101111111111011
10111100000111000000111011011011111111110111111111100001110111001111011111001001111000111111111011001100110011011101111111111011
10111110000111000000111011011011111111110111111111100001110111001111011111011001111100111111111011001100100011011101111111111011
10111110000111000000111011001011111111111111110011100001110111001111011111011001111100111111111000001100000011011101111111111011
10111110000111000000111011001011111111111111100011100001110111001111011111011001111100111100111000001100000011011101111111111011
10111110000111000000111011001011111111111111100011100001110111001111011111011001111100111100111000001100000011011101111111111011
10111111000111000100111011001011111111101111100011100000110111001111011111011001111100011100111000001100000011011101110011111011
10111111000111001110111011001011111111101111100011001000110111001111011111111001111110011000111000001110000011011101110011111011
10111111000111001110111011001011111111101111100011001000110111001111011111111001111110011000111000001110000011011101110011111011
10111111100111001110111011001011111111101111100011001100110111001111011111111101111110011000111000001110000011011101110011111011
10111111100111001110111011100011111111101111100011001100110111011111011111111101111110011000111000001110000111011101110011111011
10111111100111001110111011100011111111101111100011001100110111011111011111111101111110011000111000001110000111011101110011111011
10111111100111001110111011100011111111101111100011001100110111011111011111111101111110011000111000001110000111011101110011111011
10111111100111011110111011100011111111101111100011001100110111011111011111111101111110011000111000001110000111011101110011111011
10111111100111011110111011100011111111101111100011001100110111011111011111111101111110011000111000001110000111011101110011111011
10111111110111011110111011100011111111101111100011011100110111011111011111111101111110011000111000001110000111011101110011111011
10111111110111011110011011100011111111101111100011011100110111011111011111111101111110011000111000001110000111011101110011111011
10111111110111011110011011100011111111101111100111011100110111011111011111111101111110011000111000001110000111011101110011111011
10111111110111011110011011100011111111101111100111011100110111011111011111111101111110011100111100001110000111011101110011111011
10111111110111011110011011100011111111101111110111011110110111011111011111111101111111011100111100001110000111011101110011111011
10111011110111011111011011100011111111101111111111011110110111011111011111111101111111011101111100001110000111011101110011111011
10111011110111011111011011100011111111101111111111011110110111011111011111111101101111011101111100001110000111011101110011111011
10111011110111011111011011100011111111101111111111011110110111011111011111111101101111011111111111001111110111011101110011111011
10111011110111011111011011100011111111101111111111011110110111011111011111111101101111011111111111001111110111011101111111111111
10111011110111011111011011100011111111101111111111011110110111011111011111111101100111011111111111001111110111011101111111111111
10111011110111011111011011100011111111101111111111011110110111011111011111111101100111011111111111001111110111011101111111111111
10111011110111011111011011100011111111101111111111011110110011011111011111111101100111011111111111001111110111011101111111110111
10111011110111011110011011100011111111101111111111011110110011011111011111111101100111011111111111001111110111011101111111110111
10111011110111011110011011100011111111101111111111011110110011011111011111111101100111011111111111001111110111011101111111110111
10111011110111011110011011100011111111101111111111011110110011011111011111011101100111011111111111001111110111011101111111110111
10111011110111011110011011100011111111101111111111011110110011011111011111011101100111011111111011001111110111011101111111110111
10111011110111011110011011100011111111101111111111011110110011011111011111011101100111011111111011001101110111011101111111110111
10111011110111011110011011100011111111101111111111011110110011011111011111011101100111011111111011001101110111011101111111110111
10111011110111011110011011110011111111101111111111001110110011011111011111011101100111011111111011001101110111011101111111110111
10111011110111011110011011110011111111101111111111001110110011011111011111011101100111011111111011001100110111011101111111110111
10111011110111011110111011110011111111101111111111001110110011011111011111011101100111011111111011011100110111011101111111110111
10111011110111011110111011110011111111101111111111001110110011011111011111011101100110011111111011011100110111001101111111110111
10111011110111011110111011110011111111101111111111001100110011011111011111011101100110011111111011011100110111001101111111110111
10111011110111011110111011110011111111101111111111001100110011011111011111011101100110011111111011011100110111001101111111110111
10111011100111011110111011110011111111101111111111001101110011011111011111011101110110011111111011011100110111001101111111110111
10111001100111001100111011110011111111101111111111001101110011011111011111001001110110011111111011011100110111001101111111110111
10111001100111001100111011110011111111101111111111001101111011011111011111001001110110011111111011011100110111001001111111110111
10111001100111001100111011110011111111101111111111001101111011011111011111001001110110111111111011011100110111001001111111110111
10111001100111001000111011110011111111101111111111100101111000011111011111001001110010111111111011011100100111001001111111110111
10111000000111000000111011110011111111101111111111100001111000011111011111000001110000111111111000011100100111001001111111110111
10111000000111000000111011110011111111101111111111100001111000011111011111000001110000111111111000011100100111001001111111110111
10111000000111000000111011110011111111001111111111100001111000011111011111000001110000111111111000011110000111000001111111110111
10111000000111000000111011110011111111001111111111100001111000011111011111000001110000111111111000011110000111000001111111110111
10111000001111000000111011110011111111011111111111100001111000011111011111000011110000111111111000011110000111000011111111110111
10111000001111000000111011110011111111011111111111100001111000111111011111000011110000111111111000011110000111100011111111110111
10111000001111000000111011110011111111011111111111100001111000111111011111000011110000111111111000011110000111100011111111110111
10111000001111000000111011110011111111011111111111100001111000111111011111000011110000111111111000011110000111100011111111110111
10111100001111000000111011110011111111011111111111100001111000111111011111000011110000111111111000011110001111100011111111110111
10111100001111000001111011111011111111011111111111100001111000111111011111000011110000111111111000111110001111100011111111110111
10111100001111000001111011111011111111011111111111100001111100111111011111000011110000111111111000111110001111100011111111110111
10111100001111000001111011111011111111011111111111100011111100111111111111100011110000111111111000111110001111100011111111110111
10111100001111000001111111111111111111111111111111100011111100111111111111100011111000111111111000111110001111100011111111110111
10111100001111000001111111111111111111111111111111100011111100111111111111100011111000111111111000111110001111100011111111110111
10111100011111000001111111111111111111111111111111110011111100111111111111100011111001111111111100111110001111100011111111110111
11111100011111100011111111111111111111111111111111110011111100111111111111100111111001111111111100111111001111100011111111110111
11111100011111100011111111111111111111111111111111110011111100111111111111100111111001111111111100111111001111100011111111110111
11111110011111111111111111111111111111111111111111111111111111111111111111100111111011111111111111111111001111110011111111111111
11111110111111111111111111111111111111111111111111111111111111111111111111111111111111111111111111111111111111110111111111111111
11111110111111111111111111111111111111111111111111111111111111111111111111111111111111111111111111111111111111110111111111111111