11111111111111111111111111111111111111111111111110111111111111111111111111111111111111111111111111111111111111111111111111111111
11111111111111111111111111111111111111111111111110111111111111111111111111111111111111111111111111111111111111111111111111111111
11111111111111111111111111111111110001111111111110001111110111111111111000011111111111101111111111111111111111111111111111111111
11111111111111111110111111111111100001111111111100001111110111111111111000011111111111000011111011111111111111111111111111111111
11111111111111111110111111111111100001111111111100001111110111111111111000011111111111000011111011111111111111111111111111111111
11111111111111111100111111111111000001111111111100001111110111111011111000011111111111000001111001111111111111111111111111111111
11111111110000111100111111111111000001111111111100001111110111111011111000011111111111000001111001111110111110001111111111111111
11111111100000111100111111111111000001111111111100001111110111111011111000011111111111000001110001111110111110001111111111111111
11101111100000111100111111111111000001111111111100001111100111111011111000011111111111000001110001111110111110000111111111111111
11100111100000111100011111111111000001111111111100001111100111111011111000011111111111000001110000111110111110000111111111100011
11000111100000111100011111111111000001111111111100001111100111111011111000011111111111000001110000111110111100000111111111100001
11000111100000111100011111111111000001111111111100001111100111111011111000011111111111000001110000111110111100000111111111100001
11000111100000111100011111111111000001111111111100001111100111111011111000011111111111000001110000111110111100000111111111100001
11000111100000111000011111111111000001111111111100001111100111111011111000011111111111000001110000111100111100000111111111100001
11000111100000111000011111111111000001111111111100001111100111111011111000011111111111000001110000111100111100000111111111100001
11000111100000111000011111111111000001111111111100001111100111111011111000011111111111000001110000111100111100000111111111100001
11000111100000111000011111111111111001111111111100111111100111111011111010011111111111000001110000111100111100000111111111100001
11000011100000111000011111111111111001111111111100111111100111111011111010011111111111000001110000111100111100000111111111100001
11000011100000111000011111111111111101111111111100111111100111111011111110011111111111101001110000111100111100000111111111100001
11000011100000111001011111111111111101111111111100111111100111111011111110011111111111111001110100111100111100000111111111000001
10000011100000111001011111111111111101111111111100111111100111111011111110011111111111111001110100111100111100000111111111000001
10000011100000111011011111111111111101111111111100111111000111111011111110011111111111111001110110111100111101000111111111100001
10010011111100111011011111111111111101111111111101111111000111111011111110011111111111111001110110111100111111000111111111100001
10010011111100111011011111111111111101111111111101111111000111111011111110011111111111111001110110111100111111100111111111100001
10010011111100111011011111111111111101111111111101111111000111111011111110011111111111111001100110111100111111100111111111100001
10010011111100111011011111111111111101111111111101111111000111111011111110011111111111111001100110111100111111101111111111100001
10011011111100111011011111111111111101111111111101111111000111111011111110011111111111111011100110111100111111101111111111110001
10011011111100111011011111111111111101111111111101111111000111111011111110011111111111111011100110111000111111101111111111110001
10011011111100111011011111111111111101111111111101111111000111111011111110011111111111111011100110111000111111101111111111111001
10011011111100111011011111111111111101111111111101111111000111111011111110011111111111111011100110111000111111101111111111111001
10111011111100111011011111111111111101111111111101111111010111111011111110011111111111111011100110111000111111101111111111111001
10111011111100111011011111111111111001111111111101111111010111110011111110011111111111111011100110111000111111101111111111111001
10111011111100111011011111111111111001111111111101111111010111110011111110111111111111111011100110111000111111101111111111111001
10111011111100111011011111111111111001111111111101111111010111110011111110111111111111111011100110111010111111001111111111111001
10111011111100111011011111111111111001111111111101111111010111110011111110111111111111111011100110111010111111001111111111111001
10111011111100111011011111111111111001111111111101111111010111110011111110111111111111111011100110111010111111001111111111111001
10111011111101111011011111111111111001111111111101111111010111110011111110111111111111111011101110111010111111001111111111111001
10111011111101111011011111111111111001111111111101111111010111110111111110111111111111111011101110111010111111001111111111111001
10111011111101111011011111111111111001111111111100111111010111110111111110111111111111111011101110111010111111001111111111111001
10111011111101111011011111111111111001111111111100111111110111110111111110111111111111111011101110111010111111001111111111111011
10111011111101111011011111111111111011111111111100111111110111110111111100111111111111111011101110111010111111001111111111111011
10111011111101111001011111111111111011111111111100011111110111110111111100111111111111111011101110111010111111001111111111111011
10111011111101111001011111111111111011111111111100011111110111110111111100111111111111111011101110111010111111001111111111111011
10111011111101111001011111111111111011111111111100011111110111110111111100111111111111110011101110111110111111011111111111111011
10111011111101111001011111111111111011111111111100011111110111110111111100111111111111110011101110111110111111011111111111110011
10111011111101111001011111111111111011111111111100011111110111110111111100111111111111110011101110111110111111011111111111110011
10111011111101111001011111111111111011111111111100011111110111110111111100111111111111110011101110111110111111011111111111110011
10111011111001111100011111111111111011111111111100011111110111110111111100111111111111110011101110111110111111011111111111110011
10111011111001111100011111111111111011111111111100001111110111110111111100111111111111110011101110011110111111011111111111110011
10111011111001111100011111111111111011111111111100001111110111110111111100111111111111110111101110011110111111011111111111110011
10111011111001111100011111110111111011111100011100001111110111110111111100111111111111110111101110011110111111011111111111110011
10111011111001111100011110000111111011111000011100001111110111110111111100111110000111110111101110011110111110011111111111110011
10111011111001111100011110000111111011110000011100001111110111110111111100111110000111110111101110011110111110011111111111110011
10111011111001111100011110000011110011110000011100001111110111110111111100011110000111110111101110011110111110011111000111110011
10111011111011111100011110000011110011110000011111001111110111110111111100011110000111110111101110011110111110001111000011110011
10111011111011111100011110000011110011110000011111001111110111110111111100011110000111110111101110011110111110001111000011110011
10111011111011111100011110000011110011110000011111101111110111110111111100011110000111110111101110011110111110001111000011110011
10111011111011111100011110000011110111110000011111101111110111110101111100011100000111110111101110011110111110001111000011110011
10111011111011111100011110000011110111110000011111101111110111110101111100011100000111110111101110011110111110001111000011110011
10111011111011111100011110000011110111110000011111101111110111110101111100011100000111110111101110011110111110001111000011110011
10111011111011111100011110000011110111110000011111101111110111110101111110011100000111110111101110011110111110001111000011110001
10111011111011111100011110000011110111110000011111101111110111110101111110011100000111110111101110011110111110001110000011110001
10011011111011111100011110000011110111110000011111101111110111110101111110011100000111110111101110011110111110000110000011110001
10011011111011111100011110000011110111110000011111101111110111110101111111011100000111110111101110011110111111000110000011110001
10010011111011111000011110000111110111110000011111101111110111100101111111011100000111110111101110011110111111000110000011110001
10010011111011111000011110000111110111110000011111101111110111100101111111011100000111110111101110011110111111000110000011110001
10010011111011111000011110000111110111110000011111101111110111100101111111011100000111110111101110011110111111100110000011110001
10010011111011111000011110000111110111110000011111100111110111100101111111011100000111100111101110011110111111100110000011110001
11000011111011111001011110000111110111111111111111100111110111100101111111001111000111100111101110011110111111100110000011110001
11000011111011111001011110000111110111111111111111100111110111100101111111001111000111100111101110011110111111100110000011110001
11000011111011111001011111111111110111111111111111100111110111101101111111001111111111100111101110111110111111100110000011111001
11000011111011111011001111111111110111111111111111100111110111101101111111001111111111100111101110111110111111110110000011111001
11000011111011111011001111111111110111111111111111100111110111101101111111001111111111100111101110111110111111110110000011111001
11000011111011111011001111111111110111111111111111100111110111101101111111001111111111101111101110111110111111110110000011111001
11000011111011111011001111111111110111111111111111100111110111100101111111001111111111101111100110011110111111110111000011111001
11000011110011111011001111111111110111111111111111100111110111100100111111001111111111101111100110011110111111110111110111111001
11000011110011111011001111111111110111111111111111100111110111100000111111001111111111101111100110011110111111110111110111111101
11000011110011111011101111111111110111111111111111100111110111100000111111101111111111101111101110111110111111110111111111111101
11000011110011111011101111111111110111111111111111100111110111100000111111101111111111101111101110111110111111110111111111111100
11000011110011111011101111111111110111111111111111100111110111100000111111101111111111101111100110111110111111110111111111111100
11100011110011111011101111111111110111111111111111100111110111100000111111101111111111101111100110111110111111110111111111111100
11100011110111111011101111111111110111111111111111100111110111100000111111101111111111101111100110111110111111110111111111111100
11100011110111111011101111111111110111111111111111100111110111100000111111101111111111101111100110111110111111110111111111111100
11100011110111111011101111111111110111111111111111100111110111100000111111101111111111101111100110111110111111110111111111111100
11110011110111111011101111111111110111111111111111100111110111100000111111101111111111101111100110111110111111110111111111111100
11110011110111111011101111111111110111111111111111100111110111100000111111101111111111101111100110111110111111110111111111111100
11110011110111111011101111111111110111111111111111100111110111100000111111101111111111101111100110111110111111110111111111111100
11110111110111111011101111111111110111111111111111100111110111100000111111101111111111101111100110111110111111110111111111111100
11110111110111111011101111111111110111111111111111100111110111100000111111101111111111101111100110111110111111110111111111111100
11110111110111111011101111111111110111111111111111100111110111100000111111001111111111101111100110111110111111110111111111111100
11110111110111111011101111111111110111111111111111101111110111100000111111001111111111101111100110111110111111110111111111111100
11110111110111111011101111111111110111111111111111101111110111110100111111001111111111101111100110111110111111110111111111111100
11110111110111111011101111111111110111111111111111101111110111111100111111001111111111101111100110111110111111110111111111111101
11110111110111111011101111111111110111111111111111101111110111111100111111001111111111101111100110111110111111110111111111111101
11110111110111111011101111111111110111111111111111101111110111111100111111001111111111101111100110111110111111110111111111111101
11110111110111111011101111111111100111111111111111101111110111111100111111001111111111101111110110111110111111110111111111111101
11110111110111111011101111111111100111111111111111101111110111111100111111001111111111101111110110111110111111110111111111111101
11110111110111111011101111111111100111111111111111101111110111111100111111001111111111101111110110111110111111100111111111111101
11110111110111111011101111111111100111111111111111101111110111111101111111011111111111101111110110111110111111100111111111111101
11100111110111111011101111111111100111111111111111001111110111111101111111011111111111101111110110111110111111100111111111111101
11100111110111111011101111111111100111111111111111001111110111111101111111011111111111101111110110111110111111100111111111111101
11100111110111111011101111111111100111111111111111001111110111111101111111011111111111101111110110111110111111100111111111111101
11100111110111111011001111111111100111111111111111001111110111111101111011011111111111101111110110111110111111100111111111111101
11100111110111111011001111111111100111111111111111001111110111111101111010011111111111101111110110111110111101100111111111111101
11100111110111111011001111111111100111111111111111001111110111111101111010011111111111101111110110111110111101100111111111111101
11101111110111111001001111111111100111111111111110001111110111111101111010011111111111101111110100111110111100100111111111101001
11101111110111111001001111111111100111111111111110001111110111111101111000011111111111101111110000111110111100000111111111100001
11101111110111111000001111111111100111111111111100001111110111111101111000011111111111101111110000111110111100000111111111100001
11101111110111111000001111111111101111111111111100001111110111111101111000011111111111101111110000111110111100000111111111100001
11101111110111111000001111111111101111111111111100011111110111111101111000011111111111101111110000111110111100001111111111100001
11101111110111111000001111111111101111111111111100011111110111111101111000011111111111101111110000111110111100001111111111100001
11101111110111111000001111111111101111111111111100011111110111111101111000011111111111101111110000111110111100001111111111100001
11101111110111111000011111111111101111111111111100011111110111111101111000011111111111101111110000111110111100001111111111100001
11101111110111111000011111111111111111111111111100011111110111111101111000111111111111101111110000111110111100001111111111100001
11101111110111111000011111111111111111111111111100011111110111111101111000111111111111101111110000111110111100001111111111100001
11101111110111111000011111111111111111111111111100011111110111111101111000111111111111101111110001111110111100001111111111100001
11001111110111111100011111111111111111111111111100111111110111111111111100111111111111101111110001111110111100001111111111100001
11001111110111111100011111111111111111111111111100111111110111111111111100111111111111101111110001111110111100001111111111100001
11001111110111111100011111111111111111111111111101111111110111111111111100111111111111101111111001111110111110001111111111100011
11001111110111111100011111111111111111111111111111111111111111111111111101111111111111111111111001111110111110011111111111100011
11001111110111111100111111111111111111111111111111111111111111111111111111111111111111111111111011111111111110011111111111100011
11001111110111111100111111111111111111111111111111111111111111111111111111111111111111111111111111111111111110011111111111100011
11011111110111111100111111111111111111111111111111111111111111111111111111111111111111111111111111111111111111111111111111100011
11011111110111111111111111111111111111111111111111111111111111111111111111111111111111111111111111111111111111111111111111100011
11011111110111111111111111111111111111111111111111111111111111111111111111111111111111111111111111111111111111111111111111100011
11011111111111111111111111111111111111111111111111111111111111111111111111111111111111111111111111111111111111111111111111110111
11011111111111111111111111111111111111111111111111111111111111111111111111111111111111111111111111111111111111111111111111110111
11011111111111111111111111111111111111111111111111111111111111111111111111111111111111111111111111111111111111111111111111110111