11111111111110111111001111111111111111110111111111111111111111111111111111111111101111111111111111111111111101111111111111111111
11111111111110111111001111111111111111110111111111111111111111111111111111111111101111111111111111111111111101111111111111111111
11011111111110011111001111111111111111110111111111111110111111111111111111111111101011111111111111110011111000111111101111111111
11011111111110011111001111111111111111110111111111111110111111111111111111111111111011111111111111110011111000111111101111111111
11010111111110011111000111111111111111110111111111111110111111111111111101111111111011111111111111110011111000111111101111111111
11110111111110011111000111111111111111110111111111111110111111111111111101111111111011111111111111110011111000111111101111111111
11111111111110011111110111111111111111110111111111111110111111111111111111111111111011111111111111110011111100111111101111111101
11111111111110011111110111111111111111110111111111111110111111111111111111101111111011111111111111111011111100111111101111111101
11111111111110011111110111111111111111110111111111111110111111111111111111101111111111111111111111111011111100111111101111111101
11111111111110011111110111111111111111110111111111111100111111111111111111101111111111111111111111111011111100111111101111111101
11111111111111011111110111111111111111110111111111111101111111111111111111101111111111111111111111111011111100111111111111111101
11111111111111011110110111111111111111110111111111111101111111111111111111101111011111111111111111111011111100111111111111111101
11111111111111011110110111111111111111110111111111111101111111111111111111101111011111111111111111111011111100111111111111111101
11111111111111011110110111111111111111110111111111111101111111111111111111101111011111111111111111111011111100111111110111111111
10111111111111011110110111111111111111110111111111111101111111111111111111101111011111111111111111111011111100111111110111111111
10111111111111011110110111111111111111110111111111111101111111111111111111101111011111111111111111111011111100111111110111111111
10111011111111011110110111111111111111110111111111111101111111111111111111101111011111111111111111111011111100111111110111111111
10111011111111011110110111111111111111110111111111111101111111111111111111101111011111111111111111111011111100111111110111111111
10111011111111011110110111111111111111110111111111111101111111111111111011101111011111111111111111111011111100111111110111111111
10111011111111011110110111111111111111110111111111111101111111111111111011101111011111111111111111111011111100111111110111111111
10111011111111111110110111111111111111110111111111111101111111111111111011101111011111111111111111111111111101111111110111111111
10111011111111111110110111111111111111110111111111111101111111111111111011101111011101111111111111111111111101111111110111111111
11111011111111111110110111111111111111110111111111111101111111111111111011111111011101111111111111111111111101111111110111111111
11111011111111111110110111111111111111110111111111111101111111111111111011111111011101111111111111111111111101111111110111111111
11111011111111111110111111111111111111110111111111111101111111111111111011111111011101111111111111111111111101111111110111111111
11111011111110111110111111111111111111111111111111111101111111110111111011111111111101111111111111111111111101111111110111111111
11111011111110111110111111111111111111111111111111111101111111110111111011111111111101111111111111111111111101111111110111111111
11111011111110111110111111111111111111111111111111111101111111110111111011111111111101111111111111111111111101111111110111111111
11111011111110111110110111111111111111111111111111111101111111110111111011111111111101111111111111111111111101111111110111111110
11111011111110111110110111111111111111111111111111111101111111110111111011111111111101111111111111111111111101111111110111111110
11111011111110111110110111111111111111111111111111111101111111110111111011111111111101111111111111111111111101111111110111111110
11111011111110111110110111111111111111111111111111111101111111110111111011111111111101111111111111110111111101111111110111111110
11111011111110111110110111111111111111111111111111111101111111110111111011111111111101111111111111110111111101111111110111111110
11111011111110111110110111111111111111111111111111111101111111110111111011111111111101111111111111110111111101111111110111111110
11111011111110111110110111111111111111111111111111111101111111110111111011111111111101111111111111110111111101111111110111111110
11111011111110111110110111111111111111111111111111111101111111110111111011111111111101111111111111110111111101111111110111111110
11111011111110111110110111111111111111111111111111111101111111110111111011111111111101111111111111110111111101111111110111111110
11111011111110111110110111111111111111111111111111111100111111110111111011111111111101111111111111110111111101111111110111111110
11111011111110111110110111111111111111111111111111111100111111110111111011111111111101111111111111110111111101111111110111111110
11111011111110111110110111111111111111111111111111111100111111100111111011111111111101111111111111110111111101111111110111111110
11111011111110111110110111111111111111111111111111111100111111100111111011111111111101111111111111110111111101111111110111111110
11111011111111111110110111111111111111111111111111111100111111100111111011111111111101111111111111111111111101111111110111111110
11111011111111111110110111111111111111111111111111111100111111100111111011111111111101111111111111111111111001111111110111111110
11111011111111111110110111111111111111111111111111111100111111100111111011111111111101111111111111111111111001111111110111111110
11111011111111111110010111111111111111111111111111111100111111100111111011111111111101111111111111111111111001111111110111111110
11111011111111111110000111111111111111111111111111111100011111100111111011111111111101111111111111111111111001111111110111111110
11111011111111111110000111111111111111111111111111111100011111100111111011111111111101111111111111111111111001111111111111111110
11111011111111111110000111111111111111111111111111111100011111100011111011111111111101111111111111111111111001111111101111111110
11111011111111111111000111111111111111111111111111111100011111100011111011111111111101111111111111111111111001111111101111111110
11111011111111111111000111111111111111111111111111111100011111100011111011111111111101111111111111111111111001111111101111111110
11111011111111111111000111111111111111111111111111111110011111100011111011111111111101111111111111111111111001111111101111111110
10111011111101111111000111111111111111111111111111111110011111100011111011111111111101111111111111111111111001111111101111111110
10111011111101111111000111111111111111111111111111111110001111100011111011111111111101111111111111111111111001111111101111111110
10111011111101111111000111111111111111111111111111111111001111100011111011111111111101111111111111111111111001111111101111111110
10111011111101111111000111111111111111111111111111111111001111100011111011111111111101111111111111111111111001111111101111111110
10111011111101111111000111111111111111111111111111111111001111100011111011111111111101111111111111111111111101111111101111111110
10111011111101111111000111111111111111111111111111111111001111100001111011111111111101111111111111111111111101111111101111111110
10111011111111111111000111111111111111111111111111111111101111100001111011111111111101111111111111111111111101111111101111111110
10111011111111111111000111110111111111111111110111111111101111101101111011111111111101111011111111111111111101111111111111111110
10111011111111111111000111110010111111111111110101111111101111101101111011111111111101111001111111111111111100111111111111111110
10111011111111111111000111110010111111111111110101111111101111101101111011111111111101111001111111111111111100111111111111111110
10111011111111111110000111110000111111111111110001111111101111101101111011111111111101111000011111111111111100111111111111111110
10111011111111111110000111110000111111111111110001111111101111101101111011111111111101111000011111111111111110111111111111111110
10110011111111111110000111110000111111111111110001111111101111101101111011111111111101111000011111111111111110111111111111111110
10010011111111111110000111110000111111111111110001111111101111101101111011111111111101111000111111111111111110111111111111111110
11010011111111111110000111110000111111111111110001111111101111101101111011111111111101111111111111111111111110111111111111111110
11010011111111111110000111110000111111111111110001111111101111101101111011111111111101111111111111111111111110111111111111111110
11010011111111111110110111111111111111111111111001111111101111111101111011111111111101111111111111111111111110111111111111111110
11000011111111111110110111111111111111111111111001111111101111011101111011111111111101111111111111111111111110111111011111111110
11000011111111111110110111111111111111111111111111111111101111011101111011111111111101111111111111111111111110111111111111111110
11000111111111111110110111111111111111111111111111111111101111011111111011111111111101111111111111111111111110111111111111111110
11000111111111111110110111111111111111111111111111111111101111011111111011111111111101111111111111111111111110111111111111111110
11100111111111111110110111111111111111111111111111111111111111011111111011111111111101111111111111111111111110111111111111111110
11100111111111111110110111111111111111111111111111111111111111011111111011111111111101111111111111111111111110111111111111111110
11100111111111111110110111111111111111111111111111111111111111011111111011111111111101111111111111111111111110111111111111111110
11100111111111111110110111111111111111111111111111111111111111011111111011111111111101111111111111111111111110111111111111111110
11100111111111111110111111111111111111111111111111111111111111011111111011111111111101111111111111111111111110111111111111111110
11100111111111111111111111111111111111111111111111111111111111011110111011111111111101111111111111111111111111111111111111111110
11100111111011111111111111111111111111111111111111111111111111011110111011111111111101111111111111111111111111111110111111111110
11100111111011111111111111111111111111111111111111111111111111011110111011111111111101111111111111111111111111111110111111111110
11100111111011111111111111111111111111111111111111111111111111011110111011111111111101111111111111111111111111111110111111111110
11100111111011111111111111111111111111111111111111111111111111011110111011111111111101111111111111111111111111111110111111111110
11100111111011111111111111111111111111111111111111111111111111011110111011111111111101111111111111111111111111111110111111111110
11110111111011111111111111111111111111111111111111111111111111011110111011111111111101111111111111111111111111111110111111111110
11110111111011111111111111111111111111111111111111111111111111011110111011111111111101111111111111111111111111111110111111111110
11110111111011111111111111111111111111111111111111111111111111011110111011111111111101111111111111111111111111111110111111111110
11110111111011111111111111111111111111111111111111111111111111011110111011111111111101111111111111111111111111111111111111111110
11110111111011111111111011111111111111111111111111111111111111011110111011111111111101111111111111111111111111111111111111111110
11110111111011111111111011111111111111111111111111111111111111011110111011111111111101111111111111111111111111111111111111111110
11110111111011111111111011111111111111111111111111111111111111011110111011111111111101111111111111111111111111111111111111111110
11110111111011111111111011111111111111111111111111111111111111011110111011111111111101111111111111111111111111111111111111111110
11110111111011111111111011111111111111111111111111111111111111011110111011111111111101111111111111111111111111111111111111111110
11110111111011111111111011111111111111111111111111111111111111011110111011111111111101111111111111111111111111111111111111111110
11111111111011111111111011111111111111111111111111111111111111011110111011111111111101111111111111111111111111111111111111111110
11111111111011111111111011111111111111111111111111111111111111011110111011111111111101111111111111111111111111111111111111111110
11111111111011111111111011111111111111111111111111111111111111011110111011111111111101111111111111111111111111111111111111111111
11111111111011111111111011111111111111111111111111111111111111011110111011111111011101111111111111111111111111111111111111111111
11111111111011111111111011111111111111111111111111111111111111011110111011111111011101111111111111111111111111111111111111111111
11111111111011111111111011111111111111111111111111111111111111011111111011111111011101111111111111111111111111111111111111111111
11111111111011111111111011111111111111111111111111111111111111011111111011111111011101111111111111111111111111111111111111111111
11111111111011111111111011111111111111111111111111111111111111011111111011111111011101111111111111111111111111111111111111111111
11111111111011111111111011111111111111111111111111111111111111011111111011101111011101111111111111011111111111111111111111111111
11101111111011111111111011111111111111111111111111111111111111111111111011101111011101111111111111011111111111111111111111111111
11101111111011111111111011111111111111111111111111111111101111111111111011101111011101111111111111011111111110111101111111101111
11101111111011111111111011111111111111111111111111111111101111101111111011101111011101111111111111011111111110111101111111101111
11101111111011111111111111111111111111111111111111111111101111101111111011101111011111111111111111011111111110111101111111101111
11101111111011111111111111111111111111111111111111111111101111101111111011101111011111111111111111011111111110111101111111101111
11101111111011111111111111111111111111111111111111111111101111101111111011101111011111111111111111011111111110111101111111101111
11101111111111111110111111111111111111111111111111111111101111101101111011101111011111111111111111011111111110111101111111101111
11101111111111111110111111111111111111111111111111111111101111101101111011101111011111111111111111011111111110111101111111101111
11111111111111111110111111111111111111111111111111111111101111101101111011101111011111111111111111011111111110111101111111101111
11111111111111111110110111111111111111111111111111111111101111101101111001101111011111111111111111011111111110111100111111101111
11111111111111111110110111111111111111111111111111111111111111101101111101101111011111111111111111011111111111111100111111101111
11111111111111111110110111111111111111111111111111111111111111101101111101101111011111111111111111011111111111111100111111101111
11111111111111111110110111111111111111111111111111111111111111101101111101101111011111111111111111111111111111111110111111101111
11111111111111111110110111111111111111111111111111111111111111101101111101111111111111111111111111111111111111111110111111101111
11111111111111111110110111111111111111111111111111111111111111100001111101111111101111111111111111111111111111111110111111101111
11111111111111111110110111111111111111111111111111111111111111100011111101111111101111111111111111111111111111111110111111101111
11111111111111111110010111111111111111111111111111111111111111100011111101011111101011111111111111111111111111111110111111100111
11111111111111111110010111111111111111111111111111111111111111100011111101011111101011111111111111111111111111111110111111110111
11111111111111111110000111111111111111111111111111111111111111100011111100011111100011111111111111111111111111111110111111110111
11111111111111111110000111111111111111111111111111111111111111110011111100011111100011111111111111111111111111111111111111110111
11111111111111111110000111111111111111111111111111111111111111110011111100111111100111111111111111111111111111111111111111110111
11111111111111111110000111111111111111111111111111111111111111110011111100111111100111111111111111111111111111111111111111110111
11111111111111111111001111111111111111111111111111111111111111110011111111111111111111111111111111111111111111111111111111111111
11111111111111111111001111111111111111111111111111111111111111110011111111111111111111111111111111111111111111111111111111111111
11111111111111111111001111111111111111111111111111111111111111111111111111111111111111111111111111111111111111111111111111111111
11111111111111111111001111111111111111111111111111111111111111111111111111111111111111111111111111111111111111111111111111111111