11111111111111111111111111111110111000011100111111111000011111111000111101111101111111111001110000111101111011111011111111111011
11111111111111111111111111111110111000011100111111111000011111111000111101111101111111111001110000111101111011111011111111111011
11111111111111111111111111111100111000011100111111111000011111111000111100111001111111111001110000111101111001111001111111111011
11111111111111111111111111111100111000011100111111111000011111111000111100111001111111111001110000111101111001111001111111111011
11111111111111111111111111111100111000011100111111111000011111111000111000111000111111111001110000111101111001111001111111111001
11111111111111111111111111111100111000011100111111111000011111111000111000111000111111111001110000111101111001111001111111111001
11111111111111111111111111111100111000011100111111111000011111111000111000111000111111111001110000111101110001110001111111111001
11111111111111111111111111111100011000011100111111111000011111111000111000111000111111111001110000111101110001110001111111111001
11111111111111111111111111111100011000011100111111111000011111111000111000111000111111111001110000111101110001110001111111111001
11111111111111111111111111111100011000011100111111111000011111111000111000111000111111111001110000111101110001110001111111111001
11111111111111111111111111111100011000011100111111111000011111111000111000111000111111111001110000111111110001110001111111111001
10011110011110111111111111111100011000011100111111111000011111111000111000111000111111111000110000111111110001110001111111110001
10011110011100111101101111111100011000011100011111111000011111111000111000111000111111111000110000111111110001110001111111110001
10011110011100111101101111111100011000011100011111111000011111111000111010111010111111111000110000111111110001110001111111110001
10011110011100011101101111111100011000011100011111111000011111111000111010111010111111111000110000111111110000110001111111110001
10011110011100011101101111111101011111011100011111111111011111111110111010111010111111111110111100111111110100110101111111110101
10011110011100011101101111111101011111011011011111111111011111111110111010111110111111110110111110111111110110110101111111110100
10011110011100011101101111111101011111011011011111111111011111111110111010111110111111110110111110111111110110110100111111110100
10011110011100011101101111111101011111011011011111111111111111111110111010111110111111110110111110111111110110110110111111110100
10011110011100011101101111111101011111011011011111111111111111111110111010111110111111110110111110111111110110110110111111110100
10011110011100011101101111111101011111011011011111111111111111111110111010111110111111110110111110111111110110110110111111110110
10011110011100011101101111111111011111011011011111111111111111111110111010111110111111110110111100111011110110110110111111110110
10011110011100011101101111111011011111011011011111111111111111111110111010111110111111110110111100111011110110110110111111110110
10011110011100011101101111111011011111011011011111111111111111111110111110111110111111111110111101111011111110111110111111110110
10011110011100011101101111111011011111011011011111111111111111111110111110111110111111111110111101111011111110111110111111110110
10011110011100011101101111111011011111011011011111111111111111111110111111111110111111111110111101111011111110111110111111110110
11011111101101001101101111111011011111011011011111111111111111111110111111110110111111111110111101111011111110111110111111110110
11011111101101001101101111111011011111011011011111111110111111111110111111110110111111111110111101111011111110111110111111110110
11011111101101001101101111111011011111011011011111111110111111111110111111110110111111111110111101111011111110111110111111110110
11011101101101001101101111111011011111011011011111111110111111111100111111110110111111111110111101111011111110111110111111110110
11011101101101101101101111111011011111011011011111111110111111111101111111110110111111111110111101111011111110111110111111110110
11011101101101101101101111111011011111011011011111111110111111111101111111110110111111111110111101111011111110111110111111110110
11011101101101101101101111111011011111011011011111111110111111111101111111110110111111111110111101111011111110111110111111110110
11111101101101101101101111111011111111011011011111111110111111111101111111110110111111111110111101111011111110111110111111110110
11111101101101101101101111111011111111011011011111111110111111111101111111110110111111111110111101111011111110111110111111110110
11111101101101101101101111111011111111111011011111111110111111111101111111110110111111111110111101111011111110111110111111110110
11111101101101101101101111111011111111111011011111111110111111111101111111110110111111111110111101111011111110111110111111110110
11111101101101101101101111111011111111111011011111111110111111111101111111110110111111111110111101111011111110111110111111110110
11111101101101101101101111111011111110111111011111111110111111111101111111110110111111111110111101111011111110111110111111110110
11011101101101101101101111111011111110111111011111111110111111111101111111110110111111111110111101111011111110111110111111110110
11011101111101101101101111111011111110111111111111111110111111111101111111110110111111111110111101111011111110111110111111110110
11011101111101101100101111111011111110111111111111111110111111111101111111110110111111111110111101111011111110111110111111110110
11011101111101101100101111111011111110111111111111111110111111111101111111110110111111111110111111111011111110111110111111110110
11011101111101101100101111111011111110111101111111111110111111111101110111110110111111111110111111111011111110111110111111110110
11011101111101101100101111111011111110111100111111111110111111111101110111110110111111111110111011111011111110111110111111110110
11011101111101101100101111111011111110111100111111111110111111111101110111110111111111111110111011111011111110111110111111110110
11011101111101101100101111111011011110111100111111111110111111111101110111110111111111111110111011111011111110111100111111110110
11011101111101101100101111111011011110111100111111111110111111111101110111110111111111111110111011111011111110111100111111110110
11011111111101101100101111111011011110111100111111111110111111111101110111110111111111111110111001111011111110111100111111110110
11011110111101101100101111111011011110111100111111111110111111111101110111110111111111111110111001111011111100111100111111110110
11011110111101101100101111111011011110111100111111111110111111111101110111110111111111111110111001111011111100111101111111110110
11011110111101101100101111111011011110111100111111111100111111111101110111110111111111111110111001111011111100111101111111110110
11011110111101101100101111111011011110111100111111111101111111111101110111110111111111111110111001111011111101111101111111110110
11011110111101101100101111111111011110111100111000111101111000111001110111110111110111111100111001111011111101111101111111110110
11011110111101001100101111111111011110111100111000011101111000111000110111110111110000111100111001111011111101111101110001110110
11011110111101001100101111111111011110111100111000011101111000111000110111110111110000111100111001111111111101111101110001110110
11011110111100001100101111111111011110111100111000011101111000111000110111110111110000111100111001111101111101111101110000110110
11011110111100011100101111111111011110111100111000011101111000111100110111110111110000111101111001111101111101111101110000110110
11011110111100011100101111111101011110111100111000011101111000111100110111110111110000111101111001111101111101111101110000110110
11011110111100011100101111111101011110111100111000011101111000111100110111110111110000111101111001111101111101111101110000110110
11011110111100011100101111111101011110111100111000011101111000111100110111110111110000111101111001111101111101111101110000110110
11011110011100011100101111111101011110111100111000011101111000011100110111110111110000111101111000111101111101111101110000110100
11011110011100011100101111111101011111111100111000011101111000011100110111110111110000111101111000111101111101111101110000110100
11011110011100011100101111111101011111111100111000011101111000011100110111110111110000111101111000110101111101111001110000110000
11011110011100011100101111111100011111111100111000011101111000011110110111110111110000111101111100110101111101111001110000110000
11011110011100011100101111111100011111111100111000011101111000111110110111110111110000111101111110110101111101111001110000110000
11011110011100011100101111111100011101111100111000011101111000111110110111110111110000111101111110110101111001111001110000110000
11011110011100011100101111111100011101111100111000011101111000111110110111110111110000111101111110110101111001111001110000110000
11011110011100011100101111111100011101111100011000011101111000111110110111110111110000111001111110110101111001111001110000110000
11011111011100011100101111111100011101111101011000011101111000111110110111110111110000111001111110110101111001111011110000110000
11011111011100011100101111111100011101111011011000011101111000111110110111110111110000111001111110110101111011111011110000110001
11011111011100011100101111111100011101111011011000011101111000111110110111110111110000111001111110110101111011111011110000110001
11011111011101011100101111111100011101111011011111111101111111111110110111110111111111111011111110110101111011111011111111111001
11011111011101001100101111111100011101111011011111111101111111111110110111110111111111111011111110110101111011111011111111111001
11011111011101001100101111111100011101111011011111111101111111111110110111110111111111111011111110110101111011111011111111111001
11011111011101101101101111111100011101111011011111111101111111111110110111110111111111111011111110110101111011111011111111111001
11011111011101101101101111111100011101111011011111111101111111111110110111110111111111111011111110110101111011111011111111111001
11011111011101101101101111111110011101111011011111111101111111111110110111110111111111111011111110110101111011111011111111111001
11011111001101101101101111111110011101111011011111111101111111111110110111110111111111111011111110110101111011111011111111111001
11011111101101101101101111111111011101111011011111111101111111111110110111110111111111111011111110110101111011111011111111111001
11011111101101101101111111111111011101111011011111111101111111111110110111110111111111111011111110110101111011111011111111111101
11011111101101101101111111111111011101111011011111111101111111111110110111110111111111111011111110110001111011111011111111111101
11111111101101101101111111111111011101111011011111111111111111111110110111110111111111111011111110110001111011111011111111111101
11111111101101101101111111111111011101111011011111111111111111111110110111110110111111111011111110110000111011110011111111111101
11111111101101101101111111111111011101111011011111111111111111111110110111110110111111111011111110110000111011110011111111111101
11111111101101101101011111111111011101111011011111111111111111111110110111110110111111111011111110110000111111110011111111111101
11111111101101101101011111111111011101111011011111111111111111111110110111110110111111111011111110110000111111110011111111111101
11111111101101101101011111111111111101111011011111111111111111111110110111110110111111111011111110110000111111110111111111111101
11111111101101101101011111111111111101111011011111111111111111111110110111110110111111111011111110110000110111110111111111111101
11111111101101101101011111111111111101111011011111111111111111111110110111110110111111111111111110110000110111110111111111111101
11111111101101101101011111111110111101111011011111111111111111111110111111110110111111111111111110110000110111110111111111111101
11111101101101101101011111111110111101111011011111111111111111111110111111110110111111110111111110110000110111110111111111111101
11111101101101101101011111111110111101111011011111111111111111111110111111110110111111110111111110110000110111110111111111111101
11111101101101101101011111111110111101111011011111111111111111111110111111110110111111110111111110110000110111110111111111111101
11111101101101101101011111111110111101111011011111111111111111111110111111110110111111110111111110110000110111110111111111111101
11111101101101101101011111111110111101111011011111111111111111111110111111110110111111110111111110110000110111110111111111111101
11111101101101101101011111111110111101111011011111111111111111111110111110110110111111110111111110110000110111110111111111111101
11111101101101101101011111111110111101111011011111111111111111111110111110110110111111110111111110111100110111110111111111111101
11111101101101101101011111111110111101111011011111111111111111111110111110110110111111110111111110111100110111110111111111111101
11111101101101101101011111111110111101111011011111111111111111111110111110110110111111110111111110111101110111110111111111111101
11111101101101101101011111111110111101111011011111111111111111111110111110110110111111110111111110111101110111110111111111111101
11111101101101101101011111111110111101111011011111111111111111111110111110110110111111110111111110111101110111110111111111111111
11111101101101101101011111111110111101111011011111111111111111111110111110110110111111110111111110111101110111110111111111111111
11111101101101101101011111111110111101111011011111111111111111111110111110110110111111110111111110111101110111110111111111111011
11111101101101101101011111111110111101111011011111111111111111111110111110110110111111110111111110111101110111110111111111111011
11111101101101101101011111111110111101111011011111111111111111111110111010110110111111110111111110111101110111110111111111111011
11111101101101101101011111111110111101111011011111111111111111111110111010110110111111110111111110111101110111110111111111111011
11111101001101001101011111111110111101111011011111111111111111111110111010111110111111110111111110111101110111110111111111111011
11011100001101001101011111111110111101111011011111111111111111111110111010111010111111110111111100111101110111110111111111111011
11011110001101001101011111111110111101111011011111111111111111111110111010111010111111110111111100111101110111110111111111111011
10011110001100001101001111111110111101111001011111111111111111111110111010111010111111110111110100111101110111110111111111111011
10011110011100011101001111111110111101111001011111111111111111111110111010111010111111110111110100111101110111110111111111111011
10011110011100011101001111111111111101111000011111111111111111110000111010111010111111110000110000111101110001110001111111111011
10001110011100011101001111111101111101111000011111111111111111110000111000111000111111110000110000111101110000110001111111111011
10001110011100011101001111111101111101111000011111111111111111110000111000111000111111110000110001111101110000110001111111111011
10001110011100011101001111111101111101111000011111111111111111110000111000111000111111110000110001111101110000110000111111111011
10001110011100011101001111111101111101111000011111111111111111110000111000111000111111110000110001111101110000110000111111111011
10001110011100011101001111111101111101111100111111111111111111111000111000111000111111110000110001111101110000110000111111111011
10001110011100011101001111111101111101111100111111111111111111111000111000111000111111110000110001111101110000110000111111111011
10001110011100011101001111111101111101111100111111111111111111111001111000111000111111110000110001111101110000110000111111111011
10001110011100011101001111111101111101111100111111111111111111111001111000111000111111110000110001111101110000110000111111111011
10011110011100011101111111111101111101111100111111111111111111111001111000111000111111110000110001111101110000110000111111111011
10011110011100011101111111111101111101111100111111111111111111111001111000111000111111110000110001111101110000110000111111111011
10011110011100011101111111111101111101111100111111111111111111111001111000111000111111110000110001111101110000110000111111111011
11111111111111111111111111111101111101111100111111111111111111111001111001111001111111110000111001111101110000110000111111111011
11111111111111111111111111111101111101111100111111111111111111111001111001111001111111110000111001111101110000110000111111111011
11111111111111111111111111111111111111111110111111111111111111111101111101111001111111110110111011111111111111111011111111111111
11111111111111111111111111111111111111111110111111111111111111111101111101111001111111110110111011111111111111111011111111111111