11111111111111111111111111111111111111111111111111111111111111111111111111111111111111111111111111111111111111111111111111111111
11111111111111111111111111111111111111111111111111111111111111111111111111111111111111111111111111111111111111111111111111111111
11111111111111111111111111111111111111111111111111111111111111111110111111111111111111111111111111111111111111111111111111111111
11111111111111111111111111111111111111111111111111111111111111111110111101111101111111111111111111111111111111111111111111111111
11111111111111111111111111111111111110011110111111111110011111111100111100111101111111111111111111111111111111111111111111111111
11111111111111111111111111111110111100011110111111111100011111111100111100111100111000111111111111111101111111111101111111111111
11111111111111111111111111111110111100011110111111111100011111111100111100111100111000111111111111111101111111111101111111111111
11111111111111111111111111111110011100011100011111111100011111111100111100111100111000111111111111111101111111111001111111111111
11111111111111111111111111111110011100011100011111111100011111111100111100111100111000111111111110111001111101111001111111111111
11111111111111111111111111111110011100011100011111111100011111111100111100111100111000111111111110111001111101111001111111111111
11111111111111111111111111111100011100011100011111111100011111111000111100111000111000111111111100111000111101111001111111111111
11111111111111111111111111111100011100011100011111111100011111111000111000111000111000111111111100111000111101111000111111111111
11111111111111111111111111111100011100011100011111111100011111111000111000111000111000111111111100111000111101111000111111111111
11111111111110011111111111111100011100001100011111111100011111111000111000111000111000111111111100111000111101111000111111111011
11111111011100011111111111111100011100001100011111111100011111111000111000011000111000111111111100111000111101111000111111111011
11111111011100011111111111111100011100001100011111111100011111111000111000011000111000111111111100111000111101111000111111111011
11011110011100011111111111111100011100001100011111111100011111111000111000011000111000111111111100111000111101111000111111111011
10011110011100011101111111111100011100001100011111111100011111111000111000011000111000111111111100111000111101110000111111111011
10011110011100011101111111111100011100001100011111111100011111111000111000011000111000111111111100111000111101110000111111111011
10011110011100011101111111111100001100001100011111111100011111111000111000011000011000111111111100111000111101110000111111111011
10011110011100001101101111111100001100001100011111111100011111111000111000011000011000111111111100111000111101110000111111111011
10011110011100001101101111111100001100001100011111111100011111111000111000011000011000111111111100111000111101110000111111111011
10011110001100001101101111111100001100001100011111111100011111111000111000011000011000111111111100111000111101110000111111111011
10011110001100001100101111111100001100001100011111111100011111111000111000011000011000111111111100111000111001110000111111111011
10011110001100001100101111111100001100001100011111111100011111111000111000011000011000111111111100111000111001110000111111111011
10011110001100001100101111111100001100001100011111111100011111111000111000011000011000111111111100110000111001110000111111111011
10011110001100001100101111111100001100001100011111111100011111111000111000011000011000111111111000110000111001110000111111111011
10011110001100001100101111111100001100001100011111111110011111111000111000011000011000111111111000110000111001110000111111111011
10011110001100001100101111111100001100001100011111111110011111111000111000011000011100111111111000110000111001110000111111111011
10011100001100001100101111111100001110001100011111111110011111111000111000011000011100111111111000110000111001110000111111111011
10011100001100001100101111111100001110001100011111111110011111111000111000011000011100111111111000110000111001110000111111111011
10011100001100001100101111111100001110001100011111111110011111111000111000011000011100111111111000110000111001110000111111111011
10011100001100001100101111111100001110001100011111111110011111111000111000010000011100111111111000110000111001110000111111111011
10011100001100001100101111111100001110001100011111111110011111111000111000010000011100111111111000110000111001110000111111111011
10011100001100001100001111111100001110001100011111111110011111111000111000010000011100111111111000110000111001110000111111111011
10011100001100001100001111111101001110001100011111111110011111111000111000010000011100111111111000110000111001110010111111111011
10011100001100001100001111111101001110001100011111111110011111111000111010010000011100111111111001110000111001110010111111111011
10011100001100001100001111111101001110001100011111111110011111111000111010010000011100111111111001110000111001110010111111111011
10011100001100001100001111111101001110011100011111111110011111111000111010010010011100111111111001110000111001110010111111111011
10011100001100001100001111111101001110011100011111111110011111111000111010010010011100111111111000110000111001110010111111111011
10011100001100001100001111111101001110011100011111111110011111111000111010010010011100111111111000110000111001110010111111111011
10011100001100001100001111111101001110011100011111111110011111111000111011010010011100111111111000110000111001110010111111111011
10011100011100001100001111111001001110011100011111111110011111111000111011010010011100111111111000110000111001110010111111111011
10011100011100001100001111111001001110011100011111111110011111111000111011010010011100111111111000110000111001110010111111111011
10011100111100001100001111111001001110011100011111111110011111111000111011010010011100111111111000111000111001110010111111111011
10011100111100001100001111111001001110011100011111111110011111111000111011010010011100111111111000111000111001110010011111111011
10011100111100001100001111111001001110011100011111111110011111111000111011010010011100111111111000111000111001110010011111111011
10011100111100001100001111111001001110011100011111111110011111111000111011010010011100111111111000111000111001110010011111111011
10011100111100001100001111111001001110011100011110111110011100111000111011010010011100111111111000111000111001110010011111111011
10011100111100001100001111111001001110011100011110011110011100111000111011010010011100111111111000111000111001110010011111110011
10011100111100001100001111111001001110011100011110011110011100111000111011010010011100111111111000111000111001110110011111110011
10011100111100001100001111111001001110011100011100011110011100011000111011010010011100111100111000111000111001110110011111110011
10011100011100001100001111111001001110011100011100011110011100011000111011010000011100111000111000111000111001110110011000110011
10011100011100001100001111111101001110011100011100011110011100011000111011010000011100111000111000111000111001110110011000110011
10011100011100001100001111111100001110011100011100011110111100011000111011010000011100111000111000111000111001110110010000110011
10011100011100001100001111111100001110011100011100011110111000011000111011010000011100111000110000111000111001110110010000110011
10011100011100001100001111111100001110011100011100011110111000011000111011011000011100111000111000111000111001110110010000110011
10011100011100001100001111111100001110011100011100011110111000011000011011011000011100111000110000111000111001110110010000110011
11011100011100001100001111111100001110011100011100011100111000011000011011011000011100111000110000111000111001110110010000110011
11011100011100001100001111111100001110011100011100011100111000011100011011011000011100111000110000111000111001110110010000110011
11011110011100001100001111111100001110011100011100011100111000011100011011011000011100111000110000111000111001110110010000110001
11011110011100001100001111111100001110011100011100011100111000011100011011011000011100111000110000111000111001110110010000110001
11011110011100001100001111111100001110011100011100011100111000011100011011011000011100111000110000111000111001110110010000110001
10011110011100001100001111111100001110011100011000011100111000011100011011011000011100111000110000011000111001110110010000110001
10011110011100001100001111111100001110011100011000011100111000011100011011011000011100011000110000011000110000110110010000110001
10011110011100001100001111111100001110111100011000011100111000011100011011011000011100011000110000011000110000110110010000110001
10011110011100001100001111111100001110111100011000011100111000011100011011011000011100011000110000011000110000110110010000110001
10011110011100001100001111111100001110111100011100011100111000011110011011011000011100011000110000011000110000110110010000110001
10011110011100001100001111111100001110111000011100011100111000011110011011011000011100011000110000011000110000110110010000110001
10011110001100001100001111111100001110111000001100011100111000011110011011011000011100011000110000011000110000110110010000110001
10011110001100001100001111111100001110111000001100011100111000011110011011011000011100011000110000011000110000110110010000110001
10011110001100001100001111111100001110111000001100011100111000011110011011011000011110011000110000010000110000110110010000110001
10011110001100001100001111111100001110111000001100011100111000011110011011011000011110011000110000010000110000110110010000110001
10011110001100001100001111111100001110111000001100011100111100011110011011011000011110011000110000010000110000110110010000110001
10011110001100001100001111111100001100111000001100011100111100011110011011011000011110011000110000010000010000110110010000110000
10011110001100001100001111111100001100111000001100011100111100011110011011011000011110011000110000010000010000110110010000110000
10011110001100001100001111111100001100111000001100011100111100011110011011011000011110011000110010010000010000110110011000110000
10011111001100001100001111111100001100111000001100111100111100111110011011011000011110011000110010010000010000110110011000110000
10011111001100001100001111111100001100111000001100111100111100111110011011011000011110011000110010010000010000110110011000110000
10011111001100001100001111111110001100111000001100111100111111111110011011011100011110011100110010010000010000110110011000110000
10011111001100001100001111111110001100111000001111111100111111111110011011011100011110011111110010010000010000110110011101110000
10011111001100001100001111111110001100111000001111111100111111111110011011011100011110011111110010010000010000110110011101110000
10011111001100001100001111111110011100111001001111111100111111111110011011011100011110011111110010010010010000110110011111110000
10011111001100001100001111111110011100111001001111111100111111111110011011011100011110011111110010010010010000110110011111110000
10011111001100001100001111111110011100111001001111111100111111111110011011011100011110011111110010010010010000110110011111110000
10011111001100001100001111111110011100111001001111111100111111111110011011011100011110011111110010010010010000110110011111110000
10011111001100001100001111111110011100111001001111111100111111111110011011011100011110011111110010010010010000110010011111110000
10011111001100001100001111111110011100111001001111111100111111111110011011011100011110011111110010010010010000110010011111110000
10011111001100001100001111111110011100111001001111111100111111111110011011011100111110011111110010010010010000110010011111110000
10011111001100001100001111111110011100111001001111111100111111111110011011011100111110011111110010010010010000110010011111110000
10011111001100001100001111111110011100111001001111111100111111111110011010011100111110011111110010010010010000110010011111110000
10011111001100001100001111111110011100111001001111111100111111111110011010011100111110011111110010010010010000110010111111110000
10011110001100001100001111111110011100111000001111111100111111111110011010011100111110011111110010010010010000110010111111110000
10011110001100001100001111111110011100111000001111111100111111111110011000011100111110011111110010010010010000110010111111110000
10011110001100001100001111111110011100111000001111111100111111111110011000011100111110011111110010010010010000110010111111110000
10011110001100001100001111111110011100111000001111111100111111111110011000011100111110011111110010010010010000110010111111110000
10011110001100001100001111111110011100111000001111111100111111111100011000011100111110011111110000010010011000110010111111110000
10011110001100001100001111111110011100111000001111111101111111111100011000011100111110011111110000010010011000110010111111110000
10011110001100001100001111111110011100111000001111111101111111111100011000011100111100011111110000010010011000110010111111110000
10011110001100001100001111111110011100111000001111111101111111111100011000011100111100011111110000010010011000110010111111110000
10011110001100001100001111111110011100111000001111111101111111111100011000011100111000011111110000010000011000110000111111111000
10011100001100001100001111111110011100111000001111111101111111111100011000011100111000011111110000010000011000110000111111111000
10011100001100001100001111111110011100111000001111111101111111111100011000011100111000011111110000010000011000110000111111111000
10011100001100001100001111111110011100111000001111111101111111111100011000011100111000011111111000010000011100110000111111111100
10011100001100001100001111111110011100111000001111111101111111111100011000011100111000011111110000010000011100110000111111111100
10011100001100001101001111111110111100111000001111111101111111111100111000011100111000011111111000010000011100110000111111111100
10011100001100001101001111111110111100111000001111111101111111111100111000011100111000011111111000010000011100110000111111111101
10011100001100001101001111111110111100111000001111111101111111111100111000011100111000011111111000010000011100110000111111111101
10011100001100001101001111111110111100111000011111111101111111111100111000011100111000011111111000110000011100110000111111111101
10011100001100001101001111111110111100111100011111111101111111111100111000011100111000111111111000110000011100110000111111111101
10011100001100001101001111111110111100111100011111111101111111111000111000011100111000111111111000110000011100110000111111111101
10011100001100001101001111111110111101111100011111111101111111111000111000011101111000111111111000111000111100110000111111111101
10011110001100001101001111111110111101111100011111111101111111111000111000011101111000111111111000111000111100110000111111111101
10011110001100001101001111111110111101111100011111111101111111111000111000011101111000111111111000111000111100110000111111111101
10011110001100001101001111111110111111111100011111111101111111111100111000011101111000111111111000111000111100111000111111111101
10011110001100001111101111111110111111111100011111111111111111111100111000011101111000111111111000111000111100111000111111111101
10011110001100001111101111111110111111111100011111111111111111111100111000011101111000111111111000111000111100111000111111111101
10011110011100001111101111111110111111111100011111111111111111111100111000011101111000111111111000111000111111111000111111111101
10011110011100011111101111111110111111111100011111111111111111111101111100111101111000111111111000111000111111111000111111111101
10011110011100011111101111111110111111111100011111111111111111111101111100111101111000111111111000111000111111111000111111111101
10011110011100011111101111111111111111111100011111111111111111111101111100111111111000111111111000111000111111111000111111111101
10011110011100011111111111111111111111111100011111111111111111111101111100111111111000111111111100111000111111111001111111111111
10011110011100011111111111111111111111111100011111111111111111111101111100111111111000111111111100111000111111111001111111111111
11011110011110011111111111111111111111111110111111111111111111111111111100111111111001111111111101111100111111111001111111111111
11111111011110111111111111111111111111111110111111111111111111111111111100111111111101111111111101111101111111111001111111111111
11111111011110111111111111111111111111111110111111111111111111111111111100111111111101111111111101111101111111111001111111111111
11111111111111111111111111111111111111111111111111111111111111111111111111111111111111111111111111111101111111111101111111111111
11111111111111111111111111111111111111111111111111111111111111111111111111111111111111111111111111111101111111111101111111111111