11111111111111111111111111111111111111111111111111111111111111101111111111111111111111111111111111111111111110111111111111111111
11111111111111111111111111111111111111111111111111111111111111101111111111111111111111111111111111111111111110111111111111111111
11111111111111111111111111111111111111111111111111111111011111100111111111111111111111101111111111111101111110011111111111110011
11111111101111111111111111111111110111111111111111111110011111100111111111111110111110001111111011111001111100011111111111110011
11111111101111111111111111111111110111111111111111111110011111100111111111111110111110001111111011111001111100011111111111110011
11101111100101111001111111111111110111111111111111111110011111100111111111111110111110001111111011111000111100011111111111110011
11001111100001111000111111111110010011111111111111111110001111000111111111111110111110001111111011111000111100011111111111110011
11001111100001111000111111111110010011111111111111111110001111000111111111111110111110001111111011111000111100011111111111110011
11000111100001111000111111111110000011111111111111111110001111000011111111111110111110001111111011111000111100011111111111100011
11000111000001111000111111111110000011111111111100111110001111000011111111111110111110000111111011111000111100001111111111100001
11000111000001111000111111111110000011111111111100111110001111000011111111111110111110000111111011111000111100001111111111100001
11000111000001111000111111111110000011111111111100111110001111000011111111111110111110000111111011111000111100001111111111100001
11000111000001111000111111111110000011111111111100111100001111000011111111111100111110000111110011111000111100001111111111100001
11000111000001111000111111111110000011111111111100111100001111000011111111111100111110000111110011111000111100001111111111100001
10000111000001111000111111111110000011111111111100111100001111000011111111111100111110000111110011110000111100001111111111100001
10000111000001111000111111111110000011111111111100111100001111000011111111111100111110000111110011110000111100001111111111100001
10000111000001111000111111111110000011111111111100111100001111000011111111111100111110000111110011110000111100001111111111100001
10000111100001111000111111111110000011111111111100111100001111000011111111111100111110000111110011110000111100001111111111100001
10000111100001110000111111111110000011111111111000111100001111000011111111111100111110000111110011110000111100001111111111100001
10000111101001110000111111111111010011111111111000111100001111000011111111111100111110000111110011110000111100001111111111100001
10010111111001110000111111111111010011111111111000111100001110000011111111111100111110000111110011110000111100001111111111100001
10010111111001110000111111111111010011111111111000111100000110000011111111111100111110000111110011110000111100001111111111100001
10010111111001110000111111111111110011111111111000111100100110010011111111111100111110000111110011110000111100001111111111100001
10010011111001110010111111111111110011111111111000111100100110011011111111111100111110010111110111110000111100001111111111100001
10010011111001110010111111111111110011111111111000111100100110011011111111111000111110010111110111110000111100001111111111100001
10010011111101110010111111111111110011111111111000111101100110011011111111111000111110110111110111110010111000101111111111000001
10110011111101110010111111111111110011111111111000111101100110011011111111111000111110110111110111110010111001101111111111000001
10110011111001110010111111111111110011111111111000111101100110011011111111111000111111110111100111110010011001101111111111001100
10111011111001110010111111111111110011111111111000111101100110011011111111111000111111110111100111110010011001101111111111001100
10111011111001110110111111111111110011111111111000111101100110011011111111111000111111110111100111110010011001101111111111001100
10111011111001110110111111111111110111111111111000111101100110011011111111111000111111110011100111110010011001101111111111001100
10111011111001110110011111111111110111111111111000111101100110011011111111111000111111110011100111110010011001101111111111001100
10111011111001110110011111111111110111111111111000111101100110011011111111111000111111110011100111110010111001101111111111001100
10111011111001110110111111111111110111111111111000111101110110011011111111111000111111110011100111110010111001100111111111001100
10111011111001110110111111111111110111111111111000111101110110011011111111111000111111110011100111110010111001100111111111001100
10111011111001110110111111111111110111111111111000111101110110011011111111111000111111110011100111110010111001100111111111001100
10111011111001110110111111111111110111111111111000111101110110011001111111111000111111110011100111110010111001100111111111001100
10111011111001110010111111111111110111111111111000111101110110011001111111111000111111110011100111110010111001100111111111001100
10111011111001110010111111111111110111111111111100111101110110011001111111111000111111110011100111110010111001100111111111001100
10111011111011110010111111111111110111111111111100111101110110011001111111111010111111110011100111110000111001100111111111001100
10111011111011110010111111111111110111111111111100111101110110011001111111111010111111110011100111110000111001100111111111001100
10111011111011110010111111111111110111111111111100111101110110011001111111111010111111110011100111110000111001100111111111001100
10111011111011111000111111111111110111111111111100111101110110011001111111111110111111110011100111110000111001100111111111001100
10111011111011111000111111111111100111111111111100111101110110011001111111111110111111110011000111110000111001100111111111001100
10111011111011111000111111111111100111111111111100111101110110011001111111111110111111110111000111110000111001100111111111001100
10111011111011111000111111111111100111111111111100111101110110011001111111111110111111110111000011110000111001100111111111001100
10111011111011111000111111111111100111111111111100111101110110011001111111111110111111110111000011110000111001100111111111001100
10111011111011111000111111111111100111111111111100111101110110011001111111111110111111110111000011110000111001100111111111001100
10111011111011111000111111111111100111111111111100111101110110011001111111111110111111100111000011110000111001100111111111001100
10111011111011111000111111111111100111111111111100111101110110011001111111111110111111100111000011110000111001100111111111001100
10111011111011111000111111111111101111111111111100111101110110011001111111111110111111100111000011110000111001100111111111001100
10111011111011111000111111111111101111111111111100111101110110011001110111111110111111100111000011111000111001100111001111001100
10110011111011111000111110111111101111110111111100111101110110011001110110111110111111100111000011111000111001100111000111001100
10110011111011111000111110111111101111110001111100111101110110011001110000111110111111100111000011111000111001100110000011001100
10110011111011111000111110111111101111110001111100111101110110011001110000111110111111100111000011111000111001100110000011001100
10010011110011111000111110011111101111100001111100111101110110011001100000111110111111100111000001111000111001100110000011001100
10010011110011111000111100001111101111100001111100111101110110011001100000111110111111000111000001111000111001100110000011000000
10010011110011111000111100001111101111100001111100111101110110011001100000111110111111000111000001111000111001100110000011000000
10010011110011111000111000001111101111100001111100111101110110011001100000111110111111000111000001111000111001100110000011000000
10010011110011111000111000001111101111100001111100111101110110011001100000111110111111000111000001110000111001100110000011000000
10010011110011111000111000001111101111100001111100111101110110011001100000111110111111000111000001110000111001100110000011000000
10010011110111111000111000001111101111100001111100111101110110011001100000111110111111000111000001110000111001100110000011000000
10000011110111111000111000001111101111100001111100111101110110011001100000111110111111000111000001110000111001100110000011000000
10000011110111111000111000001111101111100001111100111101110110011001100000111110111111001111000001110000111001100110000011100000
10000011110111111000111000001111101111100001111100111101110110011001100000111110111111001111001001110000111001100110000011100000
10000011110111110000111000001111101111100001111100111101110110011001100000111110111111001111001001110000111001100110000011100000
10000011110111110010111000001111101111100001111100111101110110011001100000111110111111001111001001110000111001100110000011100000
10000011110111110010111000001111101111100001111100111101110110011001100000111110111111001111001001110000111001100110000011100000
10000011110111110010111000001111101111100001111100111101110110011001100000111110111111001111001001110000011001100110000011100000
11000011110111110010111000001111101111100001111100111101110110011001100000111110111111001111001101110000011001100110000011100000
11000011110111110010111100101111101111101101111100111101110110011001110000111110111111001111001101110010011001100110000011100000
11000011110111110010111100101111001111101101111100111101110110011001110000111110111111001111001101110010011001100110000011100000
11000011110111110010111110111111011111101111111100111101110110011001111001111110111110001111001101110010011001100111000011100000
11000111110111110110011111111111011111111111111100111101110110011001111111111110011110001111001101110010011001100111000111100001
11000111110111110110011111111111011111111111111100111101110110011001111111111110011110001111001101110010011001100111000111100001
11000111110111110110011111111111011111111111111100111101110110011001111111111110011110011111001101110110011001100111011111100001
11000111110111110110011111111111011111111111111100111101110110011001111111111110011110011111001101110110011001100111111111100001
11100111110111110110011111111111011111111111111100111101110110011001111111111110011110011111001101110110011001100111111111100001
11100111110111110110011111111111011111111111111100111101110110011001111111111110011110011111001101110110011001100111111111100001
11100111110111110110011111111111011111111111111100111101110110011001111111111110011110011111001101110110011001100111111111110001
11100111110111110110011111111111011111111111111100111101110110011001111111111110011110011111001101110110011001100111111111110001
11100111110111110110011111111111011111111111111100111101110110011001111111111110011110011111001101110110011001100111111111110001
11100111110111110110011111111111011111111111111100111101110110011001111111111110011110011111011101110110011001100111111111110001
11100111110111110110011111111111011111111111111100111101110110011001111111111110011110011111011101110110011001100111111111110001
11100111110111110110011111111111011111111111111100111101110110011001111111111110011110011111011101110110011001100111111111110001
11100111110111110110011111111111011111111111111100111101110110011001111111111110011110111111011101110110011001100111111111110001
11100111110111110110011111111111011111111111111100111101110110011001111111111110011110111111011101110110011001100111111111110001
11100111110111110110011111111111011111111111111100111101110110011001111111111110011110111111011101110110011001100111111111110001
11100111110111110110011111111111011111111111111100111101110110011001111111111110011110111111011101110110011001100111111111111001
11100111110111110110011111111111011111111111111100111101110110011001111111111110011110111111011101110110011001100111111111111001
11100111110111110110011111111111011111111111111100111101110110011001111111111110011110111111011101110110011001100111111111111001
11100111110111110110011111111111011111111111111100111101110110011001111111111110011110111111011101110110011001100111111111111001
11100111110111110110011111111111011111111111111100111101100110011001111111111110011110111111011101110110011001100111111111111001
11100111100111110110011111111111011111111111111100111101100110011001111111111110011110111111011101110110011001100111111111111001
11101111100111110110011111111111011111111111111100111101100110011001111111111110011110111111011101110110011001100111111111111011
11101111100111110110011111111111011111111111111110111101100110011001111111111110011110111111001101110110011001100111111111111011
11101111100111110110011111111111011111111111111110111101100110011001111111111110011110111111001101110110011001100111111111110011
11101111100111110110011111111111011111111111111110111101100110011001111111111110011110111111001101110110011001100111111111110011
11101111100111110110011111111111011111111111111110111101100110011001111111111110011110111111001101110110011001100111111111110011
11101111100111110110011111111111011111111111111110111101100110011001111111111110011110111111001001110110011001100111111111110011
11101111100111110110011111111111011111111111111110111101100110011001111111111110111110111111001001110110011001100111111111110011
11101111110111110010011111111111011111111111111110111101100110011001111111111110111110111111001001110010011101100111111111110011
11101111110111110010011111111111011111111111111110111100100110010011111111111110111110011111000001110000011101101111111111110011
11001111110111110010011111111111011111111111111110111100100110000011111111111110111110010111000001110000011100001111111111110011
11001111110111110010011111111111011111111111111110111100100110000011111111111110111110010111000001110000011100001111111111110011
11001111110111110010011111111111011111111111111110111100000111000011111111111110111110000111000001110000011100001111111111110011
11001111110111110000011111111111011111111111111110111100000111000011111111111110111110000111000001110000011100001111111111110011
11001111110111110000011111111111011111111111111110111100001111000011111111111110111110000111000001110000011100001111111111110011
11001111110111110000111111111111011111111111111110111100001111000011111111111110111110000111000001110000011100001111111111110011
11001111110111110000111111111111011111111111111110111100001111000011111111111110111110000111000001110000011100001111111111110011
11001111110111110000111111111111011111111111111110111100001111000011111111111110111110000111000001110000111100001111111111110011
11011111110111110000111111111111011111111111111110111100001111000011111111111110111110000111100001110000111100001111111111110111
11011111110111110000111111111111011111111111111110111100001111000011111111111110111110000111100001110000111100001111111111110111
11011111110111111000111111111111011111111111111110111100001111000011111111111110111110000111100001110000111100001111111111110111
11011111111111111000111111111111011111111111111110111110001111000011111111111110111110000111100011110000111100001111111111110111
11011111111111111000111111111111011111111111111110111110001111000011111111111110111110000111100011110000111100001111111111110111
11011111111111111000111111111111011111111111111111111110001111000011111111111110111110000111100011110000111100001111111111110111
11011111111111111000111111111111011111111111111111111110001111000011111111111110111110000111100011111000111100001111111111110111
11011111111111111000111111111111011111111111111111111110001111000011111111111110111110000111100011111000111100001111111111110111
11011111111111111111111111111111111111111111111111111110001111000111111111111111111110000111100011111000111100011111111111110111
11011111111111111111111111111111111111111111111111111110011111000111111111111111111110001111100011111000111110011111111111110111
11011111111111111111111111111111111111111111111111111110011111000111111111111111111110001111100011111000111110011111111111110111
11111111111111111111111111111111111111111111111111111110011111100111111111111111111111001111110011111000111110011111111111110111
11111111111111111111111111111111111111111111111111111110011111100111111111111111111111101111110011111100111110011111111111111111
11111111111111111111111111111111111111111111111111111110011111100111111111111111111111101111110011111100111110011111111111111111
11111111111111111111111111111111111111111111111111111111111111100111111111111111111111111111110111111101111110111111111111111111
11111111111111111111111111111111111111111111111111111111111111111111111111111111111111111111110111111111111110111111111111111111
11111111111111111111111111111111111111111111111111111111111111111111111111111111111111111111110111111111111110111111111111111111