11111111111111111111111111111111110000111111111111001111110011110000111111111110011111111111111111111111111111111111111111111111
11111111111111111111111111111111110000111111111111001111110011110000111111111110011111111111111111111111111111111111111111111111
11111111111111111111111111111111110000111111111110000111100011110000111111111110011111100111111111111111111111111111111111111111
11111111111111111111111111111111110000111111111110000111100011110000111111111110001111000111111111111000111111111111111111111111
11111111111111111111111111111111110000111111111110000111100011110000111111111110001111000111111111111000111111111111111111111111
11111111111111111111111111111111110000111111111110000111100011110000111111111100001111000111111111111000111110001111111111111101
11011111111111111111111111111111110000011111111110000111100011110000011111111100001111000111111111111000011100001111111111110001
11011111111111111111111111111111110000011111111110000111100011110000011111111100001111000111111111111000011100001111111111110001
11001111101111100111111111111111110000011111111110000111100001100000011111111100001111000011111011111000011100001111111111110000
11001111001111100011111111111111110000011111111110000111000001100000011111111100001111000011111011110000011100001111111111110000
11001111001111100011111111111111110000011111111110000111000001100000011111111100001111000011111011110000011100001111111111110000
10001111000111100011111011111111110000011111111100000111000001100000011111111100001110000011111011110000011100001111111111100000
10001111000111000011111011111111100000011111111100000111000001100000011111111100001110000011111011110000011100001111111111100000
10001111000111000011111011111111110000011111111100000111000001100000011111111100001110000011111011110000011100001111111111110000
10001111000111000001111011111111110000011111111110000111000001100000011111111100001110000011110011110000011100001111111111110000
10001111000111000001110011001111110000011111111110000111000001100000011111111100000110000011110011110000011100001111111111110000
10001111000111000001110011001111110000011111111110000111000001100000011111111100000110000011110011110000011100001111111111111000
10001111000111000001110011001111110000011111111110000111000001100000011111111100000110000011110011110000011100001111111111111100
10001111000111000001110011001111110000011111111110000111000001110000011111111100000110000011110011111000011100001111111111111100
10001110000111000001110011001111110000011111111110000111000001110000011111111100000110000011110011111000011110001111111111111100
10001110000111000001110011001111110000011111111110000111000001110000011111111100000110000111110011111000011110001111111111111100
10001110000011000001110011001111111100011111111110000111000001110000011111111100000110000111110011111000011111001111111111111100
10001110000011000001110011001111111100011111111110000111000001110000011111111100000110000111110011111000011111001111111111111100
10001110000011000001110011001111111100011111111111000111001001111000011111111100000110000111110011111100011111001111111111111100
10001110000011000001110011001111111100011111111111000111001001111100011111111000100110001111110011111100011111001111111111111100
10001110000011000001110011001111111100011111111111000111001001111100011111111000100110001111110011111100011111001111111111111100
10001110000011000001110011001111111100111111111111000111001001111100011111111000100110011111110011111100011111001111111111111100
10001110000011000001110001001111111100111111111111000111001001111100011111111001100110011111110011111100011111001111111111111101
10001110000011000001110001001111111100111111111111000111001001111100011111111001100110011111110011111100011111001111111111111101
11001110000011001001110001001111111100111111111111000111001001111100011111111001100110011111110011111100011111001111111111111101
11001110010011001001110001001111111100111111111111000111001101111100011111111001100110011111110111111100111111001111111111111101
11001110010011001000110001001111111100111111111111000111001101111100011111111001100110011111110111111100111111001111111111111101
11001110010011001000110001001111111100111111111111000111001101111100111111111001100110011111110111111100111111001111111111111101
11001110010011001100110001001111111100111111111111000111011101111100111111111001100110011111110111111100111111001111111111111101
11001110010011001100110001001111111100111111111111000111011101111100111111111001100110011111110111111100111111001111111111111101
11001110010011001100110001001111111100111111111111000111011101111100111111111001100110011111110111111100111111001111111111111101
11001110010111001100110001001111111100111111111111000111011101111100111111111001100110011111110111111100111111001111111111111101
11001110011111001100110001001111111100111111111111000111011101111100111111111001100110001111110111111100111111001111111111111101
11001110011111001100110001001111111100111111111111000111011101111100111111111001100110001111110111111100111111001111111111111101
11001110011111001100110001001111111100111111111111001111011101111100111111111001100110001111110111111100111111011111111111111101
11001110011111001100110001001111111100111111111111001111011101111100111111111001100110001111110111111100111111011111111111111101
11001110011111001100110001001111111100111111111111001111011101111100111111111001100110001111110111111100111111011111111111111101
11001110011111001100110001001111111100111111111111001111011101111100111111111001100110001111110111111100111111011111111111111101
11001110011111001100110001001111111100111111111111001111011101111100111111111001100110001111100111111100111110011111111111111101
11001110011111001100110001001111111100111111111111001111011101111100111111111001100110000111100111111100111110011111111111111101
11001110011111001100110001001111111100111111111111001111011101111100111111111001100110000111100111111100111110011111111111111101
11011110011111001100110001001111111100111111111111001111011101111100111111111001100110000111100111111100111110011111111111111111
11011110011111001000110001001111111100111111111111001111011100111100111111111001100110000111100111111100111110011111111111111011
11011110011111001001110000001111111001111100111111001111011100111100111011111001100110000111100111111100111110011111111111111011
11011110011111001001110000001111111001111100111111001111011100111100111011111001100110000111100111111100111110011111111111111011
11011110011111001001110000001111111001111100011111001111011100111000111000111001100110000111100111111100111110011111111111111011
11011110011111000001110000001111111001111000001111001111011100111000111000011001100110000111100111111100111110001111111111111011
11011110011111000001110000001111111001111000001111001111011100111001111000011001100110000111100111111100111110001111111111111011
11011110001111000001110000001111111001111000001111000111011100111001111000011001100110000111100111111100111110001111000111111011
11011110001111000001110000001111111001111000001111000111011100111001110000011001100110000111100111111100111110001111000011111011
11011110001111000001110000001111111001111000001111000111011100111001110000011001100110000111100111111100111110001111000011111011
11011110001111000001110000001111111001111000001111000111011100111001110000011001100111000011100111111100111110001111000011111011
11011110001111000001110000001111111001111000001111000111011100111001110000011001100111000011100111111100111110001111000011111011
11011110001111000001110000001111111001111000001111000111011100111001110000011001100111000011100111111100111110001111000011111011
11011110001111000001110000001111111001111000001111000111011100111001110000011001100111000011100111111100011110001110000011111011
11011110000111000001110000001111111001111000001111000111011100111001110000011001100111000011100111111100011110001110000011111011
11011111000111000001110000001111111001111000001111000111011100111001110000011001100111100011100111111100011111001110000011111011
11011111000111000001110000001111111001111000001111000111011100111001110000011001100111100011100001111100011111001110000011111011
11011111000111000001110000001111111001111000001111000111011100111001110000011001100111100011100001111100011111001110000011111011
11011111000111000001110000001111111001111000001111000111011100111001110000011001100111110011100001111100011111001111000011111011
11011111000111000001110000001111111001111000001111000111011100111001110000011001100111110011100001111110011111001111000011111011
11011111000111000001110000001111111001111000001111100111011100111001110000011001100111110011100001111110011111101111000011111011
11011111000111000001110000001111111001111000001111100111011100111001110000011001100111110011100001111110011111100111000011111011
11011111000111000001110000001111111011111000001111100111011100111001110000011001100111110011100001111110011111100111000011111111
11011111000111000001110000001111111011111000001111100111011100111001110000011001100111110011100001111110011111100111000011111111
11011111000111000001110000001111111011111000001111100011011100111001110000011001100111110011100001111110011111100111000011111111
11011111100111000001110000001111111011111000001111100011011100111001110000011001100111110011100001111110011111100111111111111111
11011111100011001001110000001111111011111100001111110011011100111001110000011001100111110011100001111110011111100111111111110111
11011111100011001000110000001111111011111100001111110011011100111001110000011001100111110011100001111110011111100111111111110111
11011111100011001000110000001111111011111110011111110011011100111011111000011001100111110011100001111111011111100111111111110111
11011111100011001000110000001111111011111111111111110011011100111011111000011001100111110011000001111111011111100111111111110111
11011111100011001000110000001111111011111111111111110011011100110011111000011001100111110011000001111111011111100111111111110111
11011111100011001100110000001111111011111111111111110011011100110011111111111001100111110011000001111111011111100111111111110111
11011111100011001100110000001111111011111111111111110011011100110011111111111001100111110011000001111111011111100111111111110111
11011111100011001100110000001111111011111111111111110011011100110011111111111001100111110011000000111111011111100111111111110111
11011111110011001100110010001111110011111111111111110011011101110011111111111001100111110011000000111111011111100111111111110111
11011111110011011100110010001111110011111111111111110011011101110011111111111001100111110011000000111111011111100111111111110111
11011111110011011100110010001111110011111111111111110011011101110011111111111001100111110011000000111111011111100111111111110111
11011111110011011100110010001111110011111111111111110011011101110011111111111001100111110011000000111111011111100111111111110111
11011111110011011100110010001111110011111111111111110011011101110011111111111001100111110011000000111111011111100111111111110111
11011111110011011100110010001111110011111111111111110011011101110011111111111001100111110011100000111111011111100111111111110111
11011111110011011100110010001111110011111111111111110011011101110011111111111001100111110011100000111111011111100111111111110111
11011111110011011100110010001111110011111111111111110011011101110011111111111001100111110011100000111111011111100111111111110111
11011111110011011100110010001111110011111111111111110011011101110011111111111001100111110011100000111111011111100111111111110111
11001110110011011100110010001111110011111111111111110011011101110011111111111001100111110011100000111111011111100111111111110111
11001110110011011100110010001111110011111111111111110011011101110011111111111001100111110011100000111111011111100111111111110111
11001110110011001100110010001111110011111111111111110011011101110011111111111001100111110011100000111111011111100111111111110111
11001110110011001100110010001111110011111111111111110011011101110011111111111001100111110011100000111111011111100111111111110111
11001110110011001100110010001111110011111111111111110011011101110011111111111001100111110011100000111111011111100111111111110111
11001110110011001100110010001111110011111111111111110011001001110011111111111001100111110011100000111111011111100111111111110111
11001110110011001000110010001111110011111111111111110011001001110011111111111001100111110011100000111111011111100111111111110111
10001110110011001000110010001111110011111111111111100011001001110011111111111001100111110011100000111111011111100111111111110111
10001110110011001000110010001111110011111111111111100011001001110011111111111001100111110011100000111111011111100111111111110111
10001110010011001000110010001111110011111111111111100011001001110011111111111001100111110011110000111110011111100111111111110111
10001110000011001000110010001111110011111111111111100011001001110011111111111000100111110011110000111110011111100111111111110111
10001110000011001001110010001111110011111111111111100011001001110011111111111000100111110011111000111110011111100111111111110111
10001110000011000001110010001111110011111111111111100111001001110011111111111000100111100011111001111110011111101111111111110111
10001110000011000001110010001111110011111111111110100111001001110011111111111000000111100011111001111110011111101111111111110111
10001110000011000001110010001111110011111111111110100111001001110011111111111100000111100011111001111110011111101111111111110111
10001110000011000001110010001111110011111111111110000111000001110011111111111100000111100011111001111110011111101111111111110111
10001110000011000001110010001111110011111111111110000111000001110011111111111100000111000011111001111110011111001111111111110111
10001110000011000001110010001111110011111111111110000111000001110011111111111100000111000011111001111110011111001111111111110111
10001110000111000001110011001111110011111111111110000111000001110011111111111100000111000111111001111000011110001111111111110111
10000110000111000001110011001111110011111111111110000111000001110011111111111100000111000111111001110000011100001111111111110111
10000110000111000001110011001111110011111111111110000111000001110011111111111100000111000111111001110000011100001111111111110111
10000110000111000001110111001111110011111111111100000111000001110011111111111100000111000111111101110000011100001111111111110111
10000110000111000001110111001111110011111111111100000111000001110011111111111100000111000111111101110000011100001111111111110111
10000110000111000001110111011111110011111111111100000111000001110011111111111100000111000111111101110000011100001111111111110111
10001110000111000001110111011111110011111111111100000111000001110011111111111100001111000111111101110000111100001111111111111111
10001110000111000001110111011111111011111111111100000111000001110011111111111100001110000111111101110000111100001111111111111111
10001110000111000001110111011111111011111111111100000111000001110011111111111100001110000111111101110000111100001111111111111111
10001111000111000011111111011111111011111111111110000111100001110011111111111100001110000111111101110000111100011111111111111111
10001111000111000011111111011111111111111111111110001111100001110011111111111100001110000111111101111000111100011111111111111111
10001111000111000011111111011111111111111111111110001111100001110011111111111100001110000111111101111000111100011111111111111111
10001111001111100011111111011111111111111111111110001111100011111011111111111100001110001111111111111000111100011111111111111111
11111111001111101111111111111111111111111111111110001111100011111011111111111100001111001111111111111001111110011111111111111111
11111111001111101111111111111111111111111111111110001111100011111011111111111100001111001111111111111001111110011111111111111111
11111111001111111111111111111111111111111111111110001111100011111111111111111110001111001111111111111001111110111111111111111111
11111111111111111111111111111111111111111111111110001111100011111111111111111110001111011111111111111001111111111111111111111111
11111111111111111111111111111111111111111111111110001111100011111111111111111110001111011111111111111001111111111111111111111111
11111111111111111111111111111111111111111111111111011111110011111111111111111110011111011111111111111111111111111111111111111111
11111111111111111111111111111111111111111111111111111111111111111111111111111111011111111111111111111111111111111111111111111111
11111111111111111111111111111111111111111111111111111111111111111111111111111111011111111111111111111111111111111111111111111111