11011111111111111001111111111111111111111111111111111111111111111111111111111111111111111111110111111111111110111111111111111111
11011111111111111001111111111111111111111111111111111111111111111111111111111111111111111111110111111111111110111111111111111111
11001111111101111001111111111111111111111111111111111111111111111111111111111111111111111111110111111111111110111111111111111111
11001111111101111001111111111111111111111111111111111111111111111111111111111111111111111111110111111111111110111111111111111111
11001111111101111001111111111111111111111111111111111111111111101111111111111111111111101111110111111101111110111111111111111111
11001111111101111001111111111111111111111111111011111111111111101111111101111111111101101111110111111101111110111111111111101111
11001111111101111001111111111111111111111111111011111111111111101111111101111111111101101111111111111101111110111111111111101111
11001111111101111001111111111111111111111111111011111111111111101111101101111111111101101111111111101101111110111111111111101111
11001111111101111011111111111111111111111111111011111111111111101111101111111111111101101111111111101101111110111111111111101111
11010111111101111010111111111111111011111111111011111111101111101111101111111111111101101111111111101101111110111111111111101111
10010111111101111010111111111111111011111111111011111111101111101111101111111111111101101111111111101101111110111111111111101111
10010111111101111010111111111111111011111111111011111111101111101111101111111111111101101111111111101101111110111111111111101111
10010111111101111010111111111111110011111111111011111111101111101111101111111111111101101111111111101101111110111111111111101111
10110111111101111010111111111111110011111111111011111111101111101111101111111111111101101111111111101101111110111111111111101111
10110111111101111010111111111111110011111111111011111111101111101111101111111111111101101111111011101101111110111111111111101111
10110111111101111010111111111111110011111111111011111111101111001111101111111111111101101111111011101101111110111111111111101111
10110111111101111010111111111111110011111111111011111111101111001111101111111111111101101111111011101101111110111111111111101111
10110111111101111010111111111111110011111111111011111111101111001111101111111111111101101111111011101101111110111111111111101111
10110111111101111010111111111111110111111111111011111111101111001111101111111111111101101111111011101101111110111111111111111111
10110111111101111010111111111111110111111111111011111111101111001111101111111111111101111111111011101101111110111111111111111111
10110111111101111010111111111111110111111111111011111111101111001111101111111111111101111111111011101101111110111111111111111111
10110111111101111010111111111111110111111111111011111111101111001111101111111111111101111111111011101101111110111111111111111111
10110111111001111010111111111111110111111111111011111111101111001111101111111111111101111111111011101101111110111111111111111111
10111011111001110010111111111111110111111111111011111111101111001111101111111111111101111111111011101101111110111111111111111111
10111011111001110010111111111111110111111111111011111111101111111111101111111111111101111111111011101111111110111111111111111111
10111011111001110010111111111111110111111111111011111111101111111111101111111111111101111111111011101111111110111111111111111111
10111011111001110010111111111111110111111111111011111111101111111111101111111111111101111111111011101111111110111111111111111111
10111011111001110010111111111111110111111111111011111111101111111111101111111111111101111111111011101111111100111111111111111111
10111011111001110010111111111111110111111111111011111111101111111111101110111111111101111111111011101111111100111111111111111111
10111011111001110010111111111111110111111111111011111111101111111111101110111111111101111111111011101111111100111111111111111111
10111011111001110010111111111111110111111111111011111111101111111111101110111111111101111111111011101111111100111111111111111111
10111011111001110010111111111111110111111111111011111111101111111111101110111111111101111111111011101111111100111111111111111111
10111011111001111010111111111111110111111111111011111111101111111111101110111111111101111111111011101111111101111111111111111111
10111011111001111010111111111111110111111111111011111111101111111111101110111111111101110111111011101111111101111111111111111111
10111011111011111010111111111111110111111111111011111111101111111111101110111111111101110111111011101111111101111111111111111111
10111011111011111010111111111111110111111111111011111111101111111111101110111111111101110111111011101111111101111111111111011111
10111011111011111010111111111111110111111111111011111111101111111111101110111111111101110111111011101111111101111111111111011111
10111011111011111010111111111111110111111111111011111111101111111111101110111111111101110111111011101111111101111111111111011111
10111011111011111010111111111111110111111111111011111111101111111111101110111111111101110111110011101111111101111111111111011111
10111011111011111010111111111111110111111111111011111111101111111111101110111111111101110111110011101111111101111111111111011111
10111011111011111010111111111111110111111111111011111111101111111111101110111111111101110111110011101111111101111111111111011111
10111011111011111010111111111111110111111111111011111111101111111111101110111111111101110111110011101111111101111111111111011111
10111011111011111000111111111111110111111111111011111111101111111111101110111111111101110111110111101111111100111111111111011111
10110011111011111000111111111111110111111111111011111111101111111111101110111111111101110111110111101111111100111111111111011111
10110011111011111000111111111111111111111111111011111111101111111111101110111111111101110111110111101111111100111111111111011111
10110011111011111000111111111111111111111111111011111111101111111111101110111111111101110111110111101111111100111111111111011111
10110011111011111000111111111111101111111111111011111111101111111111101110111111111101110111110111101111111100111111111111011111
10110011111011111000111111111111101111111111111011111111101111111111101110111111111101110111110111101111111100111111111111011111
10110011111011111000111111111111101111111111111011111111101111111111101110111110111101110111110111101111111100111111111111011111
10110011111011111000111111111111101111111111111111111111101111111111101110111110111101110111110111101111111100111111111111011111
10110011110011111000111111111111101111111111111110111111001111111111101110111000111101110111110111101111111100111111111111011111
10110011110011111000111111111111101111111111111110111111001111111111101110111000111101110111110111101111111100111110001111011111
10110011110011111000111111111111101111111111111110111111001111111111101110111000111101110111110111101111111100111110001111011111
10110011110011111000111100011111101111100001111110111111001111111111101110111000011101110111110111101111111100111100001111011111
10110011110011111000111100011111101111100001111110111111001111111111101110111000011101110111110111111111111100111100001111011111
10110011110011111000111100001111101111100001111110111111011111111111101110111000011101110111110111111111111110111100001111011111
10110011110011111000111100001111101111100001111110111111011111111111101110111000011101110111110111101111111110111100001111011111
10110011110111111000111100001111101111100001111110111111011111111111101110111000011101110111110111101111111110111100001111011111
10110011110111111000111100001111101111100001111110111111011111111111101110111000011101110111110111101111111110111100001111011111
10110011110111111000111100001111101111100001111110111111011111111111101110111000011101110111101111101111111110111100001111111111
10110011110111111000111100001111101111100001111110111111011111111111101110111000011101110111101111101111111110111100001111110111
10110011110111111000111100001111101111100001111110111111011111111111101110111000011101110111101111101111111110111100001111110111
10110011110111111000111100001111101111100001111110111111011111111111101110111000111101110111101111101111111110111100001111110111
10110011110111111000111100001111101111100001111110111111011111111111101110111000111101110111101111101111111110111100001111110111
10110011110111111000111100001111101111100001111111111110011111111111101110111110111101110111101111101111111110111110111111110111
10110111110111111000111100001111101111110011111111111110011111111111101110111111111101110111101111101111111110111111111111110111
10000111110111110000111100001111101111110011111111111110011111111111101110111111111101110111101111101111111110011111111111110111
10000111110111110010111100011111101111111111111111111110011111111111101110111111111101110111101111101111111110011111111111110111
10000111110111110010111111111111101111111111111111111110111111111111101110111111111101110111101111101111111110011111111111110111
10000111110111110010111111111111101111111111111111011110111111111111101110111111111101110111101111101111111110011111111111110111
10000111110111110010111111111111101111111111111111011110111111111111101110111111111101110111111111101111111111011111111111110111
10000111110111110010111111111111101111111111111111011110111111111111101110111111111101110111011111101111111111011111111111010111
11000111110111110010111111111111101111111111111111011110111111111111101110111111111101110111011111101111111111011111111111010111
11000111110111110010111111111111101111111111111111011110111111111111101110111111111101110111011111101111111111011111111111010111
11000111110111110010111111111111101111111111111111011110111111111111101110111111111101110111011111101111111111011111111111000111
11000111110111110010111111111111101111111111111111011110111111111111101110111111111101110111011111101111111111011111111111000111
11000111110111110010011111111111101111111111111111011110111111111111101110111111111101110111011111101111111111011111111111000111
11000111110111110110011111111111101111111111111111011110111111111111101110111111111101110111011111101111111111011111111111000111
11100111110111110110011111111111011111111111111111011110111111111111101110111111111101110111011111101111111111011111111111000111
11100111110111110110011111111111011111111111111111011110111111111111101110111111111101110111011111101111111111011111111111000111
11100111110111110111011111111111011111111111111111011110111111111111101110111111111101110111011111101111111111011111111111000111
11100111110111110111011111111111011111111111111111011110111111111111101110111111111101110111011111101111111111011111111111000011
11100111110111110111011111111111011111111111111111011100111111111111101110111111111101110111011111101111111111011111111111000011
11100111110111110111011111111111011111111111111111011101111111111111101110111111111101111111011111101111111111011111111111000011
11100111110111110111011111111111011111111111111111011101111111111111101110111111111101111111011111101111111111011111111111000011
11100111110111110111011111111111011111111111111111011101111111111111101110111111111101111111011111101111111111011111111111000011
11100111110111110111011111111111011111111111111111011101111111111111101110111111111101111111011111101111111111011111111111000011
11100111110111110111011111111111011111111111111111011101111111111111101110111111111101111111011111101111111111011111111111000011
11100111110111110111011111111111011111111111111111011101111111111111101111111111111101111111011111101111111111011111111111000011
11100111110111110111011111111111011111111111111110011101111111111111101111111111111101111111011111101101111111011111111111000011
11100111110111110111011111111111011111111111111110011101111111111111101111111111111101111111011111101101111111011111111111000011
11100111110111110111011111111111011111111111111110111101111111111111101111111111111101111111011111101101111111011111111111000111
11100111100111110111011111111111011111111111111110111101111111111111101111111111111101101111011111101101111111011111111111000111
11100111100111110111011111111111011111111111111110111101111111111111101111111111111101101111011111101101111111011111111111100111
11100111100111110111011111111111011111111111111110111101111111111111101111111111111101101111011111101101111111011111111111100111
11100111100111110111011111111111011111111111111110111101111111111111101111111111111101101111011111101101111111011111111111110111
11100111100111110111011111111111011111111111111110111101111111111111101101111111111101101111011111101101111111011111111111110111
11100111100111110111011111111111011111111111111110111101111111111111101101111111111101101111011111101101111111011111111111110111
11101111100111110111011111111111011111111111111110111101111111111111101101111111111101101111011111101101111111011111111111110111
11101111100111110111011111111111011111111111111110111101111111111111101101111111111101101111011111101101111110011111111111110111
11101111100111110111011111111111011111111111111110111101111111111111101101111111111101101111011111101101111110011111111111110111
11101111101111110111011111111111011111111111111110111101111111111111101101111111111101101111011111101101111110111111111111110111
11101111101111110110011111111111011111111111111110111101111111111111101101111111111101101111011111101101111110111111111111110111
11101111101111110110011111111111011111111111111110111101111111111111101101111111111101101111011111101101111110111111111111110111
11101111101111110110011111111111011111111111111110111101111111111111101101111111111101101111011111101101111110111111111111110111
11001111101111110110011111111111011111111111111110111101111111111111101101111111111101101111011111101101111110111111111111110111
11001111101111110110011111111111011111111111111110111101111111111111101101111111111101101111011111101101111110111111111111110111
11001111101111110110011111111111011111111111111110111101111111111111101101111111111101101111011111101101111110111111111111110111
11001111101111110110011111111111011111111111111110111101111111111111101101111111111101101111011111101101111110111111111111110111
11001111101111110110011111111111011111111111111110111101111111111111101101111111111101101111011111101101111110111111111111110111
11001111101111110110011111111111011111111111111110111101111111111111101101111111111101101111011111101101111110111111111111110111
11001111101111110110111111111111011111111111111111111101111111111111101101111111111101101111011111101101111110111111111111110111
11001111101111110110111111111111011111111111111111111100111111111111101101111111111101101111011111100101111110111111111111110111
11001111101111110110111111111111011111111111111111111100111111111111111101111111111101101111011111110101111110111111111111110111
11001111101111110110111111111111011111111111111111111100111111111111111101111111111110101111011111110101111111111111111111110111
11001111101111110010111111111111011111111111111111111100111111111111111101111111111110101111011111110101111111111111111111110111
11011111101111110010111111111111011111111111111111111100111111111111111101111111111110111111011111110111111111111111111111110111
11011111101111110010111111111111011111111111111111111100111111111111111101111111111110111111011111110111111111111111111111110111
11011111101111111000111111111111011111111111111111111100111111111111111101111111111110111111011111110111111111111111111111111111
11011111101111111000111111111111111111111111111111111101111111111111111111111111111111111111111111111111111111111111111111111111
11011111101111111000111111111111111111111111111111111101111111111111111111111111111111111111111111111111111111111111111111111111
11011111111111111000111111111111111111111111111111111101111111111111111111111111111111111111111111111111111111111111111111111111
11011111111111111000111111111111111111111111111111111101111111111111111111111111111111111111111111111111111111111111111111111111
11011111111111111000111111111111111111111111111111111111111111111111111111111111111111111111111111111111111111111111111111111111
11011111111111111100111111111111111111111111111111111111111111111111111111111111111111111111111111111111111111111111111111111111
11011111111111111100111111111111111111111111111111111111111111111111111111111111111111111111111111111111111111111111111111111111
11111111111111111101111111111111111111111111111111111111111111111111111111111111111111111111111111111111111111111111111111111111
11111111111111111101111111111111111111111111111111111111111111111111111111111111111111111111111111111111111111111111111111111111