11111111111111111111111111111111111111111111111111111111111111111111111111111111111111111111111111111111111101111101111111111001
11111111111111111111111111111111111111111111111111111111111111111111111111111111111111111111111111111111111101111101111111111001
11111111111111111111111111111111111111111111111111111111111111111111111111111111111111111111111111111101111101111001111111111001
11111111111111111111111111111111111111111111111111111111111111111111111111111111111111111111111111111101111101111001111111111001
11111111111111111111111111111111011111111111011111111111111111111110011110111110111111111111111111111100111001111001111111111001
11111111111111111111111111111110011110001110011111111110011111111100011110111110111111111111111111111100111000111000111111111001
11111111111111111111111111111110011110001110011111111110011111111100011110111110111111111111111111111100111000111000111111111001
11111111111111111111111111111110011110001110011111111110001111111100011100011100111111111110111111111100111000111000111111110001
11111111111111111111111111111110011110001110011111111110001111111100011100011100111111111110111111111100111000111000111111110001
11111111111111111111111111111110011110001110011111111100001111111100011100011100111111111110111111111000111000111000111111110001
11111111111111111111111111111110011110001110011111111100001111111100011100011100011111111110111111111000111000111000111111110001
11111111111111111111111111111110011110001110011111111100001111111100011100011100011111111110111111111000111000111000111111110001
11111111111111111111111111111110001110001110011111111100001111111100011100011100011111111100111101111000111000111000111111110001
10111110011110111111111111111110001110001110011111111100001111111100011100011100011111111100111101111000111000111000111111110001
10111110011110111111111111111110001110001110011111111100001111111100011100011100011111111100111101111000111000111000111111110001
10011110011110011111111111111110001110001110001111111100001111111100011100011100011111111100111101111000111000111000111111110000
10011110011110011111111111111110001110001110001111111110001111111100011100011100011111111100111101111000111000111000111111110000
10011110011110011101111111111110001110001110001111111110001111111100011100011100011111111100111101111000111000111000111111110000
10011110011100011101111111111110001110001110001111111110001111111100011100011100011111111100111101111000011000111000111111110000
10011110011100011101111111111110001110001110001111111110001111111100011100011100011111111100111101111000011000111000111111110000
10011110011100011100101111111110001110001110001111111110001111111100011100011100011111111100111101111000011000111000111111110000
10011110011100011100101111111100001110001110001111111110001111111100011100011100011111111100111101111000011000111000111111110000
10011110011100001100101111111100001111001100001111111110001111111100011100011100011111111100111101111000011000111000111111110000
10011110011100001100101111111100001111001100001111111110001111111100011100011100011111111100111101111000011000110000111111110000
10011110011100001100101111111100001111001100001111111111001111111110011101011100011111111100111101111000011000110000111111110000
10011110011100001100101111111100001111001100001111111111001111111110011101011101011111111100111101111010011000110000111111110000
10011110001100001100101111111100001111001100001111111111001111111110011101011101011111111100111101111010011000110000111111110000
10011110001100001100101111111100101111001100001111111111001111111110011101011101011111111100111101111010011010110000111111110000
10011100001100001100101111111100101111001100001111111111001111111110011101011001011111111100111101111010011010110000111111110000
10011100001100001100101111111100101111001100001111111111001111111110011101011001011111111100111101111010011110110000111111110100
10011100001100001100101111111101101111001100001111111111001111111110011101001001011111111100111101111010011110010010111111110100
10011100001100001100101111111101101111001100001111111111001111111110011101001001011111111100111101111010011110010010111111110100
10011100001100001100101111111101101111101100001111111111001111111110011101001001011111111100111101111010011110010010111111110110
10011100001100001100101111111101101111101100001111111111001111111110011101001001011111111100111101111010011110010010111111110110
10011100001100001100101111111101101111101100101111111111001111111110011101001001011111111100111101111010011110010010111111110110
10011100101101001100101111111101101111101100101111111111001111111110011101001001011111111100111101111010011110010010111111110110
10011100101101001100101111111101101111101100001111111111001111111110011101001001011111111100111101111010011110010010111111110110
10011100111101101100101111111101101111101100001111111111001111111110011101101001011111111100111101111010011110011010111111110110
10011100111101101100101111111101101111001100001111111111011111111110011101101001011111111100111101111010011110011000111111110110
10011100111101101100101111111101101111001100001111111111011111111110011101101001011111111100111101111010011110011000111111110110
10011100111101101100101111111101101111001110001111111111011111111110011101101001011111111100111101111010011110011000111111110110
10011100111101101100101111111101101111001110001111111111011111111110011101101001011111111100111101111010011110011000111111110110
10111100111101101100101111111101101111001110001111111111011111111110011101101001011111111100111101111010011110011000111111110110
10111100111101101100101111111101101111001110001111111111011111111110011101101001011111111100111101111011011110011000111111110110
10111100111101101100101111111101101111001110001111111111011111111110011101101001011111111100111101111011011110011000111111110110
11111100111101101100101111111101101111001110001111111111011111111110011101101001011111111110111101111011011110011000111111110110
11111100111101101100101111111101101111011110001111111111011111111110011101101001011111111110111101111011011110111000111111110110
11111100111101101100101111111101101111011110001111111111011111111110011101101001011111111110111101111010011110111000111111110110
11111100111101101100101111111101101111011110001111111111011111111110011101101001011111111110111101111010011110111000111111110110
11111100111101101100001111111101101111011110001111111111011111111110011101101001011111111110111101111010011110111000111101110100
11111100111101101100001111111101101111011110001111111111011111111110011101101001011111111110111101111010011110111000111101110100
11111100111101101100001111111101101111011110001111111111011111111110011101101001011111111110111101111010011100111000111000110100
11111100111101101100001111111101101111011110001111111111011110011110011101101001011100111110111101111010011100111000110000110000
11111100111101101100001111111101101111011110001111111111011110011110011101101001011100111110111101111010011100111000110000110000
11111100111101101100001111111100101111011110001110011111011110011110011101101001011100011110111001111010011100111000110000110000
11111110111101101100001111111100101111011110001110011111011110011110011101101001011100011110111001111010011100111000110000110000
11111110111100001100001111111100101111011110001110001111011100011110011101101001011100011110111001111010011100111000110000110000
11111110111100001100001111111100101111011110001110001110011100011110011101101001011100011110111001111010011100111000110000110000
11111110111100001100001111111100101111011110001110001110011100011110011101101001011100011110111001111010011100111000110000110000
11111110111100001100001111111100101111011110001100001110011100011110011101101101011100011110111001111000011100111000110000110000
11111110111100001100001111111100001111011110001100001110011100001110011101101100011100011110111000111000011100111000110000110000
11111110111100001100001111111100001111011110001100001110011100001110011101101100011100011110111000111000011100111000110000110000
11111110011100001100001111111100001111011110001100001110011100001110011101101100011100011110111000111000011100111000110000110000
11111110011100001100001111111100001111011110001100001110011100001110011101101100011100011110111000111000011100111000110000110000
11111110011100001100001111111100001111011110001100001110011100001110011101101100011100011110111000111000011100111000110000110000
11111110011100001100001111111100001111011110001100001110011100001110011101101100011100011110111000111000011100111000110000110000
11111110011100001100001111111110001111011110001100001110011100001110011101101100011100011110111000111000011100111000110000110000
11111110011100001100001111111110001110011110001100001110011100001110011101101100011100011110111000111000011100111000110000110000
11111110011100001100001111111110001110011110001100001110111100001110011101101100011100011110111000111000011000110000110000110000
11111110011100001100001111111110001110011110001100001110111100001111011101101100011100011110111000111000011000110000110000110000
11111110011100001100001111111110001110011110001100001110111100001111011101101100011100011110111000111000011000110000110000110000
11111110011100001100001111111110001110011110001100001110111100001111011101101100011100011110111000111000011001110000110000110000
11111110011100001100001111111110001110011100001110001110111100011111011101101100011100011110111000111000011001110000110000110000
11111110011100001100001111111110001110011100001110001110111100011111001101101100011100011110111000111000011001110000110000110000
11111111011100001100001111111110001110011100001110001110111110011111001101101100011100011110111000111100011001110000110000110000
11111111001100001100001111111110001110011100001110001110111110011111001101101100011100011110111000111100011001110000110000110000
11111111001100001100001111111110001110111100001110011110111110011111001101101100011100111110111000111100011001110000111000110000
11111111001100001100001111111110001110111100001111111110111111111111001101101100011111111110111000111100011001110010111111111000
11111111001100001100001111111110001110111100001111111110111111111111001101101100011111111110111000011100011001110010111111111000
11111111001101001100001111111110001110111100101111111110111111111111001101101110011111111110111000011100111001110010111111111000
11111111001101001100001111111110001110111100101111111110111111111111001101101110011111111110111000011100111001110010111111111000
11111111001101101100001111111110001110111100101111111110111111111111001101101110011111111110111000011100111001110010111111111001
11111111001101101100001111111110001110111100101111111110111111111111001101101110011111111110111000011100111001110010111111111001
11111111001101101100001111111110001110111100101111111110111111111111001101101110011111111110111000011100111001110010111111111001
11111111001101101100001111111110001110111101101111111110111111111111001101101110011111111110111000011100111001110010111111111001
11111111001101101101001111111111001110111101101111111110111111111111001101101110011111111110111000011100111001110010111111111001
11111111001101101101001111111111001110111101101111111110111111111111001101101110011111111110111000011100111001110010111111111001
11111111001101101101001111111111001110111101101111111110111111111111001101101110011111111110111000011100111001110010111111111001
11111111001101101101001111111111001110111101101111111110111111111111001101101110011111111110111000011100111001110010111111111001
11111111101101101101001111111111001110111101101111111110111111111111001101101110011111111110111000011100111011110010111111111001
11111111101101101101001111111111001110111101101111111110111111111111001101101110011111111110111000011100111011110010111111111001
10111111101101101101001111111111001110111101101111111110111111111111001101101110011111111110111000011100111011110010111111111001
10111111101101101101001111111111001110111101101111111110111111111111001101101110011111111110111000011100111011110010111111111001
10111111101101101101001111111111011110111101101111111110111111111111001101001110011111111110111000011100111011110010111111111001
10011111101101101101001111111111011110111101101111111110111111111111001101001110011111111110111000011100111011110010111111111001
10011111101101101101001111111111011110111101101111111110111111111111001101001110111111111110111000011100111011110010111111111001
10011111101101101101001111111111011110111101101111111110111111111111001101001110111111111110111000011100111011110010111111111001
10011111101101101101001111111111011110111101101111111110111111111111001101001110111111111110111100011100111011110010111111111001
10011111101101101101001111111111011110111101101111111110111111111111001101001110111111111110111100011100111011110010111111111001
10011111101101101101001111111111011110111101101111111110111111111111001101001110111111111110111100011100111001110010111111111001
10011111101101101101001111111111011110111101101111111110111111111111001101001110111111111110111110011100111001110010111111111001
10011111101101101101001111111111011110111100101111111110111111111111001101001110111111111110111110011100111001110000111111111001
10011111101101101101001111111111011110111100101111111110111111111111001101011110111111111110111110111100111001110000111111111001
10011110001101101101101111111111011110111100101111111110111111111111001101011110111111111110111110111101111001110000111111111001
10011100001101101101101111111111011110111100101111111110111111111111001101011110111111111110111110111101111000110000111111111001
10011100001101101101101111111111011110111100101111111110111111111111011101011110111111111110111110111101111000110000111111111001
10011100001100001101101111111111011110111100001111111110111111111111011101011110111111111110111110111101111000110000111111111001
10011100001100001101101111111110011110111100001111111110111111111110011100011110111111111110111110111101111000110000111111111001
10011100001100001101101111111110011110111100001111111110111111111110011100011110111111111110111110111101111000110000111111111001
10011100001100001101101111111110011110111100001111111110111111111100011100011110111111111110111110111101111000110000111111111001
10011110001100001101101111111110011110111100001111111110111111111100011100011110111111111110111110111101111000110000111111111011
10011110001100001101101111111110011110111100001111111110111111111100011100011110111111111110111110111101111000110000111111111011
10011110001100001101101111111110011110111100001111111110111111111100011100011110111111111110111110111101111000110000111111111011
10011110001100001101101111111110011110111100001111111110111111111100011100011110111111111110111110111101111000111000111111111011
10011110001100001101101111111110011110111100001111111110111111111100011100011110111111111110111110111101111000111000111111111011
10011110001100001101101111111110011110111110001111111110111111111100011100011110111111111110111110111101111000111000111111111011
10011110001100001101101111111110111110111110001111111110111111111100011100011110111111111110111110111101111000111000111111111011
10011110001100001101101111111110111110111110001111111110111111111100011100011110111111111110111110111101111000111000111111111011
10011110011100001101101111111110111110111110001111111110111111111100011100011110111111111110111110111101111000111000111111111011
10011110011100001111101111111110111110111110001111111110111111111100011100011111111111111110111110111101111000111000111111111011
10011110011100001111101111111110111110111110001111111110111111111100011100011111111111111110111111111101111000111000111111111011
10011110011100001111101111111110111110111110001111111111111111111100011100011111111111111110111111111101111000111000111111111011
10011110011100001111101111111110111110111110001111111111111111111100011100011111111111111110111111111101111000111000111111111011
10011110011110011111101111111110111111111110011111111111111111111100011110011111111111111111111111111111111000111000111111111011
10111110011110011111111111111111111111111110011111111111111111111100111110011111111111111111111111111111111000111000111111111011
10111110011110011111111111111111111111111110011111111111111111111100111110011111111111111111111111111111111000111000111111111011
11111110011111111111111111111111111111111110011111111111111111111110111110111111111111111111111111111111111101111001111111111111
11111110011111111111111111111111111111111110011111111111111111111110111110111111111111111111111111111111111101111001111111111111