11111111111111111111111111111111111111111111111111111111111111111111111111111111111111111111111111111111111111111111111111111011
11111111111111111111111111111111111111111111111111111111111111111111111111111111111111111111111111111111111111111111111111111011
11111111111111111111111111111111111111111111111111111111111111111111111111111111111111111111101111110111110111111111111111111001
11111111111111111111111111111111111111111111111111111111111111111111111111111111111111111111101111110111110111111111111111111001
11111111111111111111111111111111111111111111111111111111111111111111111111111111010111111111101111110111110111110011111111111001
11111111111111111111111111111111111111111111111111111111111111111111111111111111000111111111100111100011100011110011111111111001
11111111111111111111111111111111111111111111111111111111111111111111111111111111000111111111100111100011100011110011111111111001
11111111111111111111111111111111111111111111111111110111111111000111101111111111000111111111100111100011100011110011111111110001
11111111111111111111111111111111101011110111111111010111111111000111101111101111000111111111100111100011100011110011111111110001
11111111111111111111111111111111101011110111111111010111111111000111101111101111000111111111100111100011100011110011111111110001
11111111111111111111111111110111100011110111111111000111111111000111101111101111000111111111000111100011100011110011111111110001
11111111111111111111111111110111100011100111111111000111111111000111101111101111000011111111000111100011100011100011111111110000
11111111111111111111111111110111100011100111111111000111111111000111101111101111000011111111000111100011100011100011111111110000
11111111111111111111111111110011100011100111111111000011111111000111101111101111000011111111000111100011100011100001111111110000
11111111111111111111111111110011100011100111111111000011111111000111101111101111000011111111000111100011100011100001111111110000
11111111111111111111111111110011100011100111111111000011111111000111101111101111000011111111000111100011100011100001111111110000
11111111111111111111111111110011100011100011111111000011111111000111101111101111000011111111000111000011100011100001111111110000
11111111111111111111111111110011100011100011111111000011111111000111101111101111000011111111000111000011100011100001111111110000
11111111111111111111111111110011100011100011111111000011111111000111101111101111000011111111000111000011100011100001111111110000
11011111111011111111111111110011100011100011111111000011111111000111101111101111000011111111000011000011100011100001111111110000
11011111111011111111111111110011100011100011111111000011111111000111101111101111010011111111000011000011100011100001111111110000
11011110111001111111111111110011101011100011111111010011111111001111001111101111010011111111000011001011100011100001111111110000
10011100111001110111111111100011101011100011111111010011111111001111001111001111010011111111000011001011100011100001111111110000
10011100111001110111111111100011111011100011111111110011111111001111001111001111110111111111000011001011101011100001111111110000
10011100111001110111111111100011111011101011111111110011111111011111001111001111110111111111010011001011101001100001111111111100
10011100111001110111111111100001111011101011111111110011111111011111001111001111110111111111010011001011001001100001111111111100
10011100111001110111111111101001111011101011111111110011111111011111001111001111110111111111110011011011001001101101111111111100
10011100111001110111111111101101111011101011111111110011111111011111001111001111110111111111111011011011001001101101111111111100
10011100111000110111111111101101111011101011111111110011111111011111001111001111110111111111111011011011001001101101111111111100
10011100111000110111111111101101111011101011111111110011111111011111001111001111110111111111111011011011001001101101111111111100
10011100111000110110111111101101111011101011111111110111111111011111001111001111110111111111111011011011011001101101111111111100
10011100111000110110111111101101111011101011111111110111111111011111001111001111110111111111111011011011011001101101111111111100
10011100111000110110111111101101111011111011111111110111111111011111001111001111110111111111111011011011011001101101111111111100
10011100111000110110111111101101111011111011111111110111111111011111001111001111110111111111111011011011011001101101111111111100
10011100111000110110111111101101111011111011111111110111111111011111001111001111110111111111111011011011011001101101111111111100
10011100111010110110111111101101111011111011111111110111111111011111001111001111110111111111111011011011011101101101111111111100
10011100111010110010111111101101111011101011111111110111111111011111001111001111110111111111111011011011011101101101111111111100
10111101111010110010111111101101111011101011111111110111111111011111001111001111110111111111111011011011011101101101111111111110
10111101111010110010111111101101111011101011111111110111111111011111001111001111110111111111111011011011011101101101111111111110
10111101111010110010111111101101111011101011111111110111111111011111001111001111110111111111111011011011011101101101111111111110
10111101111010110010111111101101111011101011111111110111111111011111101111001111110111111111111011011011011101101101111111111110
10111101111010110010111111101101111011101011111111110111111111011111101111101111110111111111111011011011011101101101111111111100
10111101111010110010111111101101111011101011111111110111111111011111101111101111110111111111111011011011011101101101111111111100
10111101111110110010111111101101111011101011111111110111111111011111101111101111110111111111111011011011011101101101111111111100
10111101111110110010111111101101111011101011111111110111111111011111101111101111110111111111111011011011011101101101111111111100
10111101111110110010111111101101111011101011111111110111111111001111101111101111110111111111111011011011011101101101111111111100
10111101111110110010111111101101111011101011111111110111111111001111101111101111110111111111111011011011011101101101111111111100
10111101111110110010111111101101111111100011111111110111111111001111101111101111110111111111110011011011011101101101111111111100
10111101111110110010111111101101110111100011111111110111111111001111101111101111100111111111110011011011011101101101111111111100
10111101111110110010111111101101110111100011111111110111111111001111101111101111100111111111110011011011011101101101111111111100
10111101111110110010111111101101110111100011111111110111111111001111101111101111100111111111110011011011011101101101111111111100
10111101111110110010111111101101110111100011111111110111111111001111101111101111100111111111110011011011011101101101111111111100
11111101111110110010111111101101110111100111111111110111111111001111101111101111100111111111110011011011011101101101111111111100
11111101111010110010111111101101110111100111111111110111111111001111101111101111101111111111110011011011011101101101111001111100
11111101111010110010111111101101110111100111111111100111101111000111101111101111101111000111110011011011011101101101110001111100
11111101111010110010111111101101110111100111111111101111101111000111101111101111101111000111110011011011011101101101110001111100
11111101111010110010111111101101110111100111100111101111000111000111101111101111101111000111110011011011011101101101110001111100
11111101111010110010111111101101110111100111000111101111000111000111101111101111101111000111110111011011011101101101110001111100
11111101111010110010111111101101110111100111000011101111000111000111101111101111101111000111110111011011011101101001110001111100
11111101111010110010111111101101110111100111000011101111000111000111101111101111101111000111110111011011011101100001110001111100
11111101111010110010111111101101110111100111000011101111000111000111101111101111101111000111110111011011011101100001110001111101
11111101111010110010111111101001110111100111000011101111000111100111101111101111101111000011110111011011011101100001100001111101
11111101111000110010111111101001110111100111000011101111000111100111101111101111101111000011110111011011011101100001100001111101
11111101111000110010111111101001110111100111000011101111000111110111101111101111101111000011110111011011011101100001100001111101
11111101111000110010111111101001110111100011000011101111000111110111101111101111101111000011100111011011011101100001100001111001
11111101111000110010111111100001110111100011000011101111000111110111101111101111101111000011100111011011011101100001100001111001
11111101111000110010111111100001110111100011000011101111000111110111101111101111101111000011100111011011011101100001100001111001
11111100111000110010111111100001110111100011000011101111000111110111101111101111101111000011100111011011011101100001100001111001
11111100111000110010111111100001110111100011000011101111000111110111101111101111101111000011100111011011011101100001100001111001
11111100111000110010111111100001110111100011000011101111000111110111101111101111101111000011100111011011011101100001100001111001
11111100111000110000111111100001110111100011000011101111000111110111101111101111101111000111100111011011011101100001110001111001
11111110111000110000111111100001110111100011000011101111000111110111101111101111101111000111100111011011011101100001110001111001
11111110111000110000111111110011110111100011100111101111000111110111101111101111101111000111100111011011011101100001110001111001
11111110111000110000111111110011110111100011100111101111000111110111101111101111101111000111100111011011011101100001110001111001
11111110111000110000111111110011110111100011101111101111100111110111101111101111101111100111101111011011011101110001110001111001
11111110111000110100111111110011110111001011111111101111101111110111101111101111101111111111101111011011011101110001111011111001
11111110111000110100111111110011110111001011111111101111101111110111101111101111101111111111101111011011011101110001111011110001
11111110111010110100111111110011110111001011111111101111111111110111101111101111101111111111101111011011011101110001111111110011
11111110111010110100111111110011110111011011111111101111111111110111101111101111101111111111101111011011011101110001111111110011
11111110111010110100111111110011110111011011111111101111111111110111101111101111101111111111101111011011011101110001111111110011
11111110111010110100111111111011110111011011111111101111111111110111101111101111101111111111101111011011011101110001111111110011
11111110111010110100111111111011111111011011111111101111111111110111101111101111101111111111001111011011011101110001111111110011
11111110111010110100111111111011111111011011111111101111111111110111101111101111101111111111001111011011011101110001111111110011
11111110111010110100111111111011111111011011111111101111111111110111101111101111111111111111001111011011011101110001111111110011
11111111111010110100111111111011111111011011111111101111111111110111101111101111111111111111001111011011011101111001111111110011
11111111011010110100111111111011111111011011111111101111111111110111101111101111111111111111001111011011011101111001111111110011
11111111011010110100111111111011111111011011111111101111111111110111101111101111111111111111001111011011011101111011111111110011
11111111011010110100111111111011111111011011111111111111111111110111101111101111111111111111001111011011011101111011111111110011
11111111011010110100111111111011111111011011111111111111111111110111101111101111111111111111001111011011011101111011111111110011
11111111011010110100111111111011111111011011111111111111111111110111101111101111111111111111001111011011011101111011111111110011
10111111011110110100111111111011111111011011111111111111111111110111101111101111111111111111011111011011011101111011111111110111
10111111011110110100111111111011111111011011111111111111111111110111101111101111111111111111011111011011011101111011111111110111
10111111011110110100111111111011111111011011111111111111111111110111101111101111111111111111011111011011011101111011111111110111
10111111011110110100111111111011111111011011111111111111111111110111101111101111111111111111011111011011011101111011111111110111
10111111011110110100111111111011111111011011111111111111111111110111101111101111111111111111011111011011011101111011111111110111
10111111011110110100111111111011111111011011111111111111111111110111101111101111111111111111011111011011011101111011111111110111
10111111011110110100111111111011111111011011111111111111111111110111101111101111111111111111011111011011001101111011111111110111
10111111011110110100111111111011111111011011111111111111111111110111101111101111111111111111011111011011101101111011111111110111
10111111011010110100111111111011111111011011111111111111111111110111101111101111111111111111011111011011101101111011111111110111
10111111011010110100111111110011111111011011111111111111111111110111101111101111011111111111011111011011101001111011111111110111
10111111011010110100111111110011111111011011111111111111111111110111101111101111011111111111011111011011101001111011111111110111
10111111011010110100111111110011111111011011111111111111111111110111101111101111011111111111011111011011101001110011111111110111
10111111011010110100111111110011101111011011111111111111111111110111101111101111011111111111011111001011101001110011111111110111
10111111011010110100111111110111101111011011111111111111111111110111101111101111011111111111011111001011101001110011111111110111
10011101011010110100111111110111101111011011111111111111111111110111101111101111011111111111011111001011101001110011111111110111
10011100011010110100111111110111101111001011111111111111111111100111101111101111011111111111011111001011101001110011111111110111
10011100011010110100111111110111101111001011111111111111111111100111101111101111011111111111011111001011101011110011111111110111
10011100011000110100111111110111101111001011111111111111111111100111101111101111011111111111001111000011101011110011111111110011
10011100011000110100111111110111111111001011111111111111111111100111101111101111011111111111000111000011100011110011111111110001
10011100111000110100111111110111111111001011111111111111111111100111101111101111011111111111000111000011100011110111111111110001
10011100111000110100111111110111111111000011111111111111111111000111101111101111011111111111000111000011100011110111111111110001
10011100111000110110111111110111111111000011111111111111111111000111101111101111011111111111000111000011100011110111111111110001
10011100111000110110111111110111111111000011111111111111111111001111101111101111011111111111000111000011100011110111111111110000
10011100111000110110111111110111111111000011111111111111111111001111101111101111011111111111000111000011100011110111111111110000
10011100111000110110111111110111111111100011111111111111111111001111101111101111111111111111000111000011100011110111111111110000
10011100111001110111111111110111111111100011111111111111111111001111111111101111111111111111000011100011100011110111111111110000
10011100111001110111111111110111111111100011111111111111111111001111111111101111111111111111000011100011100011110111111111110000
10011100111001110111111111110111111111100111111111111111111111001111111111111111111111111111000111100011100011110111111111110000
10011100111001110111111111110111111111100111111111111111111111001111111111111111111111111111000111100011100011110111111111110000
10011100111001110111111111110111111111100111111111111111111111001111111111111111111111111111000111100011100011110111111111110000
11111110111101111111111111110111111111100111111111111111111111011111111111111111111111111111000111100011100011110111111111110000
11111110111111111111111111111111111111110111111111111111111111011111111111111111111111111111000111100011100011110111111111110000
11111110111111111111111111111111111111110111111111111111111111011111111111111111111111111111000111100011100011110111111111110000
11111111111111111111111111111111111111110111111111111111111111011111111111111111111111111111100111100111100011110111111111110001
11111111111111111111111111111111111111111111111111111111111111111111111111111111111111111111101111110111110011110111111111110001
11111111111111111111111111111111111111111111111111111111111111111111111111111111111111111111101111110111110011110111111111110001
11111111111111111111111111111111111111111111111111111111111111111111111111111111111111111111111111110111110111111111111111111001
11111111111111111111111111111111111111111111111111111111111111111111111111111111111111111111111111110111110111111111111111111001