11111111111111111111111111111111111111111111111111111111101111111111111111111111111111111111111111111110111111111111111111111111
11111111111111111111111111111111111111111111111111111111101111111111111111111111111111111111111111111110111111111111111111111111
11111111111111111111111111111111111111111111111111111111000111111111111110111111111111110111111111111100111111111111111111111111
11111111111111111111111111111111111111111111111111111111000111111111111110111111111111110111111111111100111111111111111111111111
11100111100011111100111111111111111111111111111110011111000111110001111100111111111111100111110001111100111111001111111111111111
11000111100000111100111111111111000001111111111100011111000111100001111000111111111111000011100001111000111110001111111111111011
11000111100000111100111111111111000001111111111100011111000111100001111000111111111111000011100001111000111110001111111111111011
11000111100000111000111111111111000001111111111100011111000111100001111000111111111111000011100001111000111110001111111111110011
11000111100000111000111111111111000001111111111100001111000111100001111000111111111111000011100000111000011100001111111111110011
11000111100000111000111111111111000001111111111100001111000111000001111000111111111111000011100000111000011100001111111111110011
11000111100000111000011111111111000001111111111100001111000111000001110000111111111111000011100000111000011100001111111111110001
11000111100000111000011111111111000001111111111100001110000111000001110000111111111111000011100000111000011100001111111111110001
11000111100000111000011111111111000001111111111100001110000111000001110000111111111111000011100000111000011100001111111111110001
10000011100000111000011111111111000001111111111100001110000111000001110000111111111111000011100000111000011100001111111111100001
10000011100000111000011111111111000001111111111100001110000111000001110000111111111111000011100000111000011100001111111111100001
10000011100000111000011111111111000001111111111100001110000111000001110000111111111111000011100000111000011100001111111111100001
10000011100000111000011111111111000001111111111100011110000111100001110000111111111111000011100000111000011100001111111111100001
10000011100000111000011111111111000001111111111100011110000111100001110000111111111111000011100000111000011100001111111111100001
10000011100000111000011111111111000001111111111100011110000111100001110000111111111111000111100000111000011100001111111111100001
10010011100000111000011111111111100001111111111100011110010011110001110000111111111111000111110000111000011100001111111111100001
10010011100000111000011111111111100001111111111100011110010011110001110000111111111111000111110000111000011100001111111111100001
10010011111100111000011111111111111001111111111100111110010011111001110001111111111111001111111000111000011100001111111111100001
10010011111100111001011111111111111001111111111101111110010011111001110011111111111111001111111001111000011100001111111111100001
10010011111100111001011111111111111001111111111101111110010011111001110011111111111111001111111001111000011100001111111111100001
10010011111100111011011111111111111001111111111101111110110011111001110011111111111111011111111001111010011100011111111111100001
10011011111100111011011111111111111001111111111101111110110011111001110011111111111111011111111001110011011100111111111111101101
10011011111100111011011111111111111001111111111101111110110011111001110011111111111111011111111001110011011100111111111111101101
10111011111100111011011111111111111001111111111101111110111011111001110011111111111111011111111001110011011100111111111111101101
10111011111100111011011111111111111001111111111101111110111011111001110011111111111111011111111001110011011100111111111111101101
10111011111100111011011111111111111001111111111101111110111011111001110011111111111111011111111001110011011100111111111111101101
10111011111101111011011111111111111001111111111101111110111011111001110011111111111111011111111001110011011100111111111111101101
10111011111101111011011111111111111001111111111101111110111011111011110011111111111111011111111001110011011100111111111111101101
10111011111101111011011111111111111001111111111101111110111011111011110011111111111111011111111001110011011100111111111111101100
10111011111101111011011111111111111011111111111101111110111011111011110011111111111111011111111001110011011100111111111111101100
10111011111101111011011111111111111011111111111101111110111011111011110011111111111111011111111001110011011100111111111111101100
10111011111101111011011111111111111011111111111101111110111011110011110011111111111111011111111001110011011100111111111111001100
10111011111101111011011111111111111011111111111101111110111011110011110011111111111111011111111001110011011100111111111111001100
10111011111101111011011111111111111011111111111101111110111011110011110011111111111111011111111001110011011100111111111111001100
10111011111101111011011111111111111011111111111101111110111011110011110011111111111111011111111001110011011100111111111111001100
10111011111101111011011111111111111011111111111101111110111011110011110011111111111111011111111001110011011100111111111111001100
10111011111001111011011111111111111011111111111101111110111011110011110011111111111111011111111001110011011100011111111111001100
10111011111001111010011111111111110011111111111100111110111011110011110001111111111111001111111001110011011100011111111111001100
10111011111001111010011111111111110011111111111100111110111011110011110001111111111111001111111011110011011100011111111111001100
10111011111001111000011111111111110011111111111000111110111011110011110001111111111111001111111011110011011100011111111111001100
10111011111001111000011111111111110011111111111000111110111011110011110001111111111111001111110011110011011100011111111111001100
10111011111001111000011111111111110011111111111000111110111011110011110001111111111111001111110011110111011100011111111111001100
10111011111001111000011111111111110011111111111000111110111011110011110001111111111111000111110011110111001100011111111111001100
10111011111001111000011111111111110011111111111000011110111011110011110000111111111111000111110011110111001100001111111111001100
10111011111001111000011111111111110011111111111000011110111011110011110000111111111111000111110011110111001100001111111111001100
10111011111001111000011111111111110011111111111000011110111011110011110000111111111111000111110011110111001100001111111111001100
10111011111001111000011111111111110011111111111000011110111011110011110000111111111111000111110011110111001100001111111111001100
10111011111011111000011111111111110011111111111000011110111011110011110000111111111111000111110011110111001100001111111111101100
10111011111011111000011111111111110011111111111100011110111011110011110000111111111111000111110011110111001100001111111111101100
10111011111011111000011111101111110011111100111100011110111011110011110000111111101111000111110001110111001100001111100111101100
10111011111011111000011111101111110111111100111100011110111011110011110000111111101111000111110001110111001100001111100111101100
10111011111011111000011110000111110111110000111100011110111011110011110000111100001111000111110001110111001100001111000011101100
10111011111011111000011110000111110111110000111100011110111011110011110000111100000111000111110001110111001100001111000011101100
10111011111011111000011110000111110111110000111100011110111011110011111000111100000111000111110001110111001100001111000011101100
10011011111011111000011100000111110111110000111100011110111011110001111000111100000111000111110001110111001100001111000011101100
10010011111011111000011100000111110111110000011100011110111011110001111000111100000111000111110001110111001100001110000011101100
10010011111011111000011100000111110111110000011110011110111011110001111100111100000111100111110001110111001110001110000011101100
10010011111011111000011100000111110111110000011111001110111011110001111110111100000111110011110001110111001111001110000011101100
10010011110011111000011100000111110111110000011111001110111011110001111110111100000111110011110001110111001111001110000011100000
10010011110011111000011100000111110111110000011111001110111011110001111110111100000111110011110001110111001111001110000011100000
10000011110011111000011100000111110111110000011111001110111011111001111110011100000111110011111001110111001111001110000011100000
10000011110011111000011100000111110111110000011111001110111011111001111110011100000111110011111001110111001111001110000011100000
10000011110011111000011100000111110111110000011111001110111011111001111110011100000111110011111001110111001111001110000011100000
10000011110011111000011100000111110111110000111111001110111011111001111110011100000111110011111101110111001111101110000011100000
10000011110011111000011100000111100111110000111111001110111011111001111110011100000111110011111100110111001111101110000011100000
10000011110011111000011100000111100111110000111111001110111011111001111110011100000111110011111100110111001111101110000011100000
10000011110011111000011100000111100111110000111111001110111011111101111110011100000111110011111100110111001111101110000011100000
10000011110011111000011100000111100111110000111111001110111011111101111110011100000111110011111100110111001111101110000011100000
11000011110011111000011100000111100111110000111111001110111011111101111110011100001111111011111100110111001111101110000011100000
11000011110111111001011110000111100111110000111111101110111011111101111110011110001111111011111100110111001111100110000011100000
11000011110111111001011110000111100111110000111111101110111011111101111110011110001111111011111100110111001111100110000011100000
11000011110111111011011111101111100111111111111111101110111011111101111110011111111111111011111100110111001111100111000011100001
11000011110111111011001111111111100111111111111111101110111011111101111110011111111111111011111100110111001111100111111011100001
11000011110111110011001111111111100111111111111111101110111011111101111110011111111111111011111100110111001111100111111011100001
11000011110111110011001111111111100111111111111111101110111011111101111110011111111111111011111100110111001111100111111111110001
11000111110111110011001111111111101111111111111111101110111011111101111110011111111111111011111100110011001111100111111111110001
11000111110111110011001111111111101111111111111111101110111011111101111110011111111111111011111100110011001111100111111111110001
11100111110111110011001111111111101111111111111111101110111011111101111110011111111111111011111100110011001111100111111111110001
11100111110111110011001111111111101111111111111111101110111011111101111110011111111111111011111100110011001111100111111111110001
11100111110111110011001111111111101111111111111111101110111011111101111110011111111111111011111100110011001111100111111111110001
11100111110111110011001111111111101111111111111111101110111011111101111110011111111111111011111100110011001111100111111111110001
11100111110111110011001111111111101111111111111111101110111011111101111110011111111111111011111100110011001111100111111111111001
11100111110111110011001111111111101111111111111111101110111011111101111110011111111111111011111100110011001111100111111111111001
11100111110111110011001111111111101111111111111111101110111011111101111110011111111111111011111100110011001111100111111111111001
11100111110111110011001111111111101111111111111111101110111011111101111110011111111111111011111100110011001111100111111111111001
11100111110111110011001111111111101111111111111111101110111011111101111110011111111111111011111100110011001111100111111111111001
11100111110111110011001111111111101111111111111111101110111011111101111110011111111111111011111100110011001111100111111111111001
11100111110111110011001111111111101111111111111111101110111011111101111110011111111111111011111100110011001111100111111111111001
11100111110111110011001111111111101111111111111111001110111011111101111110011111111111111011111100110011001111100111111111111001
11100111110111110011001111111111101111111111111111001110111011111101111110011111111111111011111100110011011111100111111111111001
11100111110111110011001111111111101111111111111111001110111011111101111110011111111111110011111100110011011111100111111111111001
11100111110111110011001111111111101111111111111111001110111011111101111110011111111111110011111100110011011111100111111111111001
11100111110111110011001111111111101111111111111111001110111011111101111110011111111111110011111100110011011111100111111111111001
11100111110111110011001111111111101111111111111111001110111011111101111110011111111111110011111100110011011111100111111111111001
11100111110111110011001111111111101111111111111111001110111011111101111110011111111111110011111100110011011111100111111111111001
11100111110111110011001111111111101111111111111111001110111011111101111110011111111111110011111100110011011111100111111111111001
11100111110111110011001111111111101111111111111111001110111011111101111110011111111111110011111100111011011111100111111111111001
11100111110111110011001111111111101111111111111111001110110011111101111110011111111111110011111100111011011111000111111111111001
11100111110111110011001111111111101111111111111111001110110011111101111110011111111111110011111100111011011111000111111111111011
11100111110111111011001111111111101111111111111111001110110011111001111110111111111111110011111100111011011111001111111111111011
11100111110111111011001111111111101111111111111110001110110011111001111100111111111111110011111100111011011111001111111111111011
11101111110111111011001111111111101111111111111110001110110011111001111100111111111111110011111100111011011111001111111111111011
11101111110111111011001111111111101111111111111110011110110011111001111100111111111111100011111000111011011111001111111111110011
11101111110111111010001111111111101111111111111110011110010011111001111100111111111111100011101000111010011111001111111111110011
11101111110111111010001111111111101111111111111110011110010011111001111100111111111111100111101001111010011111001111111111110011
11101111110111111000001111111111101111111111111110011110000011100001111100111111111111100111100001111010011110001111111111110011
11001111110111111000001111111111101111111111111100011110000011000001111000111111111111000111100001111000011110001111111111110011
11001111110111111000001111111111101111111111111100011110000011000001111000111111111111000111100001111000011110001111111111110011
11001111110111111000011111111111101111111111111100011110000011000001111000111111111111000111100001111000011100001111111111110011
11001111110111111000011111111111101111111111111100011110000011000001111000111111111111000111100001111000011100001111111111110011
11001111110111111000011111111111101111111111111100011110000011000001111000111111111111000111100001111000011100001111111111110011
11001111110111111000011111111111101111111111111100011110000111000001110000111111111111000111100001111000011100001111111111110011
11001111110111111000011111111111101111111111111100011110000111000001110000111111111111000111100001111000011100001111111111110011
11001111110111111000011111111111101111111111111100111110000111000001110001111111111111000111100001111000011100011111111111110111
11001111110111111000011111111111101111111111111100111110000111000011110001111111111111000111100001111000011100011111111111110111
11001111110111111000011111111111101111111111111100111111000111100011110001111111111111000111100001111000011100011111111111110111
11011111110111111000011111111111101111111111111100111111000111100011110001111111111111001111100001111000011100011111111111110111
11011111110111111000011111111111101111111111111100111111000111100011110001111111111111001111100011111000011100011111111111110111
11011111110111111100011111111111101111111111111100111111000111100011111001111111111111001111100011111000011100011111111111110111
11011111110111111100111111111111101111111111111100111111000111100011111011111111111111001111100011111000111100011111111111110111
11011111110111111100111111111111111111111111111101111111001111100111111011111111111111011111110011111000111100111111111111110111
11011111110111111100111111111111111111111111111101111111001111100111111011111111111111011111110011111100111100111111111111110111
11111111111111111110111111111111111111111111111111111111001111111111111111111111111111011111111111111100111111111111111111110111
11111111111111111110111111111111111111111111111111111111001111111111111111111111111111011111111111111100111111111111111111110111