11111111111111111111111111111100111100111100111111111100111111111111111111111011111011111111110111111111111111111111111111111111
11111111111111111111111111111100111100111100111111111100111111111111111111111011111011111111110111111111111111111111111111111111
11111111111111111111111111111100111100011100111111111000111111111011111111111011110011111111110111110111111111111111111111111111
11111111111111111111111111111100111100011100111111111000111111111011111111111011110011111111110111110111111111111111111111111111
11111111111111111111111111111100111100011100111111111000111111111001111111110011110011111111100111100111111111111111111111111111
11111111111111111111111111111100111100011100111111111000111111111001111111110011110011111111100111100111111111111111111111111111
11111111111111111111111111111100111000011100111111111000111111111001111011110001110011111111100011100111111111111111111111111111
11111111111111111111111111111100111000011000111111111000111111111001111011110001110011111111100011100111111111111111111111111111
10011110111100111111111111111100111000011000111111111000111111110001111011110001110001111111100011100111111111111111111111111111
10011110111100111111111111111100011000011000111111111000111111110001111011110001100001111111100011100111111111101111111111111111
10011110111100111111111111111100011000011000111111111000111111110001111011110001100001111111100011100111111111101111111111111111
10011110011100011101111111111100011000011000111111111000111111110001111011110001100001111111100011100011111111101111111111111111
10011110011100011101111111111100011100011000111111111000111111110001111011110001110001111111100011100011111111101111111111111111
10011110011100011101111111111100011100011000111111111000111111110001111011110001110001111111100011100011111111101111111111111111
10011110011100011101111111111100011100011000111111111000111111110001111011110001110001111111100011100011111111101111111111111111
10011110011100011101111111111100011100011000111111111000111111110001111011110001110001111111100011100011111111101111111111111111
10011100011100011101111111111100011100011000111111111000111111110001111011110001110001111111100011100011111111101111111111111111
10011100011100011101111111111100011110011000111111111100111111110001111011110001110001111111100011100011111111101111111111111111
10011100011100011101111111111000011110011000111111111100111111110001111011110001110001111111100011100011111111101111111111111111
10011100011100011101111111111000011110011000111111111100111111110001111011110001110001111111111011100011111111101111111111111111
10011100011100011101111111111000011110011000111111111100111111110001111011110001110001111111111011100011111111101111111111111111
10011100011100011101111111111001011110011000111111111110111111110011110011110001111001111111111011100011101111101111111111111111
10011100011100011101011111111001011110011010111111111110111111110011110011110001111011111111111011101011101111101111111111011111
10011100011100011101011111111001011110011010111111111110111111110011110011110001111011111111111011101011101111101111111111011111
10011100011100011101011111111011011110011010111111111110111111110111110011110101111011111111111011101011101111101111111111011111
10011100011100001101011111111011011110011010111111111110111111110111110011110101111011111111111011101011101111101111111111011111
10011100011100001101011111111011011110011010111111111110111111110111110011110101111011111111111011101011101111101111111111011111
10011100011100001101011111111011011110011010111111111110111111110111110011110101111011111111111011101011101111101111111111011111
10011100011100001101011111111011011110011010111111111110111111110111110011110101111011111111111011101011101111101111111111011111
10011100011101001101011111111011011110111010111111111110111111110111110011110101111011111111111011101011101111101111111111011111
10011100011101001101011111111011011110111010111111111110111111110111110011110101111011111111111011101011101111101111111111011111
10011101011101001101011111111011011110111010111111111110111111110111110011110101111011111111111011101011101111101111111111011111
10011101011101001101011111111011011110111010111111111110111111110111110011110101111011111111111011101011101111101111111111011111
10011101111101001101011111111011011110111010111111111110111111110111110011110101111011111111111011101011101111101111111111011111
10011101111101001101011111111011011110111010111111111110111111110111110011110101111011111111111011101011101111101111111111011111
10011101111101001101011111111011011110111010111111111110111111110111111011110101111011111111111011101011101111101111111111011111
10011101111101001101011111111011011110111010111111111110111111110111111011110101111011111111111011101011101111101111111111011111
10011101111101001101011111111011011110111000111111111110111111110011111011110001111011111111111011101011101111101111111111011111
10011101111101001101011111111011011110111000111111111111111111110011111011110001111011111111111011101011101111101111111111011111
10011101111101001100011111111011011110111000111111111101111111110011111011110001111011111111111011100011101111101111111111011111
10111101111101001100011111111011011110111000111111111101111111110011111011110001111011111111111011100011101111101111111111011111
10111101111101001100011111111011011110111000111111111101111111110011111011110001110011111111111011100011101111101111111111011111
10111101111101001100011111111011011110111000111111111101111111110011111011110001110011111111111011100011101111101111111111011111
10111101111101001100011111111011011110111000111111111101111111110011111011110001110011111111111011100011101111111111111111011111
10111100111101001100011111111011011110111000111111111101111111110011111011110001110011111111111011100011101111111111111111011111
10111100111101001100011111111011011110111000111111111101111111110011111011110001110011111111111011100011101111111111111111011111
10111100111101001100011111111011011110111000111111111101111111110011111011110001110011111111111011100011101111011111111111011111
10111100111101001100011111111011011110111000111111111101111111110011111011110001110011111111111011100011101111011111111111011111
10111100111101001100011111111011011110111000111111111101111111110001111011110001110011111111111011100011101111011111111111011111
10111100111101001100011111111011011110111000111111111101111111110001111111110001110011111111111011100011101111011111111111011111
10111100111101001100011111111011011110111000111111111101111111110001111111110001110011111111111011100111101111011111111111011111
10111100111101001100011111111011011100111000111111111101111111110001111111110001110011111111111011100111101111011111111111011111
11111100111101001100011111111011011100111000111111111101111111111001111111110001110011111111111011100111101111011111111111011111
11111100111100001100011111111011011100111000111000111101111011111001111111110001110011111111111011100111101111011111010111011111
11111100111100001100011111111011011100111000111000111101111011111001111111110001110011111111111011100111101111011111010111011111
11111100111100001100011111111001011100111000111000111101111001111001111111110001110011100011111011100011101111011111000111011111
11111100111100001100011111111001011100111000111000111101111001111001111111110001110011100011111011100011101111011111000111011111
11111110111100001100011111111001011101111000111000111101111000111001111111110001110011100011110011100011101111011111000111011111
10111110111100001100011111111000011101111000111000111101110000111001111111110001110011100011110011100011101111011111000111011111
10111110111100001100011111111000011101111000111000111101110000111001111111110001110011100011110011100011101111011111000111111111
10111110111100001100011111111000011101111000111000111101110000111001111111110001110011100011110011100011101111011111000111111111
10111110111100001100011111111000011101111000111000111101110000111101111111110001111011100011110011100011101111011111000111111111
10111110011100001100011111111000011101111000111000111101110000111101111111110001111011100011110011100011101111011111000111111111
10111110011100001100011111111100011101111000111000111101110000111101111111110001111011100011110011100011101111011111000111111111
10111110011100001100011111111100011101111000111000111101110000111101111111110001111001100011110111100011101111011111000111111111
10111110011100001100011111111100011101111000111000111101110000111101111111110001111001100011110111100011100111011111000111111111
11111110011100001100011111111100011101111000111000111101111000111101111111110001111001100011110111100011100111011111000111111111
11111110011100001100011111111100011101111000111000111101111000111101111111110001111001100011110111100011000111011111000110111111
11111110011100001100011111111100011101111000111000111101111000111101111111110001111001100011110111100011000111011111000110111111
11111110011100001100011111111100011101111000111000111101111000111101111111110001111001100011110111100011000111010111000110101111
11111110011100001100011111111100011101111000111000111101111001111101111111110001111001100011110111100011000111010111000110101111
11111110011100001100011111111100011101111000111000111111111001111101111111110001111101110011110111100011000111010111001110101111
11111110011100001100011111111100011101111000111000111111111001111101111111110001111101110011110111100011000111000111101110101111
11111111011100001100011111111100011101111000111101111111111101111101111111110001111101111111110111100011000111000111101110101111
11111111011100001100011111111100011101111000111101111111111101111101111111110001111101111111110111100011000111000111101110001111
11111111011101001100011111111100011101111010111111111111111111111101111111110001111101111111110111101011000111000111111110001111
11111111011101001100011111111100011101111010011111111111111111111101111111110001111101111111100111101011000111000111111110001111
11111111011101001100011111111100011101111010011111111011111111111111111111110101111101111111100111101011000111000111111110001111
11111111011101001100011111111100011101111010011111111011111111111111111111101101111101111111100111101011000111000111111110000111
11111111011101001000011111111100011101111010011111111011111111111111111111101101111101111111100111001011000011000111111110000111
11111111011101001000011111111110011101111010011111111011111111111111111111101101111101111111100111001011000011000111111110000111
11111111011101001000011111111110011101111010011111111011111111111111111111101101111101111111100111001011000011000111111110000111
11111111011101001000011111111110111101111011011111111011111111111111111111101101111101111111101111011011000011000111111110000111
11111111011101001000011111111110111101111011011111111011111111111111111111101101111101111111101111011011000011000111111110000111
11111111011101001000011111111110111101111011011111111011111111111111111111101101111101111111101111011011000011000111111110000111
11111111011101001000011111111110111101111011011111111011111111111111111111101101111101111111101111011011000011000111111110000111
11111111011101101000011111111110111101111011011111111011111111111111111111101101111101111111101111011011000011000111111110000111
11111111011101101000011111111110111101111011011111111011111111111111111111101101111101111111101111011011000011000111111110000111
11111111011101101000011111111110111101111011011111111011111111111101111111101101111101111111101111011011000011000111111110000111
11111111011101101010011111111110111101111011011111111011111111111101111111101101111101111111101111011011000011000111111110000111
11111111011101101010011111111110111101111011011111111011111111111101111111101101111101111111101111011011000011000111111110000111
11111111011101101010011111111110111101111011011111111011111111111101111111101101111101111111101111011011000011000111111110000111
11111111011101101011011111111110111101111011011111111011111111111101111111101101111101111111101111011011000011000111111111000111
11111111011101101011011111111110111101111011011111111011111111111101111111101101111101111111101111011011000011000111111111000111
11111111011101101011011111111110111101111011011111111011111111111101111111101101111101111111101111011011100011000111111111000111
10111101011101101011011111111110111101111011011111111011111111111101111111101101111101111111101111011011100011000111111111000111
10111101011101101011011111111110111101111011011111111011111111111101111111101101111101111111101111011011100011000111111111000111
10011101011101001011011111111110111101111011011111111011111111111101111111101101111101111111101111011011100011000111111111000111
10011101011101001011011111111110111101111011011111111011111111111101111111101101111101111111101111011011100011100111111111101111
10011101011101001011011111111110111101111011011111111011111111111101111111101101111101111111101111011011100011100111111111101111
10011101011101001011011111111110111101111010011111111011111111111101111111100101111101111111101111011011100011100111111111101111
10011101011101001011011111111110111101111010011111111011111111111101111111100101111101111111101111011011110111110111111111101111
10011101011101001011011111111100111101111010011111111011111111111101111111100101111101111111101111011011110111110111111111101111
10011101011101001011011111111100111101111010011111111011111111111101111111100101111101111111101111011011110111110111111111101111
10011100011100001011011111111100111101111010011111111011111111111101111111100101111001111111101111001011110111110111111111101111
10011100011100001011011111111100111101111010011111111011111111111101111111100101111001111111101111001011110111110111111111101111
10011100011100001011011111111101111101111000111111111011111111111101111111100101111001111111101111001011110111110111111111101111
10011100011100001011011111111101111101111000111111111011111111111101111111100001111001111111100111000011110111110111111111101111
10011100011100011011011111111101111101111000111111111011111111111101111111100001111011111111100111100011110111110111111111111111
10011100011100011011011111111101111101111000111111111011111111111101111111100001111011111111100111100011110111110111111111111111
10011100011100011011011111111101111101111000111111111011111111111101111111110001111011111111100111100011110111110111111111111111
10011100011100011011011111111101111101111000111111111011111111111001111111110001110011111111100011100011110111110111111111111111
10011100011100011111011111111101111101111000111111111011111111111001111111110001110011111111100011100011110111110111111111111111
10011100011100011111011111111101111101111000111111111011111111111001111111110001110011111111100011100011110111110111111111111111
10011100011100011111011111111101111101111000111111111011111111111001111111110001100011111111100011100011110111110111111111111111
10011100011100011111011111111101111111111000111111111011111111111011111111110001100011111111100011100011111111110111111111111111
10011100011100011111011111111101111111111000111111111011111111111011111111110001100011111111100011100011111111110111111111111111
10011110011100011111011111111101111111111000111111111011111111111011111111110001100011111111100011100011111111111111111111111111
10011110011100011111011111111101111111111000111111111011111111111011111111110001100011111111100011100011111111111111111111111111
10011110011100011111011111111101111111111000111111111111111111111011111111110001100011111111100011100111111111111111111111111111
10011110011100011111011111111101111111111000111111111111111111111011111111110001100011111111100011100111111111111111111111111111
10011110011100011111011111111101111111111000111111111111111111111011111111110001110011111111100011100111111111111111111111111111
10011110111100011111111111111111111111111100111111111111111111111011111111110011110011111111100011100111111111111111111111111111
10011110111100011111111111111111111111111100111111111111111111111011111111110011110011111111100011100111111111111111111111111111
11111110111100111111111111111111111111111101111111111111111111111111111111111011110111111111111111110111111111111111111111111111
11111110111100111111111111111111111111111101111111111111111111111111111111111011110111111111111111110111111111111111111111111111
11111110111111111111111111111111111111111101111111111111111111111111111111111011110111111111111111110111111111111111111111111111
11111110111111111111111111111111111111111101111111111111111111111111111111111011110111111111111111110111111111111111111111111111