11111111111111111111111111111111111111111111111111111111111111111111111111111111111111111111110111111111111111111111111111111011
11111111111111111111111111111111111111111111111111111111111111111111111111111111111111111111110111111111111111111111111111111011
11111111111111111111111111111111111111111111111111111111111111111111111111111111111111111111110011111111111111011111111111110001
11111111111111111111111111111111111111111111111111111111111111111111111111111111111111111111110011111111111111011111111111110001
11111111111111111111111111111111111111111111111111111111111111111111111111111111111111001111110011111110111110001111111111110001
11111111111111111111111111111111111111111111111111111110111111111111111111111111111111000111100001111110111110001111111111110001
11111111111111111111111111111111111111111111111111111110111111111111111111111111111111000111100001111110111110001111111111110001
11111111111111111111111111111111111111111111111100111110001111111111111111111111111111000111100001111110111110001111111111110001
11111111111111111111111111111111111111111111111100111110001111111111111111111111111111000111100001111110111110001111111111110001
11111111111111111111111111111111111111111111111100111110001111111111111111111111111111000111100001111110111110001111111111110001
11111111111111111111111111111111110111111111111000111110001111110111111111111111111111000111100001111100111100001111111111110001
11111111111111111111111111111111110111111111111000111110001111110111111111111111111111000111100001111100111100001111111111110001
11111111111011111001111111111111110111111111111000111110001111110111111011111111111110000111100001111100111100001111111111110001
11111111111011111001111111111111110111111111111000111110001111110111111011111111111110000111100001111100111100001111111111110001
11111111111001111000111111111111110011111111111000111110001111110111111011111111111110000111100001111100111100001111111111110001
11111111111001111000111111111111110011111111111000111110000111110111111011111111111110000011100001111100111100001111111111110001
11111111111001111000111111111111110011111111111000111110000111110111111011111111111110000011100001111100111100001111111111110001
11101111111001111000111111111111110011111111111000111100000111110111111011111111111110000011100001111100111100001111111111110001
11101111111001111000111111111111110011111111111000111100000111110111111011111111111110000011100001111100111100001111111111110101
11000111111001111000111111111111110011111111111000111100000111110111111011111111111110010011101001111100111100000111111111110100
11000111111001111000111111111111110011111111111000111100000111100111111011111111111110010011101001111100111100000111111111110100
11100111111001111000111111111111110011111111111001111100100111100111111011111111111110010011101101111100111100100111111111111100
11110111111001111000111111111111110011111111111001111100100111100111111011111111111110010011111101111100111100100111111111111100
11110111111001111000111111111111110011111111111001111100100111100111111011111111111110010011111101111100111100100111111111111100
11110111111001111000111111111111110011111111111001111100100111100111111011111111111110010011111101111101111100100111111111111100
11110111111001110000111111111111110011111111111001111100100111100111111011111111111110010011111101111101111100100111111111111100
11110111111001110000111111111111110011111111111001111100100111100111111011111111111110010011111101111101111101100111111111111100
10110111111001110000111111111111110011111111111001111100100111100111111011111111111110010011111101111101111101100111111111111100
10110111111001110000111111111111110011111111111001111100100111100111111011111111111110010011111101111001111101100111111111111100
10110111111001110000111111111111110011111111111001111100110111100111111011111111111110010011111101111001111101100111111111111100
10110111111001110000111111111111110011111111111001111100110111100111111011111111111110010011111101111001111101100111111111111100
10110111111001110000111111111111110011111111111001111101110111100111111011111111111110111011111101111001111101100111111111111100
10110111111001110000111111111111110011111111111001111101110111101111111011111111111110111011111101111001111101100111111111111100
10110111111001110000111111111111110011111111111001111101110111101111111011111111111110111011111101111001111101100111111111111100
10110111111011110000111111111111110111111111111001111101110111101111111011111111111110111011111101111001111101100111111111111100
10110111111011110000111111111111110111111111111001111101110111101111111011111111111110111011111101111001111101100111111111111100
10110111111011110000111111111111110111111111111001111101110111101111111011111111111110111011111101111001111101100111111111111100
10110111111011110000111111111111110111111111111001111101110111101111111011111111111110111011111101111001111101110111111111111100
10110111111011110000111111111111110111111111111001111101110111101111111011111111111110111011111101111001111101110111111111111100
10110111111011110000111111111111110111111111111001111101110111101111111011111111111110111011111101111001111101110111111111111100
10110111111011110000111111111111110111111111111001111101110111101111111011111111111110111011111101111001111101110111111111111100
10110111111011110000111111111111110111111111111001111101110111101111111011111111111110111011111101111001111101110111111111111100
10110111111011110000111111111111110111111111111001111101110111101111111011111111111110111011111101111001111101110111111111111100
10110111111011110000111111111111110111111111111001111101110111101111111011111111111110111011111101111001111101110111111111111100
10110111111011110000111111111111110111111111111001111101110111101111111011111111111110111011111101111001111101110111111111111100
10110111111011110000111111111111110111111111111001111101110111101111111011111111111110111011111101111000111101110111111111111100
10110011111011110000111111111111110111111111111001111101110111101111111011111111111110111011111101111000111101110111111111111100
10110011111011111000111111111111110111111111111001111101110111101111111011111111111110111011111101111000111101110111111111111100
10110011111011111000111111111111110111111111111001111101110111101111110011111111111110110011111001111000111101100111111111111100
10110011111011111000111111111111110111111111111001111101110111101111110011111111111110110011111001111000111101100111111111111100
10110011111011111000111111111111110111111111111000111101110111001111110011111111111110110011111001111000111101100111111111111101
10110011111011111000111111111111100111111111111000111101110111001111110011111111111110110011111001111000111101100111110011111101
10110011111011111000111111111111101111111111111000111101110111001111110011111111111110110011111001111000111101100111110011111101
10110011111011111000111111111111101111111111111000111101110111001111110011111111001110010011111001111000111101100111000011111101
10110011111011111000111111111111101111111111111000111101110111001111110011111111001110010011111001111000111101100111000011111101
10110011111011111000111111111111101111111111111000111101110111001111110011111100001110010011111001111000011100100111000011111001
10110011111011111000111111111111101111110011111000111101110111001111110011111100001110010011111001110000011100100111000011111001
10110011111011111000111111111111101111110011111000111101110111001111110011111100001110010011111001110000011100100111000011111001
10110011111011111000111110011111101111110001111000111101110111001111110011111100001110010011111001110000011100100111000011111001
10110011111011111000111110011111101111110001111100111101110111001111110011111100001110010011111001110000011100100111000011111001
10110111111111111000111110011111101111110001111100111101110111001111110011111100001110000011111001110000011100100111000011111001
10110111111111110000111110011111101111110001111100011101110111001111110001111100001110000011110001110000011100100111000011111001
10110111111111110000111110011111101111110001111100011101110111001111110001111100001110000011110001110000011100100111000011111001
10010111111111110000111110011111101111110001111100011101110111001111110001111100001110000011110001110000011100000111000011111001
10000111111111110000111110001111101111110001111110011101110111001011110001111100001110000011110001110000011100000111000011111001
10000111111111110000111110001111101111110001111110011101110111001011110001111100001110000011110011110010011100000111000011111001
10000111111111110000111110001111101111110001111110011101110111001011110001111100001110000011110011110010011100000111000011110001
11000111111111110000111110001111101111110001111110011101110111001011110001111100001110000011110011110010011100000111000011110001
11000111111111110000111110001111101111110001111110011101110111001011110001111100001110000011110011110010011100000111000011110001
11000111111111110000111110001111101111110001111110011101110111000011110000111100001110000011110011110011011100000111000011110001
11000111111111110000111110001111101111110001111110011101110111000011110000111100001111000011110011110011011100000111000011110011
11000111111111110000111110001111101111110001111110011101110111000011110000111100001111000011110011110011011100000111000011110011
11000111111111110000111110011111101111110001111110011101110111000011110000111100001111000011110011110011011110000111000011110011
11000111111111110000111111011111101111111101111110011101110111000011110000111111001111000011110011110011011110000111001011110011
11000111111111110000111111011111101111111101111110011101110111000011110000111111001111000011110011110011011110000111001011110011
11000111111111110000111111011111101111111111111111011101110111000011110000111111111111000011110011110011011110000111111111110011
11000111111111110000111111011111101111111111111111011101110111000011110000111111111111000011100011110011011110000111111111110011
11000111111111110010111111111111101111111111111111011101110111000011110000111111111111000011100111110011011110001111111111110011
11000111111111110010111111111111001111111111111111011101110111000011110000111111111111000011100111110011011110001111111111110011
11000111111111110010111111111111001111111111111111011101110111000011110000111111111111000011100111110011011110001111111111110011
11000111111111110110111111111111001111111111111111011101110111000011110000111111111111000011100111110011011110001111111111110011
11000111111111110110111111111111001111111111111111011101110111000011110000111111111111000011100111110011011110001111111111110011
11000111111111110110111111111111001111111111111111011101110111000011110000111111111111000111100111110011011111001111111111110011
11000111111111110110111111111111001111111111111111011101110111000011110000111111111111100111100111110011011111001111111111110011
11000111111111110110111111111111001111111111111111011101110111000011110000111111111111100111100111110011011111001111111111110011
11000111111111110110111111111111001111111111111111011101110111000011110000111111111111100111100111110011011111001111111111110111
11100111111111110110011111111111001111111111111111011101110111000011110000111111111111100111100111110011011111001111111111100111
11100111111111110110011111111111001111111111111111011101110111000011110000111111111111100111100111110011011111001111111111100111
11100111111111110110011111111111001111111111111111011101110111000011110000111111111111100111100111110011011111001111111111100111
11100111111111110110011111111111001111111111111111011101110111000011110000111111111111100111100111110011011111001111111111100111
11100111111111110110011111111111001111111111111111011101110111000011110000111111111111100111100111110011011111001111111111100111
11101111111111110110011111111111011111111111111111011101110111000001110000111111111111100111100111110011011111001111111111100111
11101111111111110110011111111111011111111111111111011101110111000001110000111111111111100111100111110011011111001111111111100111
11101111111111110110011111111111011111111111111111011101110111000001110000111111111111100111100111110011011111001111111111100111
11101111111111110110011111111111011111111111111111011101110111000001110000111111111111100111100111110011011111001111111111100111
11101111111111110110011111111111011111111111111111011101110111000011110000111111111111100111100111110011011111001111111111100111
11101111111111110110011111111111011111111111111110011101110111100011110000111111111111100111100111110011011111001111111111100111
11101111111111110110011111111111011111111111111110011101110111100011110000111111111111100111100111110011011111001111111111100111
11101111111111110110011111111111011111111111111110011101110111110011111000111111111111100111100111110011011111001111111111100111
11101111111111110110011111111111011111111111111110011100110111110011111000111111111111100111100111110011011111001111111111100111
11101111111111110110011111111111011111111111111110011100110111110011111100111111111111100111100111110011011111001111111111100111
11101111111111110110011111111111011111111111111110011100110111110011111100111111111111100111100111110011011111001111111111100111
11101111111111110110011111111111011111111111111110011100110111110011111100111111111111100111100111110011011111001111111111100111
11101111111111110110011111111111011111111111111110011100110111110011111100111111111111100111100111110011011111011111111111100111
11101111111111110110011111111111011111111111111110011100110111110011111100111111111111100111100111110010011111011111111111100111
11101111111111110110011111111111011111111111111110011100110111110011111100111111111111101111100111110010011111011111111111100111
11101111111111110110011111111111011111111111111110011100100111110011111100111111111111101111100111111010011110011111111111100111
11101111111111110110011111111111011111111111111110011100100111110011111100111111111111101111100111111000011110011111111111100111
11101111111111110110111111111111011111111111111110011100100111110011111100111111111111101111100111111000011110011111111111100111
11111111111111110110111111111111011111111111111110111100100111111011111100111111111111101111100111111000011110011111111111100001
11111111111111110110111111111111011111111111111110111100100111111011111100111111111111101111100001111000011110011111111111100001
11111111111111110110111111111111011111111111111110111100100111111011111100111111111111101111100001111000011110011111111111100001
11111111111111110110111111111111011111111111111110111100100111111011111100111111111111001111100001111000011110011111111111100001
11111111111111110110111111111111011111111111111110111110100111111011111101111111111111001111100001111000011110011111111111100001
11111111111111110110111111111111011111111111111100111110101111111011111101111111111111001111100001111000011110011111111111100001
11111111111111110110111111111111011111111111111100111110001111111011111101111111111111001111100001111000011110011111111111100001
11111111111111111110111111111111111111111111111100111110001111111011111101111111111111001111100001111000011110011111111111100001
11111111111111111110111111111111111111111111111100111110001111111011111101111111111111001111100001111000011110011111111111100001
11111111111111111110111111111111111111111111111101111110001111111011111111111111111111001111100001111000011110011111111111100001
11111111111111111111111111111111111111111111111101111110001111111111111111111111111111111111100001111000011110111111111111100001
11111111111111111111111111111111111111111111111101111110001111111111111111111111111111111111100001111000011110111111111111100001
11111111111111111111111111111111111111111111111111111110001111111111111111111111111111111111100001111000111110111111111111110001
11111111111111111111111111111111111111111111111111111110001111111111111111111111111111111111100001111000111110111111111111110001
11111111111111111111111111111111111111111111111111111110001111111111111111111111111111111111100001111100111110111111111111110001
11111111111111111111111111111111111111111111111111111111011111111111111111111111111111111111110111111100111111111111111111111111
11111111111111111111111111111111111111111111111111111111011111111111111111111111111111111111110111111100111111111111111111111111
11111111111111111111111111111111111111111111111111111111111111111111111111111111111111111111111111111100111111111111111111111111
11111111111111111111111111111111111111111111111111111111111111111111111111111111111111111111111111111100111111111111111111111111