11101111111111111101111111111111111111111111111111111111111111111101111111111111111111111111111111111110111111111111111111111111
11101111111111111101111111111111111111111111111111111111111111111101111111111111111111111111111111111110111111111111111111111111
11000111100001111100111111111111110111111111111110001111000111111001111111111111111111111111111111111110011111111111111111111111
11000111100001111000111111111111000011111111111110001111000111110001111111111111111111110111111011111110011111000111111111111111
11000111100001111000111111111111000011111111111110001111000111110001111111111111111111110111111011111110011111000111111111111111
11000111100001111000111111111111000001111111111110001111000011110001111111111111111111110011111001111110011111000111111111111111
11000111100000111000111111111111000001111111111100001110000011110001111110111111111111110011111001111110011111000111111111111111
11000111100000111000111111111111000001111111111100001110000011110001111110111111111111110011111001111110011111000111111111111111
11000111100000111000111111111111000001111111111100001110000011110001111110111111111111100011111000111110011111000111111111111111
11000111100000111000011111111111000001111111111100001110000011110000111110111111111111100011111000111110001111000111111111111111
10000111100000111000011111111111000001111111111100001110000011100000111100111111111111100011111000111100001111000111111111111101
10000111100000111000011111111111000001111111111100001110000011100000111100111111111111100011111000111100001111000111111111111101
10000111100000111000011111111111000001111111111100001110000011100000111100011111111111100001110000111100001111000111111111111101
10000111100000111000011111111111000001111111111100001110000011100000111100011111111111100001110000111100001111000111111111111101
10000111100000111000011111111111000001111111111100001110000011100000111100011111111111100001110000111100001111000111111111111101
10000011100000111000011111111111000001111111111100001110000011100000111100011111111111100001110000111100001111000011111111111001
10000011100000111000011111111111000001111111111100001110000011100000111100011111111111100001110000111100001111000011111111111001
10000011110000111000011111111111100001111111111100001110000011100000111100011111111111100001110000111100001111000011111111111001
10000011111100111000011111111111110001111111111100001111000011100000111100011111111111100001110000011100001111000011111111111001
10000011111100111000011111111111111001111111111100011111000011100001111100011111111111100001110000011100001111000111111111111001
10000011111100111000011111111111111001111111111100011111000011100001111100011111111111000001110000011100001111000111111111111001
10010011111100111010011111111111111001111111111100011111100011100111111100011111111111001001110000011100001111010111111111111001
10010011111101111010011111111111111001111111111101111111100011100111111100011111111111001001110010011101001111011111111111111001
10010011111101111010011111111111111001111111111101111111100011100111111100011111111111001001110010011101001111011111111111111001
10010011111101111011011111111111111001111111111101111111100011100111111000011111111111001001110010011101001111011111111111111001
10011011111101111011011111111111111001111111111101111111100011100111111000011111111111001001110010011001101111011111111111111001
10011011111101111011011111111111111001111111111101111111100011100111111000011111111111001001110010011001101111011111111111111000
10111011111101111011011111111111111001111111111101111111100011100111111000011111111111001001110010011001101111011111111111111000
10111011111101111011011111111111111001111111111101111111100111100111111100011111111111001101110010011001101111011111111111111000
10111011111101111011011111111111111001111111111101111111100111100111111100011111111111001101110010011001101111011111111111111000
10111011111101111011011111111111111001111111111101111111100111100111111100011111111111001101110010011001101111011111111111110000
10111011111101111011011111111111111001111111111101111111100111100111111100011111111111001101110010011001101111011111111111110000
10111011111101111011011111111111111001111111111101111111100111100111111100011111111111001101110010011001101111011111111111110000
10111011111101111011011111111111111001111111111101111111100111100111111100011111111111001101110010011001101111011111111111110000
10111011111101111011011111111111111001111111111101111111100111100111111100011111111111001101110010011001101111011111111111110000
10111011111101111011011111111111111001111111111101111111100111100111111100011111111111011101110010011001101111011111111111110000
10111011111101111011011111111111111011111111111100111111100111100111111100011111111111011101110010111001101111011111111111110000
10111011111101111011011111111111111011111111111100111111100111100111111100011111111111011101110010111001101110011111111111110000
10111011111001111011011111111111111011111111111100111111100111100111111100011111111111011101110010111001101110011111111111111000
10111011111001111011011111111111111011111111111100111111100111100111111100011111111111011101110010111001101110011111111111111000
10111011111001111001011111111111111011111111111100111111100111100111111100011111111111011101110010111001101110001111111111111000
10111011111001111001011111111111111011111111111100111111100111100111111100011111111111011101110010111001101110001111111111111100
10111011111001111001011111111111110011111111111100111111100111110011111110011111111111011101110010111001101110001111111111111100
10111011111001111000011111111111110011111111111100111111000111110011111110011111111111011101110000111001100110001111111111111100
10111011111001111000011111111111110011111111111100111111000111110011111110111111111111011101110000111001100110001111111111111100
10111011111001111000011111111111110011111111111100011111000111110011111110111111111111011101110000111001100110001111111111111100
10111011111001111000011111111111110011111111111100011111000111110011111110111111111111011101110000111001100110001111111111111100
10111011111001111000011111111111110011111111111100011111000111110001111110111111111111001101110000111001100110001111111111111100
10111011111001111000011111111111110011111111111100011111000111110001111110111111111111001101111000111001100110001111111111111100
10111011111011111000011111111111110011111111111100011111100111110001111110111111111111001101111000111001100110000111111111111100
10111011111011111000011111111111110011111111111100011111100111110001111110111111111111001101111000111001100110000111111111111100
10111011111011111000011111111111110011111111111100011111100111110001111110111111111111001101111000111001100110000111111111111100
10111011111011111000011110001111110011110000011100011111100111110001111110111110111111001101111000111001100110000111111111111100
10111011111011111000011100001111110011110000011100001111100111110001111110111110000111001101111000111001100110000111100011111100
10111011111011111000011100001111110111110000011100001111100111110001111110111110000111001101111000111001100111000111100011111100
10111011111011111000011100000111110111110000011110001111100111110001111110111100000111001101111000111001100111000111000011111100
10010011111011111000011100000111110111110000011110001111100111110001111110111100000011001101111000111001100111100111000001111100
10010011110011111000011100000111110111110000011110001111100111110001111110111100000011001001111000111001100111100111000001111100
10010011110011111000011100000111110111110000011110001111100111110001111110111100000011001001111000111001100111100111000001111100
10000011110011111000011100000111110111110000011110001111100111110001111110111100000011000001111000111001100111100111000001111100
10000011110011111000011100000111110111110000011110001111100011110000111110111100000011000001110000111001100111100111000001111100
10000011110011111000011100000111110111110000011111001111100011111000111110111110000011100001110000111001100111100111000001111100
10000011110011111000011100000111110111110000011111001111100011111100111110111110000011100001110000111001100111110111100001111100
10000011110011111000011100000111110111110000011111001111100011111100111110111110000011100001110000111001100111110111100001111100
10000011110011111000011100000111110111110000011111001111100011111100111110111110000011100001110000111001100111110011100001111100
10000011110011111000011100000111110111110000011111001111110011111100111110111110000011100001110000111001100111110011100001111100
10000011110011111000011100000111110111110000011111001111110011111100111110111110000011100001110000111001100111110011100001111100
10000011110011111000011100000111110111110000011111001111110011111100111110111110000011100001110000111001100111110011100001111100
11000011110011111010011100000111110111110000011111001111110011111100111110111110000111100001110000111001100111110011100001111101
11000011110011111010011110000111110111110000011111101111110011111100111110111110000111100001110000111001100111110011100001111101
11000011110011110010011110000111110111110000011111101111110011111100111110111110000111100001110000011001100111110011100001111101
11000011110011110010011110000111100111110000011111101111111011111100111110111111000111100001110010011001100111110011100001111101
11000011110111110011011110000111100111110000011111101111111011111100111110111111110111100001110010011001100111110011100001111101
11000111110111110011011111001111100111111101111111101111111011111100111110111111111111100001110110011001100111110011111111111101
11000111110111110011011111001111100111111101111111101111111011111100111110111111111111100001110110011001100111110011111111111101
11000111110111110011011111111111100111111111111111101111111011111100111110111111111111110001110110011001100111110011111111111101
11000111110111110011011111111111100111111111111111101111111011111100111110111111111111110001110110011001100111110011111111111101
11000111110111110011011111111111100111111111111111101111111011111100111110111111111111110001110110011001100111110011111111111101
11000111110111110011011111111111100111111111111111101111111011111100111110111111111111110001110110011001100111110011111111111101
11100111110111110011011111111111100111111111111111101111111011111100111110111111111111110001110111011001100111110011111111111101
11100111110111110011011111111111100111111111111111101111111011111100111110111111111111110001110111011001100111110011111111111101
11100111110111110011011111111111100111111111111111101111111011111100111110111111111111110001110111011001100111110011111111111101
11100111110111110011011111111111101111111111111111101111111011111100111110111111111111111001110111011001100111110011111111111101
11100111110111110011011111111111101111111111111111101111111011111100111110111111111111111001110111011001100111110011111111111101
11100111110111110011011111111111101111111111111111101111111011111100111110111111111111111001110111011001100111110011111111111101
11100111110111110011011111111111101111111111111111101111111011111100111110111111111111111001110111011001100111110011111111111101
11100111110111110011011111111111101111111111111111101111111011111100111110011111111111111001110111011001100111110011111111111101
11100111110111110011011111111111101111111111111111101111111011111100111110011111111111111001110111011001100111110011111111111101
11100111110111110011011111111111101111111111111111101111111011111100111110011111111111111011110111011001100111110011111111111101
11100111110111110011011111111111101111111111111111101111111011111100111110011111111111111011110111011001100111110011111111111100
11100111110111110011011111111111101111111111111111101111111011111100111110011111111111110011110111011001100111110011111111111100
11100111110111110111011111111111101111111111111111101111111011111100111110011111111111110011110111011001100111110011111111111100
11100111110111110111011111111111101111111111111111101111111011111100111110011111111111110011110111011001100111110011111111111100
11100111110111110111011111111111101111111111111111101111111011111100111110011111111111110011110111011001100111110011111111111100
11100111110111110111011111111111101111111111111111101111111011111100111110011111111111110011110111011101100111110011111111111100
11100111110111110111011111111111101111111111111111101111111011111100111110011111111111110011110111011101100111110011111111111100
11100111110111110111011111111111101111111111111111101111111011111100111110011111111111110011110111011101100111110011111111111100
11100111110111110011011111111111101111111111111111101111111011111100111110011111111111110011110111011101100111110011111111111100
11100111110111110011011111111111101111111111111111101111111011111100111110011111111111110011110111011101101111110011111111111100
11100111110111110011011111111111101111111111111111001111111011111100111110011111111111110011110110011101101111110011111111111100
11101111110111110011011111111111101111111111111111001111111011111100111110011111111111110011110110011101101111100011111111111100
11101111110111110011011111111111101111111111111111001111110011111100111110011111111111110011110110011101101111100011111111111100
11101111110111110011011111111111101111111111111111001111110011111100111110011111111111110011110110011101101111100111111111111100
11101111110111110011011111111111101111111111111111001110110011111000111110011111111111110011110110011101101111100111111111111100
11001111110111110010011111111111101111111111111111001110010011111000111110011111111111110011110010011101101111000111111111111100
11001111110111110010011111111111101111111111111111001110010011111001111110011111111111110111110010011101101111000111111111111100
11001111110111110000011111111111101111111111111110001110010011111001111110011111111111110111110010011100001111000111111111111100
11001111110111110000011111111111101111111111111100001110000011110001111110011111111111110111110000011100001111000111111111111100
11001111110111110000011111111111101111111111111100001110000011110001111110011111111111110111110000011100001111000111111111111100
11001111110111111000011111111111101111111111111100011110000011110001111110011111111111110111110000011100001111000111111111111100
11001111110111111000011111111111101111111111111100011110000011110001111110011111111111110111110000111100001111000111111111111100
11001111110111111000011111111111101111111111111100011110000011110001111110011111111111110111110000111100001111000111111111111100
11001111110111111000011111111111101111111111111100011110000011110001111110011111111111110111110000111100001111000111111111111100
11001111110111111000011111111111101111111111111100011110000011110001111110011111111111110111110000111100001111000111111111111100
11001111110111111000011111111111101111111111111100011110000011100001111110011111111111110111110000111100001111000111111111111100
11001111110111111000011111111111101111111111111100011110000111100001111110011111111111110111110000111100001110000111111111111100
11001111110111111000011111111111101111111111111100011110000111100011111110011111111111110111110000111100001110001111111111111100
11001111110111111000011111111111101111111111111100011110000111100011111110011111111111110111110000111100001110001111111111111100
11011111110111111000011111111111101111111111111100011110000111110011111110111111111111110111111000111100001110001111111111111100
11011111110111111100011111111111101111111111111100011110000111110011111110111111111111100111111000111110001110001111111111111100
11011111110111111100111111111111100111111111111100011111000111110011111110111111111111100111111000111110001111001111111111111100
11011111110111111100111111111111100111111111111100011111000111110011111110111111111111100111111000111110001111001111111111111100
11011111110111111100111111111111110111111111111100111111001111110111111110111111111111101111111000111110001111011111111111111111
11111111111111111111111111111111111111111111111100111111001111110111111111111111111111111111111000111110001111111111111111111111
11111111111111111111111111111111111111111111111100111111001111110111111111111111111111111111111000111110001111111111111111111111
11111111111111111111111111111111111111111111111101111111111111110111111111111111111111111111111101111110011111111111111111111111
11111111111111111111111111111111111111111111111111111111111111111111111111111111111111111111111101111111111111111111111111111111
11111111111111111111111111111111111111111111111111111111111111111111111111111111111111111111111101111111111111111111111111111111