11111111111111111101111111111111110011111111111110011111111111110001111111111111111111101111111111111111111111011111111111111111
11111111111111111101111111111111110011111111111110011111111111110001111111111111111111101111111111111111111111011111111111111111
11101111111111111100111111111111100011111111111100011111111111100001111111111111111111000111111111111100011111011111111111111111
11001111110001111100111111111111000011111111111100011111101111100001111111111111111111000111111111111100011110001111111111111111
11001111110001111100111111111111000011111111111100011111101111100001111111111111111111000111111111111100011110001111111111111111
11000111100001111000111111111111000011111111111100011111101111100001111101111111111111000111111111111000011110001111111111111111
11000111100001111000111111111111000011111111111100011111101111100001111101111111111111000111111111111000011110001111111111111111
11000111100001111000111111111111000011111111111100011111101111100001111101111111111111000111111111111100011110001111111111111111
11000111100001111000111111111111000011111111111100011111101111100001111101111111111111000111111111111100011110001111111111111111
11000111100001111000111111111111000011111111111100011111101111100001111101111111111111000111111111111100011110001111111111111111
11000111100001111000111111111111000011111111111100011111111111100001111111111111111111010111111111111110011110001111111111111111
11000111100001111000011111111111100011111111111100011111111111111001111111111111111111110111111111111110011111101111111111111111
11000111100001111000011111111111111011111111111100011111111111111101111111111111111111111111111111111110011111101111111111111111
10000111100001111000011111111111111011111111111100011111111111111101111111111111111111111111111111111110011111101111111111111111
10000111100001111000011111111111111011111111111100111111111111111101111111111111111111111111111111111110011111101111111111111111
10000111110101111000011111111111111011111111111101111111111111111101111111111111111111111111111111111110011111101111111111111111
10000111110101111000011111111111111011111111111101111111111111111101111111111111111111111111111111111110011111101111111111111111
10010111111101111011011111111111111011111111111101111111111111111101111111111111111111111111111111111110111111101111111111111111
10110111111101111011011111111111111011111111111101111111111111111101111111111111111111111111111111111110111111101111111111111111
10110011111101111011011111111111111011111111111101111111111111111101111111111111111111111111111111111110111111101111111111111111
10110011111101111011011111111111111011111111111111111111111111111101111111111111111111111111111111111110111111101111111111111111
10110011111101111011011111111111111011111111111111111111111111111101111111111111111111111111111111111110111111101111111111111111
10110011111101111011011111111111111011111111111111111111111111111101111111111111111111111011111111111110111111101111111111111111
10110011111101111011011111111111111011111111111111111111011111111101111111111111111111111011111111111110111111101111111111111111
10111011111101111011011111111111111011111111111111111111011111111101111111111111111111111011111111111110111111101111111111111111
10111011111101111011011111111111111011111111111111111111011111111101111111111111111111111011111111111110111111101111111111111111
10111011111101111011011111111111111011111111111111111111011111111101111111111111111111111011111111111110111111101111111111111111
10111011111101111011011111111111111011111111111111111111011111111101111111111111111111111011111111111110111111101111111111111111
10111011111101111011011111111111111011111111111111111111011111111101111111111111111111111011111111111110111111101111111111111111
10111011111101111011011111111111111011111111111111111111011111111101111111111111111111111011111111111110111111101111111111111111
10111011111101111011011111111111111011111111111111111111011111111111111111111111111111111011111111111110111111101111111111111111
10111011111101111011011111111111111011111111111111111111011111111111111111111111111111111011111111111111111111101111111111111111
10111011111101111011011111111111111011111111111111111111011111111111111111111111111111111011111111111111111111101111111111111111
10111011111101111011011111111111111011111111111111111111011111111111111111111111111111111011111111111111111111101111111111111111
10111011111101111011011111111111111011111111111111111111011111111011111111111111111111111011111111111111111111101111111111111111
10111011111101111011011111111111111011111111111111111111011111111011111111111111111111111011111111111111111111101111111111111111
10111011111101111011011111111111111011111111111111111111011111111011111011111111111111111011111111111111111111101111111111111111
10111011111101111011011111111111111011111111111111111111011111111011111011111111111111111011111111111111111111101111111111111111
10111011111101111011011111111111111011111111111101111111011111111011111011111111111111111011111111111111111111101111111111111111
10111011111001111011011111111111110011111111111101111111011111111011111011111111111111111011111111111111111111101111111111111111
10111011111001111011011111111111110111111111111101111111011111111011111011111111111111111011111111111111111111101111111111111111
10111011111011111010011111111111110111111111111101111111011111111011111111111111111111111011111111111111111111101111111111111111
10111011111011111010011111111111110111111111111101111111011111111011111111111111111111111011111111111101111111001111111111111111
10111011111011111010011111111111110111111111111101111111011111111011111111111111111111111111111111111101111111001111111111111111
10111011111011111010111111111111110111111111111100111111011111111011111111111111111111111111111111111101111111001111111111111111
10111011111011111000111111111111110111111111111100111111011111111011111111111111111111111111111111111101111110001111111111111111
10111011111011111000111111111111110111111111111100111111011111111011111111111111111111110111111111111101111110001111111111111111
10111011111011111000111111111111110111111111111100111111011111111011111111111111111111110111111111111101111110001111111111111111
10111011111011111000111111111111110111111111111100111111111111111011111111111111111111110111111111111101111110001111111111111111
10111011111011111000111111111111110111111111111100011111111111111011111111111111111111110111111111111101111110001111111011111111
10111011111011111000111111111111110111111111111100011111111111111111111111111111111111110111111111111101111110001111111011111111
10111011111011111000111111111111110111111111111100011111111111111111111111111111101111110111111111111101111110011111110011111111
10111011111011111000111110000111110111110000111100011111111111111111111111111110001111110111111111111100111110011111100011111111
10111011111011111000111110000111110111110000111100011111111111111111111111111110001111110111111111111100111110011111100011111111
10111011111011111000111100000111110111110000111110011111111111111111111111111110001111110111111111111110111110001111100011111111
10111011111011111000111100000111110111110000111110011110111111110111111111111100001111110111111111111110111110001111100011111111
10111011111011111000111100000111110111110000111111011110111111110111111111111100001111110111111111111110111110001111100011111111
10110011111011111000111100000111110111110000111111011110111111110111111111111100001111110111111111111110111110001111100011111111
10110011111011111000111100000111110111110000111111011110111111110111111111111100001111110111111111111110111110001111100011111111
10110011111011111000111100000111110111100000111111011110111111110111111111111100001111100111111101111110111110001111100011111111
10110011111011111000111100000111110111100000111111011110111111110111111111111100001111101111111101111111111110001111100011111111
10110011111011111000111100000111110111100000111111011110111111110111111110111100001111101111111101111111111110101111100011111101
10010011110011111000111100000111110111100000111111011110111111110111110110111100001111101111111101111111011110101111100011111101
10010011110011111000111100000111111111100000111111011110111111110111110110111100001111101111111101111111011111101111111011111101
10010011110011111000111100000111111111100000111111011110111111110111110110111110001111101111111101111111011111101111111111111101
10000011110011111000011100000111101111100000111111011110110111110111110110111110001111101111111101111111011111101111111111111101
10000011110111111000011100000111101111110000111111011110110111110111110110111110001111101111111101111111011111101111111111111101
10000011110111111000011100000111101111110000111111111110110111110111110110111111111111101111111101111111011111101111111111111101
10000011110111111000011100000111101111110000111111111110110111110111110110111111111111101111111101111111011111101111111111111101
11000011110111111010011100001111101111110000111111111110110111110111110110111111111111101111111101111111011111101111111111111101
11000011110111111011011111111111101111111111111111111110110111110111110110111111111111101111111001111111011111101111111111111101
11000011110111111011011111111111101111111111111111111110110111110111110110111111111111111111111001111111011111111111111111111101
11000011110111111011011111111111101111111111111111111110110111110111110110111111111111111111111001111111011111111111111111111101
11000011110111111011011111111111101111111111111111111110110111110111110110111111111111111111111001111111011111111111111111111101
11000111110111111011011111111111101111111111111111111110110111110111110110111111111111011111111001111111011111111111111111111101
11000111110111111011011111111111101111111111111111101110100111110111110110111111111111011111111001111111011111111111111111111101
11000111110111111011011111111111101111111111111111101110100111111111110110111111111111011111111001111111011111111111111111111101
11000111110111110011011111111111101111111111111111101110100111111111110100111111111111011111111001111111011111111111111111111101
11000111110111110011011111111111101111111111111111101110000111111111110000111111111111011111100001111111011111111111111111111101
11100111110111110011011111111111101111111111111111101110000111111111110000111111111111011111100001111111011111111111111111111101
11100111110111110111011111111111101111111111111111101110000111111111110000011111111111011111100001111111011111111111111111111000
11100111110111110111011111111111101111111111111111101110000111111111110000011111111111011111100001111111011111110111111111110000
11100111110111110111011111111111101111111111111111101110000111111111110000011111111111011111100000111111011111110111111111110000
11110111110111110111011111111111101111111111111111111110000111111111110000011111111111011111100000111111011111110111111111110000
11110111110111110111011111111111101111111111111111111110000111111111110000011111111111111111100000111111011111110111111111110000
11110111110111110111011111111111101111111111111111111110000111111111110000011111111111111111100000111111011111110111111111110000
11110111110111110111011111111111101111111111111111111110000111111111110000011111111111111111100001111111011111110111111111111000
11110111110111110111011111111111101111111111111111111110000111111111110000011111111111111111110001111111011111110111111111111100
11100111110111110111011111111111101111111111111111111110000111111111110000011111111111111111110001111111011111110111111111111100
11100111110111110111011111111111101111111111111111111110000111111111111000011111111111111111110001111111011111110111111111111101
11100111110111110111011111111111101111111111111111111110000111111111111000011111111111111111111001111111011111110111111111111101
11100111110111110111011111111111101111111111111111011110000111111111111000011111111111111111111001111111011111110111111111111101
11100111110111110111011111111111101111111111111111011111000111111111111100111111111111111111111001111111011111110111111111111101
11100111110111110111011111111111101111111111111111011111000111111111111110111111111111111111111001111111011111110111111111111101
11100111110111110111011111111111101111111111111111011111100111111111111110111111111111111111111101111111011111110111111111111101
11100111110111110111011111111111101111111111111111011111100111111111111110111111111111111111111101111111011111110111111111111101
11100111110111110111011111111111101111111111111111011111110111111111111110111111111111111111111101111111011111110111111111111111
11101111110111110111011111111111101111111111111111011111110111111111111110111111111111111111111101111111011111110111111111111111
11101111110111110111011111111111101111111111111111011111110111111111111110111111111111111111111101111111011111100111111111111111
11101111110111110111011111111111101111111111111111011111110111111111111110111111111111111111111111111111011111100111111111111111
11101111110111110111011111111111101111111111111111011111110111111111111110111111111111111111111111111111011111101111111111111111
11101111110111110111011111111111101111111111111111011111110111111111111110111111111111111111111111111111011111101111111111111111
11101111110111110111011111111111101111111111111111011111110111111111111110111111111111111111111111111110011111101111111111111111
11101111110111110111011111111111101111111111111111011111110111111111111110111111111111111111111111111110011111101111111111111111
11101111110111110011011111111111101111111111111111011111111111111111111110111111111111111111111111111110111111101111111111111111
11101111110111110011011111111111101111111111111110011111111111111111111110111111111111111111111111111110111111101111111111111111
11101111110111110011011111111111101111111111111110011111111111111111111110111111111111111111111111111110111111101111111111111111
11101111110111111011011111111111101111111111111110011111111111111111111111111111111111111111111111111110111111101111111111111111
11101111110111111011011111111111101111111111111110011111111111111111111111111111111111000111111111111110111110001111111111111111
11101111110111111011011111111111101111111111111110011111111111111111111111111111111111000111111111111110111110001111111111111111
11001111110111111010011111111111101111111111111100011111111111111111111111111111111111000111111111111100111110001111111111111111
11001111110111111000011111111111101111111111111100011111111111111111111111111111111111000111111111111100111110001111111111111111
11001111110111111000011111111111101111111111111100111111111111111111111111111111111111000111111111111100111110001111111111111111
11001111110111111000011111111111101111111111111100111111111111111111111111111111111111000111111111111100111110001111111111111111
11001111110111111000011111111111101111111111111100111111111111111111111111111111111111000111111111111100111110001111111111111111
11001111110111111000011111111111101111111111111100111111111111111111111111111111111111000111111111111100111111001111111111111111
11011111110111111000011111111111101111111111111100111111111111111111111111111111111111100111111111111101111111011111111111111111
11011111110111111000011111111111101111111111111100111111111111111111111111111111111111111111111111111101111111011111111111111111
11011111110111111000011111111111101111111111111100111111111111111111111111111111111111111111111111111101111111011111111111111111
11011111110111111000011111111111101111111111111100111111111111111111111111111111111111111111111111111111111111111111111111111111
11011111110111111000111111111111111111111111111101111111111111111111111111111111111111111111111111111111111111111111111111111111
11011111110111111000111111111111111111111111111101111111111111111111111111111111111111111111111111111111111111111111111111111111
11011111110111111000111111111111111111111111111101111111111111111111111111111111111111111111111111111111111111111111111111111111
11011111111111111100111111111111111111111111111111111111111111111111111111111111111111111111111111111111111111111111111111111111
11011111111111111100111111111111111111111111111111111111111111111111111111111111111111111111111111111111111111111111111111111111
11011111111111111100111111111111111111111111111111111111111111111111111111111111111111111111111111111111111111111111111111111111
11011111111111111101111111111111111111111111111111111111111111111111111111111111111111111111111111111111111111111111111111111111
11011111111111111101111111111111111111111111111111111111111111111111111111111111111111111111111111111111111111111111111111111111