11111111111111111111111111111110111111111111111111111111111111111111111111111111111111111111111111111111111111111111111111111111
11111111111111111111111111111110111111111111111111111111111111111111111111111111111111111111111111111111111111111111111111111111
11111111111111111111111111111110111111111111111111111111111111111111111111111111111111111111111111111101111111111111111111111111
11111111111111111111111111111110111111111111111111111111111111111111111111111111111111111111111111111101111111111111111111111111
11111111111111111111111111111110111100011110111111111111111111111110111100111111111101111111111101111101111111111111111111111111
11111111111111111111111111111110111100011110111111111111111111111110111100111111111101111111111101111101111111111111111111111111
11111111111111111111111111111110111100011110111111111111011111111100111100111100111100111111111101111101111101111111111111111111
11111111111111111111111111111110011100011100111111111100011111111100111100111100111100111111111100111000111101111101111111111111
11111111111111111111111111111110011100011100111111111100011111111100111100111100111100111111111100111000111101111101111111111111
11111111111111111111111111111100011100011100111111111100011111111100111100111100111100111111111100111000111000111100111111111111
11111111111111111111111111111100011100011100111111111100011111111100111100111100111100111111111100111000111000111100111111111111
11111111111111111111111111111100011100011100011111111100011111111100111100011100111100111111111100111000111000111000111111111011
11111111111111111111111111111100011100011100011111111100011111111100111100011100111100111111111100111000111000111000111111111011
11111110111111111111111111111100011100011100011111111100011111111100111100011000111000111111111100111000111000111000111111111001
11111110111100111111111111111100011100011100011111111100011111111100111100011000111000111111111100111000111000111000111111111001
11111110111100111111111111111100011100011100011111111100011111111100111100011000111000111111111100111000111000111000111111111001
10011110011100011101111111111100011100011100011111111100011111111100111100011000011000111111111000111000111000110000111111110000
10011110011100011101111111111100011100011100011111111100011111111100111100011000011000111111111000111000111000110000111111110000
10011110011100011101111111111100011100011100011111111100011111111100111000011000011000011111111000111000111000110000111111110000
10011110011100011101111111111100011110011100011111111100011111111100111000011000011000011111111000111000111000110000111111110000
10011110011100011101111111111100011110011101011111111110011111111100111000011000011000011111111000111000011000111000111111110000
10011100011100011101111111111100011110011101011111111110011111111100111000011000011000011111111000111000011000111000111111110000
10011100011100011101111111111101011111011101011111111110011111111101111001011100011000011111111000111000011000111000111111110000
10011100011100011101111111111101011111011101011111111110011111111101111001011100011000011111111000111000011000111000111111110000
10011100011100011101111111111101011111011101011111111110011111111101111011011110011000011111111000111000011000111000111111110000
10011100011100011101111111111101011111011101011111111111011111111101111011011110011001011111111000111010011000111100111111110000
10011100011000011101111111111101011111011101011111111111011111111101111011011111011001011111111000011010011000111100111111110000
10011100011100011101111111111101011111011101011111111111011111111101111011011111011011011111111000011010011000111100111111111000
10011100011100011101111111111101011111011101011111111111011111111101111011011111011011011111111000011010011000111100111111111000
10011100011100011101111111111101011111011101011111111111011111111101111011011111011011011111111010011010011000111100111111111000
10011100011100011101101111111101011111011101011111111111011111111101111011011111011011011111111010011010011000111100111111111000
10011100011100011101101111111101011111011101011111111111011111111101111011011111011011011111111010011010011000111100111111111000
10011100011101001101101111111101011111011101011111111111011111111101111011011111011011011111111010011010011000111100111111111100
10011100011101001101101111111101011111011101011111111111011111111101111011011111011011011111111010011010011000111100111111111100
10011100011101001101101111111101011111011101011111111111011111111101111011011111011011011111111010111010011000111100111111111100
10011100011101001101101111111101011111011101011111111111011111111101111011011111011011011111111010111010011000111100111111111100
10111101111101001101101111111101111111011101011111111111011111111101111011011111011011011111111010111010011000111100111111111100
10111101111101001101001111111101111111011101011111111110011111111101111011011111011011011111111010111010011000111100111111111100
10111101111101001101001111111001111111011101011111111110011111111101111011011111011011011111111010111010011000111100111111111100
10111101111101001101001111111001101111011101011111111110011111111101111011011111011011011111111010111010011000111100111111111100
10111101111101001101001111111001001111011101011111111110011111111101111011011111011011011111111000111010011000111100111111111100
10111101111101001101101111111001001111011101011111111110111111111101111011011111011011011111111000111010011000111100111111111100
10111101111101001100101111111001001111011100011111111110111111111100111011011111011011011111111000111010011000111100111111111100
10111101111101001100101111111101001111011100011111111110111111111100111011011111011011011111111000111010011000111100111111111100
10111101111101001100001111111101001111111100011111111110111111111100111011011111011011011111111000111010011000111100111111111100
10111101111101001100001111111101001110111100011111111110111111111100111011011111011011011111111000110011011000111100111111111100
10111101111101001100001111111101001110111100011111111110111111111100111011011111011011011111111000110011011000111100111111111101
10111101111101001100001111111101001110111100011111111110111111111100111011011111011011011111111000110011011000111100111111111101
10111101111101001100001111111101001110111100011111111110111111111100111011011111011011011111111000110011011000111100111111111101
10111101111101001100001111111101001110111100011111111110111111111100111011011110011011011111111000110011011000111100111111111101
10111101111101001100001111111101001110111100011111111110111111111100111011011110011011011111111000110011011000111100111111111101
10111100111101001100001111111101001110111100011100011110111110111100111011011110011011011111111000110011011000111100111111111101
10111100111101001100001111111101001110111100011100011110111100011100111011011110011011011100111000110011011000111100111111111101
10111100111101001100011111111101011110111100011100011110111100011100111011011110011011011100111000110011011000111100111111111101
10111100111101001100011111111101011110111100011100011110111100011100011011011110011011011000011000110011011000111100111101111101
10111100111101001100011111111101011110111100011100011110111100011100011011011110011011011000011000110011011000111100111101111101
10111100111101001100011111111101011110111100011100011110111100011100011011011110011011011000011000110011011000111100111101111101
10111100111101001100011111111101011110111100011100011110111100011100011011011110011011011000011000110011011000111100111101111001
10111100111100001100011111111101011110111100011100011110111000011100011011011110111011011000011000110011011000111101111000111001
10111100111100001100011111111100011110111100011100011110111000011100011011011110111011011000011000110011011000111101111000111001
10111110111100001100011111111100011110111100011100011110111000011110011011011110111011011000011000111011011000111101111000111001
10111110111100001100001111111100011110111100011100011110111000011110011011011110111011011000011000111011011000111101111000111001
10111110111100001100001111111100011110111100011100011110111000011110011011011110111011011000011000111011011000111101111000111001
10111110111100001100001111111100011110111100011100011110111000011110011011011110111011011000011000111011011000111101110000111001
10111110011100001100001111111100011110111100011100011110111100011110011011011100111011011000011000111011011000111101110000111001
10111110011100001100011111111100011110111100011100011110111100011110011011011100111011011000011000111011011000111101110000111001
10111110011100001100011111111100011110111100011100011110111100011110011011011100111011011000011000111011011000111101110000111001
10111110011100001100011111111100011110111100011100011110111100011111011011011100111011011000011000111011011000111101110000111001
10111110011100001100001111111100011110111100011100011110111100011111011011011100111011011000011000110011011000111001110000111001
10111110011100001100001111111100011110111101011100011110111100011111011011011100111011011000011000110011011000111001110000111001
10111110011100001100001111111100011110111101011100011100111100111111011011011100111011011100111000111011011000111001110000111001
10111110011101001100001111111110011110111101011100011100111100111111011011011100111011011100111000111011011000111001110000111001
10111110011101001100001111111110011110111101011111111100111100111111011011011100111011011100111000111011011000111001110000111001
10111110011101001100001111111110011110111101011111111100111100111111011011011100111011011100111000111011011000111001110000111001
10111110011101001100001111111110011110111101011111111100111111111111011011011101111011011101111010111011011000111001111000111001
10111110011101001100001111111110011110111101011111111100111111111111011011011101111011011101111010011011011000111001111000111001
10111111011101001100001111111110011110111101011111111101111111111111011011011101111011011111111010011011011000111001111000111001
10111111011101001100001111111110011110111101011111111101111111111111011011011101111011011111111010011011011000011001111000111001
10111111011101001100001111111110011110111101011111111101111111111111011011011101111011011111111010011011011000011001111000111001
10111111011101101100001111111110011111111101011111111101111111111111011011011101111011011111111010011011011010011001111100111001
10111111011101101100001111111110011111111001011111111101111111111111011011011101111011011111111010011011011010011001111100111001
10111111011101101100001111111110011111111001011111111101111111111111011011011101111011011111111011011011011010011001111101111011
10111111011101101100001111111110011101111001011111111101111111111111011011011101111011011111111011011011011010011001111101111011
10111111011101101100001111111110011101111001011111111101111111111111011011011101111011011111111011011011011010011001111111111011
10111111011101101100001111111110011101111001011111111101111111111111011011011101111011011111111011011011011010011001111111111011
10111111011101101100001111111110011101111001011111111101111111111111011011011101111011011111111011011011011010011001111111111011
10111111011101101100001111111110011101111001011111111101111111111111011011011101111011011111111011011011011010011001111111111011
10111111011101101100001111111110011101111001011111111101111111111111011011011101111011011111111011011011011010011001111111111011
10111111011111101101001111111110111101111001011111111101111111111111011011011101111011011111111011011011011010011001111111111011
10111111011111101101001111111110111101111101011111111101111111111111011011011001111011011111111011011010011010011001111111111011
10111111011111101101001111111110111101111101011111111101111111111111011011011001111011011111111011011010011010011001111111111011
10111111011111101101001111111110111101111101011111111101111111111111011011011001111011011111111011011010011010011001111111111011
10111111011111101101001111111110111101111101011111111101111111111110011011011001111011011111111011011010011010011001111111111011
10111111011111101101011111111110111101111101011111111101111111111110011011011001111011011111111011011010011010011001111111111011
10111101011101001101011111111110111101111101011111111101111111111110011011011001111011011111111011011010011010011001111111111011
10111101011101001101011111111110111101111101011111111101111111111110011011011001111011011111111011011010011010011001111111111011
10111101011101001101011111111110111101111101011111111101111111111110011001011001111011011111111011011010011010011001111111111011
10111101011101001101011111111110111101111101011111111101111111111110011001011001111011011111111011011010011010011001111111111011
10111101011101001111011111111110111101111101011111111101111111111110011001011001111011011111111011011010011010011001111111111011
10111100011101001111011111111110111101111101011111111101111111111110011001011001111001011111111010011010011010011001111111111011
10111100011101001111011111111110111101111101011111111101111111111110011001011001111001011111111010011010011010011001111111111011
10111100011101001111011111111110111101111101011111111101111111111110011001011001111000011111111010011000011000011001111111111011
10111100011101011111011111111110111101111101011111111101111111111110011101011001111000011111111010011000011000011001111111111011
10011100011100011111011111111110111101111100011111111101111111111110111101011000111000011111111010011000011000011001111111111011
10011100011100011101011111111110111101111100011111111101111111111100111100011000111000011111111000011000011000011001111111111011
10011100011100011101011111111110111101111100011111111101111111111100111100011000111000011111111000011000011000011001111111111011
10011100011100011101011111111110111101111100011111111101111111111100111100011000111000011111111000011000011000011001111111111011
10011100011100011111011111111110111101111100011111111101111111111100111100011000111000011111111000011000011000011001111111111011
10011100011100011111011111111110111101111100011111111101111111111100111100011000111000011111111000011000011000011001111111111011
10011100011100011111011111111110111101111100011111111101111111111100111100011000111000011111111000011000011000011001111111111011
10011100011100011111011111111110111101111100011111111101111111111100111100011000111000011111111000011000011000011011111111111011
10011100011100011111011111111110111101111100011111111101111111111100111100011000011000011111111000011000011000011011111111111011
10011100011100011111011111111110111111111100011111111101111111111100111100011000011100011111111000111000011000011011111111111011
10011100011100011111011111111110111111111100011111111101111111111100111100011000011100011111111000111000011000011011111111111011
10011100011100011111111111111111111111111100011111111101111111111100111100011100011100011111111000111000011000111011111111111011
10011110011100111111111111111111111111111100011111111101111111111100111100111100111100111111111100111000011000111011111111111011
10011110011100111111111111111111111111111100011111111101111111111100111100111100111100111111111100111000011000111011111111111011
10111110011110111111111111111111111111111100111111111111111111111101111100111100111100111111111100111100111000111011111111111011
10111110011110111111111111111111111111111100111111111111111111111101111100111100111100111111111100111100111000111011111111111011
11111110111111111111111111111111111111111110111111111111111111111101111110111111111100111111111100111100111000111011111111111111
11111110111111111111111111111111111111111110111111111111111111111101111110111111111100111111111100111100111000111011111111111111
11111110111111111111111111111111111111111110111111111111111111111111111110111111111110111111111101111100111100111011111111111111
11111111111111111111111111111111111111111111111111111111111111111111111111111111111111111111111101111100111100111111111111111111
11111111111111111111111111111111111111111111111111111111111111111111111111111111111111111111111101111100111100111111111111111111
11111111111111111111111111111111111111111111111111111111111111111111111111111111111111111111111111111101111100111111111111111111
11111111111111111111111111111111111111111111111111111111111111111111111111111111111111111111111111111101111100111111111111111111
11111111111111111111111111111111111111111111111111111111111111111111111111111111111111111111111111111101111111111111111111111111
11111111111111111111111111111111111111111111111111111111111111111111111111111111111111111111111111111101111111111111111111111111