11111111111111111111111111111111111111111111111111111111111111111111111111111111111111111111111111111111111111111111111111111111
11111111111111111111111111111111111111111111111111111111111111111111111111111111111111111111111111111111111111111111111111111111
11111111111111111111111111111111111111111111111111111111111111111111110111111111111111111111011111111111111111111111111111111111
11111111111111111111111111111111111111111111111111111111111111111111110111111111111111111111011111111111111111111111111111111111
11111111111111111111111111111111111111111111111111111111111111111111110111111100011111111110001111111111111111111111111111110011
11111111111111111111111111111111111111111111111111111111111111111111110111111100011111111100001111111110111111111111111111100001
11111111111111111111111111111111111111111111111111111111111111111111110111111100011111111100001111111110111111111111111111100001
11111111111111111111111111111111111111111111111111111111111111111111110011111100001111111000001111111100011111111111111111000001
11111111111110111111111110111111111111111111111111111111111111111111110011111100001111111000001111111000011111111111111111000001
11111111111110111111111110111111111111111111111111111111111111111111110011111100001111111000001111111000011111111111111111000001
11111111111100111111111110111111111111111111111111111111111111111111010011111100001111111000001111111000011111111111111111000001
11111111111100111111111110111111111111111111111111111111111111111111010011111100001111111000001111111000011111111111111111000001
11111111111100111111111110111111111111111111111111111111111111111111010011111100001111111000001111111000011111111111111111000001
11111111111100111111111110111111111111111111111111111111111111111111010011111100001111111000000111110000011111111111111111000001
11111111111101111111111110111111111111111111111111111111111111111111010011111100001111111000001111111000011111111111111111000001
11111111111101111111111100111111111111111111111111111111111111111111010011111100001111111000001111111000011111111111111111000001
11111111111101111111111100111111111111111111111111111111111111111111010011111100001111111100001111111110001111111111111111100001
11111111111101111111111100111111111111111111111111111111111111111111110011111100011111111110001111111110001111111111111111100001
11111111111101111111111100111111111111111111111111111111111111111111110011111100011111111110001111111110001111111111111111100001
11111111111111111111111100111111111111111111111111111111111111111111111011111100111111111110001111111110001111111111111111110001
11111111111111111111111100111111111111111111111111111111111111111111111001111100111111111110001111111111001111111111111111110001
11111111111111111111111100111111111111111111111111111111111111111111111001111100111111111110001111111111001111111111111111110001
11111111111111111111111100111111111111111111111111111111111111111111111001111100111111111110001111111111001111111111111111110001
11111111111111111111111100111111111111111111111111111111111111111111111001111100111111111110001111111111001111111111111111110001
11111111111111111111111100111111111111111111111111111111111111111111111001111100111111111110001111111111001111111111111111110001
11111111111111111111111100111111111111111111111111111111111111111111111001111100111111111110001111111111001111111111111111110001
11111111111111111111111100111111111111111111111111111111111111111111111001111100111111111110001111111111001111111111111111110001
11111111111111111111111100111111111111111111111111111111111111111111111001111100111111111110001111111111001111111111111111110001
11111111111111111111111100111111111111111111110111111111111111111111111001111100111111111110001111111111001111111111111111110001
11111111111111111111111100111111111011111111110111111111111111111111111001111100111111111110001111111111001111111111111111110001
11111111111111111111111110111111111011111111110111111111111111111111111001111100111111111110001111111111001111111111111111110001
11111111111111111111111110111111111011111111110111111111111111111111111001111100111111111110001111111111001111111111111111110001
11111111111101111111111110111111111011111111110111111111111111111111111001111100111111111110011111111111001111111111111111110011
11111111111101111111111110111111111011111111110111111111111111111111111001111100111111111110011111111111001111111111111111110011
11111111111101111111111110111111111001111111110111111111111111111111111001111100111111111110011111111111001111111111111111110011
11111111111101111111111110111111111001111111110111111111111111111111111001111100111111111110011111111111001111111111111111110011
11111111111101111111111110111111111001111111110111111111111111111111111001111100111111111110011111111111001111111111111111110011
11111111111101111111111110111111111001111111110011111111111111111111111001111100111111111110011111111111001111111111111111110011
11111111111101111111111110111111111001111111110011111111111111111111111001111100111111111110011111111111001111111111111111110011
11111111111101111111111110111111110001111111110011111111111111111111111001111100011111111110011111111111001111111111111111110011
11111111111101111111111110111111110001111111100011111111111111111111111001111100011111111110011111111111001111111111111111110011
11111111111101111111111111111111110001111111100011111111111111111111111001111100011111111110011111111111001111111111111111110011
11111111111100111111111111111111110001111111100011111111111111111111111001111100011111111100011111111111001111111111111111110011
11111111111100111111111111111111110001111111100011111111111111111111111001111100011111111100011111111111001111111111111111110011
11111111111100111111111111111111110001111111100011111111111111111111111001111100001111111100011111111111001111111111111111100011
11111111111100111111111111111111110001111111100011111111111111111111110001111100001111111100011111111111001111111111111111100011
11111111111100111111111111111111110001111111100011111111111111111111110011111100001111111100011111111111001111111111111111100011
11111111111100111111111111111111110000111111100011111111111111111111110011111100001111111100011111111111001111111111111111100011
11111111111100011111111111111111110000111111100011111111111111111111110011111100001111111100011111111111001111111111111111100011
11111111111110011111111111111111110000111111100011111111111111111111110011111100001111111100011111111111001111111111111111100011
11111111111110011111111111111111110000111111100001111111111111111111110011111100001111111100011111111110001111111111111111100011
11111111111110011111111111111111110000111111100001111111111111111111110011111100001111111100011111111110001111111111111111100011
11111111111110011111111111111111110000111111100001111111111111111111110011111100000111111100011111111110011111111111111111100011
11111111111110001111111111111111110000111111100000111111011111111111110011111100000111111100011111111110011111111111111111100011
11111111111111001111111111111111110000111111100000111111011111111111110011111110000111111100011111111110011111111111111111100011
11111111111111001111111111111111110000011111100000111111000011111111110011111110000111111100001111111110011111100011111111100011
11011111111111001111111111111111110000011111100000111111000011111111110011111111000111111100001111111110011111100001111111100011
11011111111111101111111111111111110000011111100000111111000011111111110011111111000111111110001111111110011111100001111111100011
10001111111111101111111111111111110000011111100000111111000001111111100011111111000111111110001111111110011111100000111111100001
10001111111111101111111111111111110000011111100000111111000001111111100111111111100111111110001111111110011111100000111111110001
10000111111111101111111111111111110010011111100100111111000001111111100111111111100111111110001111111100111111100000111111110001
10000111111111101111111111111111110010011111100100111111000001111111100111111111100111111110001111111100111111100000111111110001
10000111111111101111111111111111110110011111101100111111000001111111100111111111100111111110001111111100111111100000111111110001
10000111111111101111111111111111110110011111101100111111000001111111100111111111100111111110001111111100111111100000111111110001
11000111111111101111111111111111110110011111101110011111000001111111100111111111100111111111001111111100111111100000111111110001
11001111111111101111111111111111110111011111101110011111000001111111101111111111110111111111001111111100111111100000111111111001
11001111111111101111111111111111110111011111101110011111000001111111101111111111110111111111000111111100111111100000111111111001
11111111111111101111111111111111110111011111101110011111000001111111101111111111110111111111000111111100111111100000111111111001
11111111111111111111111111111111111111011111111110011111100011111111101111111111110011111111000111111001111111100000111111111001
11111111111111111111111111111111111111011111111110011111100011111111101111111111110011111111000111111001111111100000111111111001
11111111111111111111111111111111111111011111111110011111111111111111101111111111110011111111100111111001111111100000111111111001
11111111111111111111111111111111101111001111111110011111111111111111001111111111110011111111100111111001111111100000111111111001
11111111111111111111111111111111101111001111111110011111111111111111001111111111110011111111100111111001111111110001111111111101
11111111111111111111111111111111101111001111111111011111111111111111001111111111110011111111100111111001111111111111111111111101
11111111111111111111111111111111101111001111111111011111111111111111001111111111110011111111100111111001111111111111111111111101
11111111111111111111111111111111101111001111111111011111111111111111011111111111110011111111100111111001111111111111111111111101
11111111111111111111111111111111101111001111111111011111111111111111011111111111110011111111100111111001111111111111111111111100
11111111111111111111111111111111101111001111011111011111111111111111011111111111110011111111100111111001111111111111111111111100
11111111111111111111111111111111101111001111011111011111111111111111011111111111110011111111100111111011111111111111111111111100
11111111111111111111111111111111101111001111011111011111111111111111011111111111110011111111100111111011111111111111111111111100
11111111111111111111111111111111101111101111011111011111111111111111011111111111110011111111100111110011111111111111111111111100
11111111111111111111111111111111101111101111011111011111111111111111111111111111110011111111100111110011111111111111111111111100
11111111111111111111111111111111101111101111011111011111111111111110111111111111110011111111100111110011111111111111111111111100
11111111111111111111111111111111101111101111011111011111111111111110111111111111110011111111100111110011111111111111111111111100
11111111111111111111111111111111101111101111011111011111111111111110111111111111110011111111100111110011111111111111111111111100
11111111111111111111111111111111101111101111011111011111111111111110111111111111110011111111100111110011111111111111111111111100
11111111111111111111111111111111101111101111011111011111111111111110111111111111110011111111100111110011111111111111111111111100
11111111111111111111111111111111101111101111011111011111111111111110111111111111110011111111100111110011111111111111111111111100
11111111111111111111111111111111101111101111011111011111111111111110111111111111110011111111100111110011111111111111111111111100
11111111111111111111111111111111101111101111011111011111111111111110111111111111110011111111100111110011111111111111111111111100
11111111111111111111111111111111101111101111011111011111111111111110111111111111110011111111100111110011111111111111111111111100
11111111111111111111111111111111101111111111011111011111111111111110111111111111110011111111100111110011111111111111111111111100
11111111111111111111111111111111101111111111011111011111111111111110111111111111110011111111100111110011111111111111111111111100
11111111111111111111111111111111101111111111011111011111111111111110111111111111110011111111100111110011111111111111111111111100
11111111111111111111111111111111101111111111011111011111111111111110111111111111110011111111100111110011111111111111111111111100
11111111111111111111111111111111101111111111011111011111111111111110111111111111110011111111100111110011111111111111111111111100
11111111111111111111111111111111100111111111011111011111111111111110111111111111110011111111100111110011111111111111111111111100
11111111111111111111111111111111100111111111011111011111111111111110111111111111110111111111100111110011111111111111111111111100
11111111111111111111111111111111100111111111011111011111111111111110111111111111110111111111100111100011111111111111111111111100
11111111111111111111111111111111100111111111011111011111111111111110111111111111110111111111100111100011111111111111111111111101
11111111111111111111111111111111100111111111001111111111111111111110111111111111110111111111100111100011111111111111111111111101
11111111111111111111111111111111100111111111001111111111111111111110011111111111110111111111100111100011111111111111111111111101
11111111111111111111111111111111110111111111001111111111111111111110011111111111110111111111100111100011111111111111111111111101
11111111111111111111111111111111110111111111001111111111111111111110011111111111100111111111100111100011111111111111111111111101
11111111111111111111111111111111110111111111101111111111111111111110011111111111100111111111100111100011111111111111111111111001
11111111111111111111111111111111110111111111101111111111111111111110011111111111100111111111100111100011111111111111111111111001
11111111111111111111111111111111110111111111101111111111111111111110011111111111100111111111000111100011111111111111111111111001
11111111111111111111111111111111110111111111101111111111111111111110011111111111100111111111001111100011111111111111111111111001
11111111111111111111111111111111110011111111101111111111111111111110011111111111100111111111001111100001111111111111111111111001
11111111111111111111111111111111110011111111100111111111111111111110011111111111100111111011001111100001111111111111111111111001
11111111111111111111111111111111110011111111100111111111111111111110011111111111101111111011001111100001111111111111111111111001
11111111111111111111111111111111110011111111100111111111111111111110011111111111001111111011001111100000111111111111111111110001
11111111111111111111111111111111110000111111100111111111111111111110001111111110001111111000001111110000011111111111111111000001
11111111111111111111111111111111110000111111100111111111111111111110001111111110001111111000001111110000011111111111111111000001
11111111111111111111111111111111110000111111100111111111111111111110000111111110001111111000001111110000011111111111111111000001
11111111111111111111111111111111110001111111110111111111111111111110000111111110011111111000001111110000011111111111111111000011
11111111111111111111111111111111111001111111110111111111111111111110010111111110011111111000011111110000011111111111111111000011
11111111111111111111111111111111111001111111110111111111111111111110010111111110011111111000011111110000011111111111111111000011
11111111111111111111111111111111111001111111111111111111111111111111111111111110011111111000011111110001011111111111111111000011
11111111111111111111111111111111111001111111111111111111111111111111111111111110011111111000011111110001011111111111111111000011
11111111111111111111111111111111111001111111111111111111111111111111111111111110011111111000011111110001111111111111111111100011
11111111111111111111111111111111111111111111111111111111111111111111111111111110111111111000011111110011111111111111111111100111
11111111111111111111111111111111111111111111111111111111111111111111111111111110111111111000011111110011111111111111111111100111
11111111111111111111111111111111111111111111111111111111111111111111111111111110111111111100111111110111111111111111111111100111
11111111111111111111111111111111111111111111111111111111111111111111111111111111111111111101111111111111111111111111111111101111
11111111111111111111111111111111111111111111111111111111111111111111111111111111111111111101111111111111111111111111111111101111
11111111111111111111111111111111111111111111111111111111111111111111111111111111111111111111111111111111111111111111111111111111
11111111111111111111111111111111111111111111111111111111111111111111111111111111111111111111111111111111111111111111111111111111