11101111111111111111111111111111111111111111111111111111111111111111100011111111111111111111111111111111111111111111111111001111
11101111111111111111111111111111111111111111111111111111111111111111100011111111111111111111111111111111111111111111111111001111
11101111100001111101111111111111111111111111111101111111111111111111100001111111111100011111111111111111111101111111111110001111
11101111100001111101111111111111111111111111111101111111111111101111100001111111111100011111111111111111111101111111111110001111
11100111100001111100111111111111000111111111111000111111011111101111100001111111111100011111101111111111111101111111111110000111
11000111100001111000111111111111000011111111111000111111011111101111100001111111111100011111101111110111111101111111111110000111
11000111100001111000111111111111000011111111111000111111011111101111100001111111111100011111101111110111111101111111111110000111
11000111100001111000111111111111000011111111111000111110011111101111100001111111111000001111101111110111111001111111111110000111
11000111100001111000111111111111000011111111111000111110011111101111100001111111111000001111101111110111111001111111111110000111
11000111100001111000111111111111000011111111111000111110011111101111100001111111111000001111101111110111111001111111111110000111
11000111100000111000111111111110000011111111111000111110011111101111100001111111111000001111101111110111111001111111111110000111
11000111100000111000111111111110000011111111111000111110011111001111100001111111111000001111101111110111111001111111111110000111
11000111100000111000111111111110000011111111111000111110011111001111100001111111111000001111101111110111111001111111111110000111
11000111100000111000111111111111000011111111111000111110011111001111100001111111111000001111101111110111111001111111111111000111
10000011100000111000011111111111000011111111111000111110011111000111100001111111111000001111101111110111111001111111111111000111
10000011100000111000011111111111000011111111111000111110011111000111100001111111111100001111101111110111111001111111111111000111
10000011100000111000011111111111000011111111111000111110011111000111100001111111111100001111101111110111111001111111111111100111
10000011100000111000011111111111000011111111111000111110011111000111100001111111111100001111101111110111111001111111111111100111
10000011100000111000011111111111100011111111111000111110011111000111111001111111111100001111101111110111111001111111111111100111
10000011100000111000011111111111110011111111111000111100011111000111111001111111111110001111001111110111111001111111111111100111
10000011100000110000011111111111110011111111111000111100011111000111111001111111111110001111001111110111111001111111111111100111
10000011110000110000011111111111110011111111111001111100011111000111111001111111111110001111001111110111111001111111111111100111
10010011111000110000011111111111110011111111111011111100011111000111111001111111111110001111001111110111111001111111111111100111
10010011111000110000011111111111110011111111111011111100011111000111111001111111111110001111001111110111110001111111111111100111
10010011111000110000011111111111110011111111111011111100011111000111111001111111111110001111001111110111110001111111111111101111
10010011111000110010011111111111110011111111111011111100011111000111111001111111111110011111001111110111110001111111111111101111
10010011111000110010011111111111110011111111111011111100011111000111111001111111111110011111001111110111110001111111111111101111
10010011111000110010011111111111110011111111111011111100011111000111111001111111111110011111001111110111110001111111111111101111
10011011111101110010011111111111110011111111110011111100011111000111111001111111111110011111001111110111110001111111111111101111
10011011111101110010011111111111110011111111110011111100011110000111111001111111111110011111001111110111110001111111111111101111
10011011111101110010011111111111110011111111110011111100011110000111111001111111111110011111011111110111110001111111111111101111
10011011111101110010011111111111110011111111110011111100011110000111111001111111111110011111011111100111110001111111111111101111
10111011111101110010011111111111110011111111110011111100011110000111111001111111111110011111011111100111110001111111111111101111
10111011111101110010011111111111110011111111110011111100011111000111111001111111111110011111011111101111111101111111111111101111
10111011111001110010011111111111110011111111110011111100011111000111111001111111111110011111011111101111111101111111111111101111
10111011111001110010011111111111110011111111110011111100011111000111111001111111111110011111011111101111111101111111111111101111
10111011111001110010011111111111110011111111110011111100011111000111111001111111111110011111011111101111111101111111111111101111
10111011111001110010011111111111110011111111110011111100011111000111111001111111111110011111011111101111111101111111111111001111
10111011111001110010011111111111110011111111110011111100011111000111111001111111111110011111011111101111111101111111111111001111
10111011111001111010011111111111110011111111110011111100011111000111111001111111111110011111011111101111111101111111111111001111
10111011111001111000011111111111110011111111110001111100011111000111111001111111111110011110001111101111111101111111111111001111
10111011111001111000011111111111110111111111110001111110011111100111111001111111111110011110001111101111111101111111111111001111
10111011111001111000011111111111110111111111110001111110011111100111111001111111111110011110001111101111111101111111111111001111
10111011111001111000011111111111110111111111110001111110011111100111111001111111111110011110001111101111111101111111111111001111
10111011111001111000011111111111110111111111110001111111011111100111111011111111111110011110001111101111111101111111111111001111
10111011111001111000011111111111100111111111110001111111011111100111111011111111111110011110001111101111111101111111111111001111
10111011111001111000011111111111100111111111110000111111011111100111111011111111111110011110001111101111111101111111111111001111
10111011111001111000011111111111100111111111110000111111011111100111111011111111111110011110001111101111111101111111111111001111
10111011111001111000111111111111100111111111110000111111011111100111111011111111111100011110000111101111111101111111111111001111
10111011111001111000111111111111100111111111110000111111011111100111110011111111111100011110000111101111111101111100111111001111
10111011111011111000111111111111100111111111110000111111011111100111110011111111111100011110000111101111111101111100111111001111
10110011111011111000111111111111100111110001110000111111011111100111110011111000111110011110000111101111111101111100001111001111
10010011111011111000111100001111100111100001110000111111011111100111110011110000111110011110000111101111111101111100001111001111
10010011111011111000111100001111100111100001111000111111011111100111110011110000111110011110000111101111111101111100001111001111
10010011110011111000111100001111100111100001111000111111011111100111110011110000111110011110000111101111111101111000001111000111
10010011110011111000111100001111100111100001111000111111011111100111110011110000111110011110000111101111111101111000001111000111
10010011110011111000111100001111100111100001111000111111011111100111110011110000111110011110000111101111111101111000001111000111
10010011110011111000111100001111100111100001111000111111011111100111110011110000011110011110000111101111111101111000001111100111
10010011110011111000111100000111100111100001111000111111011111100111110011110000011110011110000111101111111101111000001111100111
10010011110011111000111100000111101111100001111000111111011111100111110011110000011110011110000111101111111101111000001111100111
10010011110011111000111100000111101111100001111100111111011111100111110011110000011110001110000111101011111101111000001111100111
10000011110011111000111100000111101111100001111100111111011111100111110011110000011110001110000111101011111101111000001111100111
10000011110011111000111100000111101111100001111110111111011111100111110011110000011110001110010111101011111101111100001111100111
10000011110011111000111100000111101111100001111110011111011111100111110011110000011110001110010011101011111101111100001111100111
10000011110011111000011100000111101111100001111110011111011111100111110011110000011111001110010011001011111101111100001111100111
10000011110011111000011100001111101111100001111110011111011111100111110111110000011111001110010011001011111101111100011111110111
10000011110011111000011100001111101111100001111110011111011111100111110111110000011111001110010011001011111101111100011111110111
10000011110011111000011100001111101111100001111110011111011111100111110111110000111111001110110011001011111101111101111111110111
10000011110111111000011100001111101111100001111110011111011111100111110111110000111111001110110011001011111101111111111111110111
10000011110111111000011100001111101111100001111110011111011111100111110111110000111111001110110011001011111101111111111111110111
10000011110111111000011100001111101111100001111110011111011111100111110111110000111111001110110011001011111101111111111111110111
11000011110111110000011100001111101111100001111110011111011111100111110111111111111111101110110011001011111101111111111111110111
11000011110111110000011100001111001111100001111110011111011111100111110111111111111111101110110011000011111101111111111111110111
11000011110111110000011100001111001111110001111110011111011111100111110111111111111111101110110011000011111101111111111111110111
11000011110111110010011110111111001111111111111110011111011111100111110111111111111111101110110011000001111101111111111111110111
11000011110111110010011110111111001111111111111110011111011111100111110111111111111111101110110011000001111101111111111111110111
11000011110111110010011111111111001111111111111110011111011111100111110111111111111111101110110011000001111101111111111111110111
11000011110111110010011111111111001111111111111110011111011111100111110111111111111111101110111011000001111101111111111111110111
11000011110111110010011111111111001111111111111110011111011111100111110111111111111111101110111011000001111101111111111111110111
11100011110111110010011111111111001111111111111110011111011111100111110111111111111111101110111011000001111101111111111111110111
11100011110111110011011111111111001111111111111110011111011111100111110111111111111111101110111011000001111101111111111111110111
11100011110111110011011111111111001111111111111110011111011111100111110111111111111111101110110011000001111101111111111111110111
11100111110111110011011111111111001111111111111110011111011111100111110111111111111111101110110011000001111101111111111111110111
11100111110111110011011111111111001111111111111110011111011111100111100111111111111111101110110011000001111101111111111111110111
11100111110111110011011111111111001111111111111110011111011111100111100111111111111111101110110011000001111101111111111111110111
11100111110111110011011111111111001111111111111110011111011111100111100111111111111111101110110011000001111101111111111111110111
11100111110111110011011111111111001111111111111110011111011111100111100111111111111111101110110011000001111101111111111111110111
11100111110111110011011111111111001111111111111110011111011111100111100111111111111111101110110011000001111101111111111111110111
11100111110111110011011111111111001111111111111110011111011111100111100111111111111111101110110011100001111101111111111111110111
11100111110111110011011111111111001111111111111110011111011111100111100111111111111111101110110011100001111101111111111111110111
11100111110111110011011111111111001111111111111110011111011111100111100111111111111111101110110011100001111101111111111111110111
11100111110111110011011111111111001111111111111110011111011111100111100111111111111111101110110011100001111101111111111111110111
11100111110111110011011111111111001111111111111110011111011111100111100111111111111111101110110011100001111101111111111111110111
11100111110111110011011111111111001111111111111110011111011111100111100111111111111111101110110011100001111101111111111111110111
11100111110111110011011111111111001111111111111110011111011111100111100111111111111111101110110011110001111101111111111111110111
11100111110111110011011111111111001111111111111110011111011111100111100111111111111111001110110011110001111101111111111111100111
11100111110111110011011111111111001111111111111110011111011111100111100111111111111111001110110011110001111101111111111111100111
11100111110111110011011111111111011111111111111110011111011111100111100111111111111111001110110011111011111101111111111111100111
11100111110111110011011111111111011111111111111110011111011111100111100111111111111111001110110011111011111101111111111111100111
11100111110111110011011111111111011111111111111110111111011111100111100111111111111111001110110111111011111101111111111111100111
11100111110111110011011111111111011111111111111100111111011111100111100111111111111111001110010111111011111101111111111111100111
11100111110111110010011111111111011111111111111100111111011111100111100111111111111111001110010111111011111101111111111111100111
11100111110111110010011111111111011111111111111100111111011111100111100111111111111111001110010111111011111101111111111111100111
11101111110111110010011111111111011111111111111100111111011111100111100111111111111111001110010111111011111101111111111111100111
11001111110111110010011111111111011111111111111100111111011111100111100111111111111101001110000111111011111101111111111110000111
11001111110111110010011111111111011111111111111100111111011111100111100111111111111101001110000111111011111101111111111110000111
11001111110111110000011111111111011111111111111000111111011111100111100111111111111000001110000111111011111101111111111110000111
11001111110111110000011111111111011111111111111000111111011111100111100111111111111000001110000111111011111101111111111110000111
11001111110111110000011111111111011111111111111000111111011111100111100111111111111000011110000111111011111101111111111110001111
11001111110111110000011111111111011111111111111000111111011111100111100111111111111000011110000111111011111101111111111110001111
11001111110111110000011111111111011111111111111000111111011111100111100111111111111000011110000111111011111101111111111110001111
11001111110111110000011111111111011111111111111000111111011111100111100111111111111000011111000111111011111101111111111110001111
11001111110111110000011111111111011111111111111000111111011111101111100111111111111000011111000111111011111101111111111110001111
11001111110111110000011111111111011111111111111000111111011111101111100111111111111000011111000111111011111101111111111110001111
11001111110111111000011111111111011111111111111000111111011111101111111111111111111000011111000111111011111101111111111110001111
11001111110111111000011111111111011111111111111000111111011111101111111111111111111000011111000111111011111111111111111111001111
11001111110111111000011111111111011111111111111000111111011111101111111111111111111000011111000111111011111111111111111111001111
11001111110111111000011111111111011111111111111001111111011111111111111111111111111100011111001111111111111111111111111111111111
11001111110111111000111111111111011111111111111001111111011111111111111111111111111100011111001111111111111111111111111111111111
11001111110111111000111111111111011111111111111001111111011111111111111111111111111100011111001111111111111111111111111111111111
11001111110111111000111111111111111111111111111001111111011111111111111111111111111100111111101111111111111111111111111111111111
11011111110111111000111111111111111111111111111001111111111111111111111111111111111110111111111111111111111111111111111111111111
11011111110111111000111111111111111111111111111001111111111111111111111111111111111110111111111111111111111111111111111111111111
11011111111111111000111111111111111111111111111011111111111111111111111111111111111111111111111111111111111111111111111111111111
11011111111111111000111111111111111111111111111111111111111111111111111111111111111111111111111111111111111111111111111111111111
11011111111111111100111111111111111111111111111111111111111111111111111111111111111111111111111111111111111111111111111111111111
11111111111111111100111111111111111111111111111111111111111111111111111111111111111111111111111111111111111111111111111111111111
11111111111111111100111111111111111111111111111111111111111111111111111111111111111111111111111111111111111111111111111111111111