11111111111111111111111111111111111111111111111110111111111111111111111111111111111111111111111111111111111111111111111111111111
11111111111111111111111111111111111111111111111110111111111111111111111111111111111111111111111111111111111111111111111111111111
11111111111111111100111111111111111111111111111110111111111111111111111101111110011111111111111111111111111111111111111111111111
11101111110001111100111111111111001011111111111100011111111111111111111001111110011111111111111111111111111111111111111111111111
11101111110001111100111111111111001011111111111100011111111111111111111001111110011111111111111111111111111111111111111111111111
11101111100001111100111111111111000011111111111100011111101111111111111001111100011111101111110011111110111111111111111111111001
11000111100001111100111111111111000011111111111100011111101111111111111000111100011111101111110001111000111111111111111111110001
11000111100001111100111111111111000011111111111100011111101111111111111000111100011111101111110001111000111111111111111111110001
11000111100001111000111111111111000001111111111100011111001111111111111000111100011111101111110001111000111111111111111111110001
11000111100000111000011111111111000001111111111100011111001111111111111000111100011111101111100001111000011111111111111111110001
11000111100000111000011111111111000001111111111100011111001111111111111000111100011111101111100001111000011111111111111111110001
11000111100000111000011111111111000001111111111100011111001111111111110000111100001111101111100001111000011111111111111111110001
11000111100000111000011111111111000001111111111000011111001111111111110000111100001111101111100001111000011111011111111111110001
11000111100000111000011111111111000001111111111000011111001111111111110000111100001111101111100001111000011111011111111111110001
11000111100000111000011111111111000001111111111000001111001111111111110000111100001111001111100001111000011111011111111111110001
11000011100000111000011111111111000001111111111000001111001111111111110000111100001111001111100001111000011111011111111111110001
11000011100000111000011111111111000001111111111000001111001111111111110000111100001111001111100011111000011111011111111111110111
11000011100000111000011111111111000001111111111000001111001111111111110000111100001111001111100111111100011111011111111111110111
10000011100000111000011111111111000001111111111000001111001111111111110000111100001111001111100111111100011111011111111111110111
10000011100000111000011111111111000001111111111000001111001111111111110010111100001111001111100111111100011111011111111111110111
10000011100000111000011111111111100001111111111000001110001111111111110010011101001111000111100111111110011111011111111111110111
10000011100000111000011111111111100001111111111000001110001111111111110010011101001111000111100111111110011111011111111111110111
10000011110000111000011111111111110001111111111001001110001111111111110110011101001111000111100111111110011111011111111111110111
10000011111000111000011111111111110001111111111001001110001111111111110110011111101111000111100111111110111111011111111111110111
10000011111000111000011111111111110001111111111001001110001111111111110110011111101111000111100111111110111111011111111111110111
10010011111000111000011111111111111001111111111001001110001111111111110110011111101111000111100111111110111111011111111111110111
10010011111100111000011111111111111001111111111001001110001111111111110111011111101111000111101111111110111111011111111111110111
10010011111100111000011111111111111001111111111001001110001111111111110111011111101111000111101111111110111110011111111111110111
10010011111100111000011111111111111001111111111011001110001111111111110111011111101111000111101111111110111110011111111111110111
10010011111100111010011111111111111001111111111011001110001111111111110111011111101111000111101111111110111110011111111111110111
10010011111100111010011111111111111001111111111011001110001111111111110111011111101111000111101111111110111110011111111111110111
10010011111100111011011111111111111011111111111011101110001111111111110111011111101111000111101111111110111110011111111111110111
10011011111101111011011111111111110011111111111011101110001111111111110111011111101111000111101111111110111110011111111111110111
10011011111101111011011111111111110011111111111011101110001111111111110111011111101111000111101111111100111110011111111111110111
10011011111101111011011111111111110011111111111011101110001111111111110111011111101111000111101111111100111110011111111111110111
10111011111101111011011111111111110011111111111011101110001111111111110111011111101111100111101111111100111110011111111111110111
10111011111101111011011111111111110011111111111011101110001111111111110111011111101111100111101111111100111110011111111111110111
10111011111101111011011111111111110011111111111011101110001111111111110111011111101111100111101111111100111110011111111111110111
10111011111001111010011111111111110011111111111011101110001111111111110111011111101111100111100111111100111110011111111111110111
10111011111001111000011111111111110011111111111011101110001111111111110111011111101111100111100111111100111110011111111111110111
10111011111001111000011111111111110011111111111011101110101111111111110111011111101111100111100111111100111110011111111111110111
10111011111001111000011111111111110011111111111011101111101111111111110111011111101111100111100111111100111110011111111111110011
10111011111001111000011111111111110011111111111011101111101111111111110111011111101111100111100111111100111110011111111111110011
10111011111001111000011111111111110011111111111011101111101111111111110111011111101111100111100111111100111110011111111111110011
10111011111001111000011111111111110011111111111011101111101111111111110111011111101111100111100011111100111110011111111111110011
10111011111001111000011111111111110011111111111011101111101111111111110111011111101111100111100011111100111110011111111111110011
10111011111001111000011111111111110011111111111011101111101111111111110111011111101111100111100011111100111110011111111111110011
10111011111001111000011111111111110011111111111011101111101111111111110111011111001111110111100011111100111110011111111111110001
10011011111001111000011111111111110011111111111011101111101111111111110111011111001111110111100011111100111110001111111111110001
10011011111001111000011111111111110011111111111011101111101111111111110111011111001111110111100011111100111110001111111111110001
10011011111001111000011111111111110111110001111011101111101111111111110111011111001111110111100011111100111110001111111111110001
10011011111001111000011110001111110111110000111011101111101111101111110111011111001111110111100011111100111100001111100111110001
10011011111001111000011110001111110111110000111011101111101111101111110111011111001111110111110011111100111100001111100111111001
10011011111011111000011110001111110111110000111011101111101111100001110111011111001111110111110011111100111100001111000011111101
10011011111011111000011100000111110111110000111011101111101111100001110111011111001111110111110001111100111100001111000011111101
10011011111011111000011100000111110111110000111011101111101111100001110111011111001111110111111001111100111100001111000011111101
10010011111011111000011100000111100111110000111011101111101111100001110111011111001111110111111001111100111100001111000011111101
10010011111011111000011100000111100111110000111011101111101111000001110111011111001111110111111001111100111100001111000011111101
10010011111011111000011100000111100111110000111011101111101111000001110111011111011111110111111001111100111100001111000011111101
10010011111011111000011100000111100111100000111011101111101111000001110111011111011111110111111101111100011100001111000011111100
10000011111011111000011100000111100111100000111011101111101111000001110111011110011111110111111101111100011100000111000011111100
10000011110011111000011100000111100111100000111011101111101111000001110111011110011111110111111101111110011100100111000011111100
10000011110011111000011100000111100111100000111011101111101111000001110111011110011111110111111101111110011100100111000011111100
10000011110011111000011100000111100111100000111011101111101111000001110111011110011111110111111101111110011100100111000011111100
10000011110011111000011100000111100111100000111011101111101111000001110111011110011111110111111101111110011100100111000011111100
10000011110011111000011100000111100111100000111011101111101111000001110111011110011111110111111101111110011100100111100011111110
10000011110011111000011100000111100111100000111011101111101111000001110111011110011111110111111101111110011101100111100111111110
10000011110011111000011100000111100111100000111011101111101111000001110111011110011111110111111101111110011101110111100111111110
10000011110011111000011100000111100111100000111011101111101111100001110111011110011111110111111101111111011101110111111111111110
11000011110011111000011100000111100111110000111011101111101111100001110111011110011111110111111101111111011101110111111111111110
11000011110011111000011100000111100111110000111011101111101111100001110111011110011111110111111101111111011101110111111111111110
11000011110011111000011100000111100111110000111011101111101111100011110111011110111111110111111101111111011101110111111111111110
11000011110011111000011100001111101111110000111011101111101111111111110111011110111111110111111101111111011101110111111111111110
11000011110011111000011100001111101111110000111011101111101111111111110111011100111111110111111101111111011101110111111111111110
11000011110011111000011110001111101111111101111011101111101111111111110111011100111111110111111101111111011101110111111111111110
11000011110011110010011110011111101111111111111011101111101111111111110111011100111111110111111101111111011101110111111111111110
11000011110011110010011110011111101111111111111011101111101111111111110111011100111111110111111101111111011101110111111111111110
11000011110011110011011111111111101111111111111011101111101111111111110111011100111111110111111101111111011101110111111111111110
11000011110011110011001111111111101111111111111011101111101111111111110111011100111111110111111101111111011101110111111111111110
11000011110011110011001111111111101111111111111011101111101111111111110111011100111111110111111101111111011101110111111111111110
11100011110111110011001111111111101111111111111011101111101111111111110111011100111111110111111101111111011101110111111111111110
11100011110111110011001111111111101111111111111011101111101111111111110111011100111111110111111101111111011101110111111111111110
11100011110111110011001111111111101111111111111011101111101111111111110111011100111111110111111101111111011101110111111111111110
11100011110111110011001111111111101111111111111011101111101111111111110111011101111111110111111101111111011101110111111111111110
11100111110111110011001111111111101111111111111011101111101111111111110111011101111111110111111101111111011101110111111111111110
11100111110111110011001111111111101111111111111011101111101111111111110111011101111111110111111101111111011101110111111111111110
11100111110111110011001111111111101111111111111011101111101111111111110111011101111111110111111101111111011101110111111111111110
11100111110111110011001111111111101111111111111011101111101111111111110111011101111111110111111101111111011101110111111111111110
11100111110111110011001111111111101111111111111011101111101111111111110111011101111111110111111101111111011101110111111111111110
11100111110111110011001111111111101111111111111011101111101111111111110111011101111111110111111101111111011101110111111111111110
11100111110111110011001111111111101111111111111011101111101111111111110111011101111111110111111101111111011101110111111111111110
11100111110111110011001111111111101111111111111011101111101111111111110111011101111111110111111101111111011101110111111111111100
11100111110111110011001111111111101111111111111011101111101111111111110111011101111111110111111101111111011101110111111111111100
11100111110111110011001111111111101111111111111011101111101111111111110111011101111111110111111101111111011101110111111111111100
11100111110111110011001111111111101111111111111011101111101111111111110111011101111111110111111101111111011101110111111111111100
11100111110111110011001111111111101111111111111011101111101111111111110111011101111111110111111101111111011101110111111111111100
11100111110111110011001111111111101111111111111011001111101111111111110110011101111111110111111101111111011101110111111111111101
11100111110111110011001111111111101111111111111001001111101111111111110110011101111111110111111101111110011100100111111111111101
11100111110111110011001111111111101111111111111001001111101111111111110110011101111111110111111101111110011100100111111111111101
11100111110111110011001111111111101111111111111001001111101111111111110110011101111111110111111001111110011100100111111111111101
11100111110111110011001111111111101111111111111001001111101111111111110010011100111111110111111001111110011100100111111111111101
11100111110111110011001111111111101111111111111001001111101111111111110010011100111111110111111001111110011100100111111111111101
11100111110111110011001111111111101111111111111001001111101111111111110010011100111111110111111001111110011110100111111111111101
11100111110111110000001111111111101111111111111001001111101111111111110010011100011111110111111001111110011110000111111111111101
11101111110111110000001111111111101111111111111001001111101111111111110010011100011111110111111001111110011110000111111111111101
11101111110111110000011111111111101111111111111000001111101111111111110010011100001111111111111011111100011110001111111111111001
11101111110111110000011111111111101111111111111000001111101111111111110000011100001111111111110011111000011110001111111111111001
11101111110111110000011111111111101111111111111000001111101111111111110000111100001111111111110011111000111110001111111111111001
11001111110111111000011111111111101111111111111000001111101111111111110000111100001111111111110011111000111110001111111111110011
11001111110111111000011111111111101111111111111000001111101111111111110000111100001111111111100011111000111110001111111111110011
11001111110111111000011111111111101111111111111000001111101111111111110000111100001111111111100011111000111110001111111111110011
11001111110111111000011111111111101111111111111000001111101111111111110000111100001111111111100011111000111110001111111111110011
11001111110111111000011111111111101111111111111000001111101111111111110000111100001111111111100011111000111110001111111111110011
11001111110111111000011111111111101111111111111000011111101111111111110000111100001111111111100011111000111110001111111111111011
11001111110111111000011111111111101111111111111100011111101111111111111000111100001111111111110011111000111110001111111111111111
11001111110111111000011111111111101111111111111100011111101111111111111000111100001111111111110011111000111110001111111111111111
11001111110111111000011111111111101111111111111100011111101111111111111000111100001111111111110111111000111111001111111111111111
11001111110111111000011111111111101111111111111100011111111111111111111000111100011111111111111111111001111111011111111111111111
11001111110111111000011111111111101111111111111100011111111111111111111000111100011111111111111111111001111111011111111111111111
11001111110111111000011111111111101111111111111100011111111111111111111000111110011111111111111111111101111111011111111111111111
11011111110111111000111111111111111111111111111100011111111111111111111001111111111111111111111111111111111111111111111111111111
11011111110111111000111111111111111111111111111100011111111111111111111001111111111111111111111111111111111111111111111111111111
11111111110111111100111111111111111111111111111100011111111111111111111111111111111111111111111111111111111111111111111111111111
11111111111111111100111111111111111111111111111100111111111111111111111111111111111111111111111111111111111111111111111111111111
11111111111111111100111111111111111111111111111100111111111111111111111111111111111111111111111111111111111111111111111111111111
11111111111111111100111111111111111111111111111110111111111111111111111111111111111111111111111111111111111111111111111111111111
11111111111111111100111111111111111111111111111111111111111111111111111111111111111111111111111111111111111111111111111111111111
11111111111111111100111111111111111111111111111111111111111111111111111111111111111111111111111111111111111111111111111111111111