11111111111111111111111111111111111111111111111111111111111111111111111111111111111111111011111111111111111111111111111111111111
11111111111111111111111111111111111111111111111111111111111111111111111111111111111111111011111111111111111111111111111111111111
11111111111111111111111111111111111111111111111111111111111111111111111111111111111111110011111111111011111101111111111111110001
11111111111111111111111111111111111111111111111111111111111111110011111111111111111111110011111111110001110001111111111111110001
11111111111111111111111111111111111111111111111111111111111111110011111111111111111111110011111111110001110001111111111111110001
11111111111111111111111111111111111111110111111111111111111111100011111011100001111111110001111011110001110001111101111111110001
11111111111111111111111111110111111101110011111111100001111111100001111011100001111111110001111011110001100001111101111111100000
11111111111111111111111111110111111001110011111111100001111111100001111011100001111111110001111011110001100001111101111111100000
11111111111111111111111111110011100001110011111111100001111111100001111011100001111111110001111011110001100001111101111111100000
11111111111111111111111111110011100001110011111111100001111111100001111011100001111111110001111011110001100001111101111111100000
11111111111111111111111111110011100001110011111111100001111111100001111011100001111111110001111011110001100001111101111111100000
11111111111111111111111111110011100001110011111111100001111111100001111011100001111111110001111011110001100001111101111111100000
11111111111111111111111111100011100001100011111111100001111111100001111011100001111111100001111011110001100001111001111111100000
11111111111111111111111111100011100001100011111111100001111111100001110011100001111111100001111011110001100001111001111111100000
11111111111111111111111111100011100001100011111111100001111111100001110011100001111111100001111011110001110001111011111111100000
11111110011111111111111111100001100001100011111111100001111111100001110011100001111111100101111011110101110001111011111111110000
11111110011100111111111111101101100001101001111111100001111111100001110011110001111111101101111011110101111001111011111111110000
10011110011100011111111111101101100001101001111111100001111111100001110011110001111111101101111011110101111001111011111111110000
10011110011100011111111111101101111001101001111111111001111111111001110011111001111111101101111011110101111001111011111111111000
10011110011100011101101111101101111101101101111111111101111111111001110011111001111111101101111011110101111101111011111111111100
10011110011100011101101111101101111101101101111111111101111111111001110011111001111111101101111011100101111101111011111111111100
10011110011100011101101111101101111101101101111111111101111111111001110011111001111111101101111011100101111101111011111111111100
10011110011100011101101111101101111101101101111111111101111111111001110011111001111111101101111011101101111101111011111111111101
10011110011100011101101111101101111101101101111111111101111111111001110011111001111111101101111011101101111101111011111111111101
10011110011100011101101111101101111101101101111111111101111111111001110011111001111111101101111011101101111101111011111111111101
10011110011100011101101111101101111101101101111111111101111111111001110011111001111111101101111111101101111101111011111111111101
10011101111100001101101111101101111101101101111111111101111111111011110011111001111111101111111111101101111101111011111111111101
10011101111100001101101111101101111101101101111111111101111111111011110011111001111111101111111111101101111101111011111111111101
10111101111101001101101111101101111101101101111111111101111111111011110011111011111111101111111111101101111101111011111111111101
10111101111101101101101111111101111101101101111111111101111111111011110011111011111111101110110111101101111101111011111111111101
10111101111101101101101111111101111101101101111111111101111111111011101011111011111111101110110111101101111101111011111111111101
10111101101101101101101111111101111101101101111111111101111111111011101011111011111111101110110111101101111101110011111111111101
11111101111101101101101111111101111101101101111111111101111111111011101011111011111111101110110111101101111101110011111111111101
11111101111101101101101111111101111101101101111111111101111111111011101011111011111111101110110111101101111101110011111111111101
11111101111101101101101111111101111101101101111111111101111111111011101011111011111111101110110111101101111001110011111111111101
11111101111101101101101111111101111111101101111111111111111111111011101011111011111111101110110111111101111001110111111111111101
11111101111111101101101111111101111111101101111111111111111111111011101011111011111111101110110111110101111001110111111111111001
11111101111111101101101111111101111111101101111111111111111111111011101011111011111111101110110111110101111001110111111111111001
11111101111111101101101111111101111011101101111111111111111111111011101011111011111111101110110111110101111001110111111111111001
11111101111111101101101111111101111011101101111111111111111111111011101011111011111111101110110111110101111011110111111111111001
11111101111111101101101111111101111011101101111111111011111111111011111011111011111111101110110111110101111011110111111111111001
11111101111111101101101111111101111011101101111111111011111111111011111011111011111111101110110111110101111011110111111111111001
11111101111111101101101111111101111011101101111111111011111111111011111011111011111111101110110111110101111011110111111111111001
11111101111111101101101111111101111011101101111111111011111111110011111011111011111111101110110111110101111011110011111111111011
11111101111111101101101111111101111011101101111111111011111111110011111011110011111111101110110111110101111011110011111111111011
11111101111111101101101111111101111011101011111111111011111111110011111011110011111111101110110111110101111011110011111111111011
11111101111111101101101111111101111011101011111111111011111111110011111011110011111111101110110111110001111011110011111111111011
11111101111111101101101111111101111011101011111111111011111111110011111011110011111111101110110111110001111011110011111111111011
11111101111111101101101111111101111011101011111111111011111111110011111011110011111111101110110111110001111011110011111111111011
11111101111111101101101111111101111011101011111111111011111111110011111011110011111111101110110111110001111011110011111111111011
11111101111111101101101111111101111011100011111111111011111111110011111011110011111111101110110111110001111011110001111111111011
11111101111111101100101111111101111011100011111111111011111111110011111011110011111111101110110111110001111011110001111111111001
11111101111111101100101111111101111011100011111111111011111111110011111011110011111111101110110111110001111011110001111111111001
11111101111111101100101111111101111011110011111111111011111111110011111011110011111111101110110111110001111011110001111111111001
11111101111111101100101111111101111011110011111111111011111111110011111011110011111111101110110111110001111011110001111011111001
11111101111111101100101111101101111011110011111111111011111111110011111011110011110001101110110111110001111001110001110001111001
11111101111111101110101111101101111011110011111111111011111111110011111011110011110001101110110111110001111001110001110001111001
11111111111111101110101111101101111111110011111111111111111111110011111011110011100001101110110111110001111001100001110000111001
11111110111111101110101111101101111111110011100001111111100001110011111011110011100001101110110111110001111001100001110000111001
11111110111111101110101111101101111111110011100001111111100001110011111011110011100001101110110111110001111001100001110000111001
11111110111101101110101111101101111111110011100001110111100001110011111011110011100001101110110111110001111001100001100000111001
11111110111101101110101111101101110111110011100001110111100001110011111011110001100001101110110101110001111001100001100000111001
11111110111101101110101111101101110111100011100001110111100001110011111011110001100001101110110101110001111001100000100000111001
11111110111101101110101111101101110111100011100001110111100001110011111011111001100001101110110101110001111001100100100000111001
11111110111101001110101111101101110111100011100001110111100001110001111011111001100001101110101101110001111101100100100000111001
11111110111101001110101111101101110111100011100001110111100001110001111011111001100001101110101101110001111101100100100000111001
11111110111101001110101111101101110111100011100001110111100001111001111011111001100001101110101101110001111101100100100000111101
11111110111100001110101111101101110111100011100001110111100001111001111011111101100001101110101101110101111101100110100000111100
11111110011100001110101111101001110111101011100001110111100001111101111011111101100001101110101101110101111101101110100000111100
11111110011100001110101111100001110111101011100001110111100001111101111011111101100001101110101101110101111101101110100000111100
11111111011100001110101111100001110111101011100001110111100001111101111011111101100001101110101101110101111101101110110000111100
11111111011101001110101111100001110111101101100001110111100001111101111011111101100001101110101101110101111100101110110000111110
11111111011101001110101111100001110111101101100001110111100001111101111011111101100001101110101101100101111100101110110000111110
11111111011101001110101111110001110111101101100001110111100001111101111011111101111101101110101101100101111110101110110000111110
11111111011101001110101111110001110111101101111111110111111111111101111011111101111111101110101101100110111110101110111111111110
11111111011101101110101111110001110111101101111111110111111111111101111011111101111111101110101101100110111110101110111111111110
11111111011101101111101111110001110111101101111111110111111111111101111011111101111111101110101101100110111110101110111111111110
11111111011101101111101111110001110111101101111111110111111111111101111011111101111111101110101101101110111110101110111111111110
11111111111101101111101111110001110111101101111111110111111111111101111011111101111111101110101101101110111110101110111111111110
11111111111101101111101111110001110111101101111111110111111111111101111011111101111111101110101101101110111110101110111111111110
11111111111101101111101111111011110111101101111111110111111111111101111011111101111111101110101101101110111110101110111111111110
11111111111111101111101111111011110111101101111111110111111111111101111011111101111111101110101101101110111110101110111111111110
11111111101111101111101111111011110111111101111111110111111111111101111011111101111111101110101101101110111110101110111111111110
11111111101111101111101111111011110111111101111111110111111111111101111011111101111111101110100001101110111110101110111111111110
11111111101111101111101111111011110111111101111111110111111111111101111011111101111111101110100001101110111110101110111111111110
11111111101111101111001111111011110111111101111111110111111111111101111011111101111111101110100001101110111110101110111111111110
11111111101111101111001111111011110111111101111111110111111111111101111011111101111111101110100000101110111110101110111111111110
11111111101111101111001111111011110111111101111111110111111111111101111011111101111111101110100000101110111110101110111111111110
11111111101111101111001111111011110111111101111111110111111111111101111011111101111111101110100000101110111110101110111111111110
11111111101111101111001111111011110111111101111111110111111111111101111011111101111111101110100000101110111110101110111111111110
11111111101111101111001111111011110111111101111111110111111111111101111011111101111111101110100000101110111110101110111111111110
11111111101111101111001111111011110111111101111111110111111111111101111011111101111111101110100000101110111110101110111111111110
11111111101111101111001111111011110111011101111111110111111111111101111011111101111111101110100000101110111110101110111111111110
11111111101111101111001111111011110111011101111111110111111111111101111011111101111111101110100000101110111110101110111111111110
11111111101111101111001111111011111111011101111111111111111111111101111011111101111111101110100000101110111110101110111111111110
11111111101111101111001111111011111111011101111111111111111111111101111011111101111111101110100000101110111110101110111111111110
11111111101111101111001111111011111111011101111111111111111111111101111011111101111111101110100000101110111110101110111111111110
11111111101111101111001111111011111111011101111111111111111111111101111011111101111111101110110000101110111110101110111111111110
11111111101111101111001111111011111111111101111111111111111111111101111011111101111111101110110001101110111110101110111111111110
11111111101111101111001111111011111111111101111111111111111111111101111011111101111111101110111001101110111110101110111111111110
11111111101111101111001111111011111111111101111111111111111111111101111011111101111111101110111001101110111110101110111111111110
11111111101111101111001111111011111111111101111111111111111111111101111011111101111111101110111101101110111110101110111111111110
11111111101111101111001111111011111111111101111111111111111111111101111011111101111111101111111101101110111110101110111111111110
11111101101111101111001111111011111111111101111111111111111111111101111011111101111111101101111101101110111110101110111111111110
11111101101111101111001111111011111111111101111111111111111111111101111011111101111111101101111101101110111100101110111111111110
11111101101111101111001111111111111111111101111111111111111111111101111011111101111111101101111101101110111100101110111111111110
11111101101111101111001111111111111111101101111111111111111111111101111011111101111111101101111101101110111101100110111111111110
10111101101111101111001111111111111111101101111111111111111111111101111011111101111111101101111101101110111101100110111111111110
10111101101111101111001111111111111111101101111111111111111111111101111011111101111111101101111101101110111101110110111111111110
10111101101111101111001111110111111111101101111111111111111111111101111011111101111111101101111101100110111101110100111111111100
10111101101111101111001111110111111111101101111111111111111111111101111011111101111111100101111101100100111101110100111111111100
10111101101111101111001111110111111111101101111111111111111111111101111011111101111111100101111101100100111101110100111111111100
10111101101101101111101111110111111111101101111111111111111111111001111011101101111111100101111101110100101101110100111111111100
10111101011101101111101111110111111111101101111111111111111111101001111011101001111111100001111101110001100001110001111111110101
10011101011101001111101111110111111111101001111111111111111111101001111011100001111111100001111101110001100001110001111111110001
10011101011101001111101111110111111111101001111111111111111111101011111011100001111111110001111101110001100001110001111111110001
10011100011101001111101111110111111111101001111111111111111111100011111011100001111111110001111101110001100001110001111111110001
10011110011100001111101111110111111111100001111111111111111111100011111011100001111111110001111101110001100001110001111111110001
10011110011100001111101111110111111111100001111111111111111111100011111011100011111111110001111101110001100001110001111111110001
10011110011100011111101111110111111111100011111111111111111111100011111011100011111111110001111101110001110001110001111111110001
10011110011100011111101111110111111111100011111111111111111111100011111011100011111111110001111101110001110001110001111111110001
10011110011100011111101111110111111111100011111111111111111111100011111011100011111111110001111101110001110001110001111111110001
10011110011100011111101111110111111111100011111111111111111111100011111011100011111111110001111101110001110001110001111111110001
10011110011100011111111111111111111111110011111111111111111111100011111011100011111111110001111101111001110011111001111111110001
10011110011100011111111111111111111111110011111111111111111111100011111011100011111111110001111101111001110011111001111111110001
11111110111100011111111111111111111111110011111111111111111111100011111011110011111111111011111101111011110011111011111111110001
11111111111110111111111111111111111111110011111111111111111111110111111111110111111111111111111111111011110011111011111111111011
11111111111110111111111111111111111111110011111111111111111111110111111111110111111111111111111111111011110011111011111111111011