11111110111111111111111111111111111111111111111111111111111111111111111111111111111111111111111111111111111111111111111111111111
11111110111111111111111111111111111111111111111111111111111111111111111111111111111111111111111111111111111111111111111111111111
10101110011111111111111111111111111111111111111111111111111111111111111111111111111111111111111111111111111111111111111111111111
10001110011101111011111111111111111111111111111111111111111111111111111111111111111111111111111111111111111111111111111111111111
10001100011100111011011111111111111111111111111111111111111111111111111111111111111111111111111111111111111111111111111111111111
10001100011100111011011111111111111111111111111111111111111111111111111111111111111111111111111111111111111111111111111111111111
10000100011100111011011111111111111011111101111111111111111111111111111111111111111111111111111111111111111111111111111111111111
10000100011000111011011111111101111011111001111111111111111111111111111111111111111111111111111111111111111111111111111111111111
10000100011000111011011111111101111000111001111111111001111111111111111111111111111111111111111111111111111111111111111111111111
10000100011000111011011111111101111000111001111111111001111111111111111111111111111111111111111111111111111111111111111111111111
10000100011000011011011111111100110000111001111111111000111111111100011101111111111111111101111111111111111011111111111111111111
10000100011000011011011111111100110000111001111111111000011111111100011100111111111111111100111101111011111001111111111111111111
10000100011000011011011111111100110000111001111111111000011111111100011000111110111111111100111101111001111001111111111111111111
10000100011000011011011111111100110000111001111111111000011111111100011000111110111111111100111101111001111001111111111111111111
10000100011000011011011111111000110000011001111111111000011111111100011000011110111111111100111001111001111001111111111111111111
10000100011000011011011111111000110000011001111111111000011111111100011000011100111111111000111001111001111001111111111111111111
10000100001000011011011111111000110000011000111111111000011111111100001000011100111111111000111000111001110001111011111111111111
10000100001000011011001111111000110000010000111111111000011111111000001000011100111111111000011000111001110001111011111111111111
10000100001000011011001111111000110000010000111111111000011111111100001000011100111111111000011000111001110001111011111111111111
10000100001000011011001111111000110000010000111111111000011111111100001000011100111111111000011000111001110001111011111111111111
10000100001000011001001111111000110000010000111111111000011111111100001000011100111111111000011000111000110001111011111111111111
10000100001000001001001111111000110000010000111111111000011111111100001000011100111111111000011000110000110001111011111111111011
10000100001000001001001111111000110000010000111111111000011111111100011000011100111111111000011000110000110001111011111111111011
10001100001000001001001111111000010000010000111111111000011111111100011000011100111111111000011000110000110001111011111111111011
10001100001000001001001111111000010000010000111111111000011111111100011000011100111111111000011000110000110001111011111111111011
10001000001000001001001111111000010000010000111111111000011111111100011000011100111111111000011000110000110001111011111111111011
10001000001000001001001111111000011000010000111111111000011111111100011000011100111111111000011000110000110101111011111111111011
10001000001000001001001111111000011110010100111111111110011111111100011000011100111111111010011000110000110101111011111111111011
10001000001001001001001111111010011110010110111111111110011111111110011011011100111111111011011000110000110101111011111111111011
10001000001001001001001111111010011110010110111111111110011111111110011011011100111111111011011000110000110101111011111111111011
11001001001011001001001111111010011110010110111111111110011111111110011011011100111111111011011000110000110101111011111111111011
11001001001011001001001111111010011110010110111111111110011111111110011011011100111111111011011000110000110100111011111111111011
11001001001011001001001111111011011110010110111111111110011111111110011011011100111111111011011010110100110100111011111111111011
11001001001011001001001111111011011110110110111111111110011111111110011011011100111111111011011010011100110100110011111111111011
11001001001011001001001111111011011110110110111111111110011111111110011011011100111111111011011010011100110100110011111111111011
11001001101011001001001111111011011110110110111111111110011111111110011011011100111111111011011010011110110100110011111111111011
11001001101011001001001111110011011110110110111111111110011111111110011011011100111111111011011010011110110100110011111111111011
11001001111011001001001111110011011110110110111111111110011111111110011011011100111111111011011010011110110110110111111111111011
11001001111011001001001111110011011110110110111111111110011111111110011011011100111111111011011010011110110110110111111111110011
11001001111011001001001111110011011110110110111111111110011111111110011011011100111111111011011011011110110110110111111111110011
11001001111011001001001111110011011110110110111111111110011111111110011011011100111111111011011011011110110110110111111111110011
11001001111011001001001111110011011110110110111111111110111111111110011011011100111111111011010111011110110110110111111111110011
11001001111011001001001111110011011100110110111111111110111111111110011011011100111111111011010111011110110110110111111111110011
11001001111011001001001111110011011100110110111111111110111111111110011011011100111111111011010111011110110110110111111111110011
11001000111011001001001111110011011100110110111111111110111111111110011011011100111111111011010111011110110110110111111111110011
11001000111011001001001111110011011100110110111111111110111111111110011011011100111111111011010111011110110100110111111111110011
11001000111011001001001111110011011100110000111111111110111111111110011011011100111111111011010111011110110100110111111111110011
11011100111011001001001111110011011100110000111111111110111111111110011011011100111111111011010111011110110100110111111111110011
11011100111011001001001111110011011100110000111111111110111111111110011011011110111111111011010111011110110100110111111111110011
11011100111000001001001111110011011100110000111111111110111111111110011011011110111111111011010111011110110101110011111111110011
11011100111000001000001111110011011100110000111111111100111111111110011011011110111111111011010111011110110101110011111111110011
11011100111000001000001111110011011100110000111001111100111110111110011011011110111111111011010111011110110001110011111111110011
11011100111000001000001111110011011101110000111001111100111110111110011011011110111111111011010111011110110001110011111111110011
11011100011000001000001111111011011101110000111000111100111100111110011011011110111001111011010111011110110001110011111111110011
11011100011000001000001111111011011101110000110000111100111100011110011011011110111001111011010111011110110001110011111111110011
11011100011000001000001111111011011101110000110000111100111000011110011011011110111001111011010111011100110001110011111111110011
11011100011000001000001111111011011101110000110000111100111000011110011011011110111001111011010111011100110001110011111111110011
11011100011000001000001111111011011101110000110000111100111000011110011011011110111001111011010011011100110001110011111111110011
11011100011000001000001111111011011101110000110000111100111000011110011011011110110001111011010011011100110001110011110001110011
11011100011000001000001111111010011101110000110000111100111000011110011011011110110000111011010011011100110001100011110001110001
11011100011000001000001111111010011101110000110000111100111000011110011011011110110000111011010011011100110001100011110001110001
11011100011000001000001111111010011101110000110000111101111000011110011011011110110000111011010011011100110001100001110001110001
11011100011000001000001111111010011101110000110000111101111000011110011011011110110000111011010010011100110001100001110001110001
11001100011000001000001111111000011101110000110000111101111000011110011011011110110000111011010010011100110001100001110001110001
11001100011000001000001111111000011101110000110000111101111000011110011011011110110000111011010010011100110001100001110001110001
11001100011000001000001111111000011101110000110000111101111000011110011011011110110000111011010010011100110001100001110001110001
11001100011000001010001111111000011101110000110000111101111000011110011011011110110000111011011010011100110001100001110001110001
11001110011000001010001111111000011101110000110000111101111000011110011011011110110000111011011010011101110001100001110001110001
11001110011000001010001111111000011001110000110000111101111000011110011011011110110000111011011000011101110001100001110001110001
11001110011000001010001111111000011001110000110000111101111000011111011011011110110000111011011000011101110001100001110001110001
11001110001000001010001111111000011001110000111000111101111000011111011011011110110000111011011000011101110001100001110001110001
11001110001000001010001111111000011001110000111000111101111100011111011011011110110000111011011000011001110001100001110001110001
11001110001000001010001111111000011001110000111000111101111100011111011011011110110000111011011000011001110001100001110001110000
11001110001000001010001111111000011001110000111101111101111100011111011011011110111001111011011000011001110001100001110001110100
11001110001001001010001111111000011001110000111111111101111111111111011011011110111111111011011000011001110000100101110011110100
11001110001001001010001111111000011001110010111111111101111111111111001011011110111111111011011000011001110000100101111111100100
11001110001001001010001111111000011001110010111111111101111111111111001011011110111111111011011000011001110000100101111111100100
11001111001011001010001111111000011001110010111111111101111111111111001011011110111111111011011000011001110100100101111111100100
11001111001011001010001111111100011001110110111111111101111111111111001011011110111111111011011000011001110100100101111111100100
11001111001011000010001111111100011001110110111111111101111111111111001011011110111111111011011000111001110100101101111111100100
11001111001011000010001111111100011011110110111111111101111111111111001011011110111111111011011000111001110100101101111111100100
11001111001011000010001111111100011011110110111111111101111111111111001011011110111111111011011000111001110100101101111111100100
11001111001011000010001111111100011011110110111111111101111111111111001011011110111111111011011000111001110100101101111111100100
11001111001011000010001111111100011011110110111111111101111111111111001011011110111111111011011000111011110110101101111111100110
11001111001011000010001111111100011011110110111111111101111111111111001011011110111111111011011100111011110110101101111111100110
11001111001011000010001111111100011011110110111111111101111111111111001011011110111111111011011100111011110110101101111111100110
11001111001011000010001111111100011011110110111111111101111111111111001011011110111111111011011100111011110110101101111111100110
11001011001011000010001111111100111011110110111111111101111111111111001011011110111111111011011100111011110110101101111111100110
11001001001011001010001111111100111011110110111111111101111111111111001011011110111111111011011100111011100110101101111111100110
11001001001011001010001111111100111011110110111111111101111111111111001011011110111111111011011100110011100110101101111111100110
11001001001011001010001111111100111011110110111111111101111111111111001011011110111111111011011110110011100110101101111111100110
11001001001011001010001111111110111011110110111111111101111111111111001011011110111111111011011110110011100110101101111111100110
11001001001011001010001111111110111011110110111111111101111111111111001011011110111111111011011110110011100110101101111111100110
11001001001011001010001111111110111011110110111111111101111111111111001011011110111111111011011110110011100110101101111111100110
11001001001011001010001111111110111011110110111111111101111111111111001011011110111111111011011110110011100110101101111111100110
11001001001011001010001111111110111011110110111111111101111111111111001011011110111111111011011110110011100110101101111111100110
11001001001011001010001111111110111011110110111111111101111111111111001011011110111111111011011110110011100110101101111111100110
11001001001011001010001111111110111011110110111111111101111111111111001011011110111111111011011110110011100110101101111111100110
11001001001011001010001111111110111011110110111111111101111111111111001011011110111111111011011110110011100110101101111111100110
11001001001011001010001111111110111011110110111111111111111111111111001011011110111111111011011110110011100110101101111111100110
10001001001011001010001111111100111011110110111111111111111111111111001011011110111111111011011110110011100110101101111111100110
10001001001010001010001111111100111011110110111111111111111111111111001011011110111111111011011110110011100110101101111111100110
10001001001000001010001111111100111011110110111111111111111111111111001011011110111111111011011110110011100110101101111111100110
10001001001000001011001111111100111011110110111111111111111111111111001011011110111111111011011110110111100110101101111111100110
10001000001000001011001111111100111011110110111111111111111111111111001011011110111111111011011110110111100110101101111111100110
10000000001000001011011111111100111011110110111111111111111111111111001011011110111111111011011100110111100110101101111111100110
10000000001000001011011111111100111011110010111111111111111111111111001011011110111111111011011100110111100110100101111111100110
10000000001000001011011111111100111011110010111111111111111111111111001011011110111111111011011100110111110110100101111111110110
10000000001000001011011111111100111011110010111111111111111111111111011010011110111111111011011100110011110110100101111111110100
10000000001000001011011111111100111011110010111111111111111111111111011000011110111111111011011101110011110110100101111111110100
10000000001000001011011111111100111011110000111111111111111111111100011000011110111111111011011101110011110100100101111111110100
10000100011000011011011111111100111011110000111111111111111111111100011000011110111111111011011101110011110100100101111111110100
10000100011000011011011111111100111011110000111111111111111111111100011000011110111111111000011101110011110100100001111111110100
10000100011000011011011111111101111011110000111111111111111111111100011000011110111111111000011101110000110000100001111111110000
10000100011000011111011111111101111011110000111111111111111111111100011000011110111111111000011101110000110001110001111111110000
10000100011000011111011111111101111011110000111111111111111111111100011000011110111111111000011101110000110001110001111111110000
10001100011000011111011111111101111011110000111111111111111111111100011000011110111111111000011101110000110001110001111111110000
10001100011000011111011111111101111011110000111111111111111111111100011000011110111111111000011101110000110001110001111111110001
10001100011000011111111111111101111011110001111111111111111111111100011000011110111111111000011101110000110001110001111111110001
10001100011100011111111111111101111011110001111111111111111111111100011000011110111111111000011101110000110001110001111111110001
10001100011100111111111111111101111011111001111111111111111111111100011000011110111111111100011101110000110001110001111111110001
10001100011110111111111111111101111011111001111111111111111111111100011000111110111111111100011101110000110001110001111111110001
11101100011111111111111111111101111111111001111111111111111111111100011100111110111111111100011101110000110001110001111111110001
11101100011111111111111111111101111111111001111111111111111111111100011100111110111111111100011101110000110001110001111111110001
11101100011111111111111111111111111111111001111111111111111111111100111100111111111111111100011101111000110001111011111111111001
11111110111111111111111111111111111111111001111111111111111111111110111100111111111111111100111111111011110011111111111111111011
11111110111111111111111111111111111111111111111111111111111111111111111111111111111111111110111111111111111111111111111111111011
11111110111111111111111111111111111111111111111111111111111111111111111111111111111111111110111111111111111111111111111111111011