11111111111111111111111111111111111111111111111111111111111111111111111111111111111111111111111111111111111111111111111111111111
11111111111111111111111111111111111111111111111111111111111111111111111111111111111111111111111111111111111111111111111111111111
11111111111111111111111111111111111111111111111111111111111111111111111111111111111111111111111111111111111111111111111111111111
11111111111111111111111111111111111111111111111111111111111111111111111111111111111111111111111111111111111111111111111111111111
11111111111111111111111111111111111111111111111111111111111111111111111111111111111111111111111111111111111111111111111111111111
11111111111111111111111111111111111111111111111111111111111111111111111111111111111111111111111111111111111111111111111111111111
11111111111111111111111111111111111111111111111111111111111111111111111111111111111111111111111111111111111111111111111111111111
11111111111111111111111111111111111111111111111111111111111111111111111111111111111111111111111111111111111111111111111111111111
11111111111111111111111111111111111111111111111111111111111111111111111111111111111111111111111111111111111111111111111111111111
11111111111111111111111111111111111111111111111111111111111111111111111111111111111111111111111111111111111111111111111111111111
11111111111111111111111111111111111111111111111111111111111111111111111111111111111111111111111111111111111111111111111111111111
11111111111111111111111111111111111111111111111111111111111111111111111111111111111111111111111111111111111111111111111111111111
11111111111111111111111111111111111111111111111111111111111111111111111111111111111111111111111111111111111111111111111111111111
11111111111111111111111111111111111111111111111111111111111111111111111111111111111111111111111111111111111111111111111111111111
11111111111111111111111111111111111111111111111111111111111111111111111111111111111111111111111111111111111111111111111111111111
11111111111111111111111111111111111111111111111111111111111111111111111111111111111111111111111111111111111111111111111111111111
11111111111111111111111111111111111111111111111111111111111111111111111111111111111111111111111111111111111111111111111111111111
11111111111111111111111111111111111111111111111111111111111111111111111111111111111111111111111111111111111111111111111111111111
11111111111111111111111111110110111111111111111011101101111111111101011101111111111111111001111111111111111111111111111111111111
11111111111111111111111111110110111111111111111011101101110111111101011101111111111111111001111111111111111111111111111111111111
11111111111111111111111111110110111111111111111011101101110111111101011101111111111111111001111111111111111111111111111111111111
11111111111111111111111111110110111111111111111011101101110111111101011101111111111111111001111111111111111111111111111111111111
11111111111111111111111111110110111111111111111011101101110111111101011101111111111111111001111111111111111111111111111111111111
11111111111111111111111111110110111111111111111011101101111111111101011101111111111111111001111111111111111111111111111111111111
11111111111111111111111111110110111111111111111011101101110111111101011101111111111111111001111111111111111111111111111111111111
11111111111111111111111111110110111111111111111011101101110111111101011101111111111111111001111111111111111111111111111111111111
11111111111111111111111111110110111111111111111011101101110111111101011101111111111111111001111111111111111111111111111111111111
11111111111111111111111111110110111111111111111011101101110111111101011101111111111111111001111111111111111111111111111111111111
11111111111111111111111111110110111111111111111011101101110111111101011101111111111111111001111111111111111111111111111111111111
11111111111111111111111111110110111111111111111011101101110111111101011101111111111111111001111111111111111111111111111111111111
11111111111111111111111111110110111111111111111011101101110111111101011101111111111111111001111111111111111111111111111111111111
11111111111111111111111111110110111111111111111011101101110111111101011101111111111111111001111111111111111111111111111111111111
11111111111111111111111111110110111111111111111011101101110111111101011101111111111111111001111111111111111111111111111111111111
11111111111111111111111111110110111111111111111011101101110111111101011101111111111111111001111111111111111111111111111111111111
11111111111111111111111111110110111111111111111011101101110111111101011101111111111111111001111111111111111111111111111111111111
11111111111111111111111111110110111111111111111011101101110111111101011101111111111111111001111111111111111111111111111111111111
11111111111111111111111111110110111111111111111011101101110111111101011101111111111111111001111111111111111111111111111111111111
11111111111111111111111111110110111111111111111011101101110111111101011101111111111111111001111111111111111111111111111111111111
11111111111111111111111111110110111111111111111011101101110111111101011101111111111111111001111111111111111111111111111111111111
11111111111111111111111111110110111111111111111011101101110111111101011101111111111111111001111111111111111111111111111111111111
11111111111111111111111111110110111111111111111011101101110111111101011101111111111111111001111111111111111111111111111111111111
11111111111111111111111111110110111111111111111011101101110111111101011101111111111111111001111111111111111111111111111111111111
11111111111111111111111111110110111111111111111011101101110111111101011101111111111111111001111111111111111111111111111111111111
11111111111111111111111111110110111111111111111011101101110111111101011101111111111111111001111111111111111111111111111111111111
11111111111111111111111111110110111111111111111011101101110111111101011101111111111111111001111111111111111111111111111111111111
11111111111111111111111111110110111111111111111011101101110111111101011101111111111111111001111111111111111111111111111111111111
11111111111111111111111111110110111111111111111011101101110111111101011101111111111111111001111111111111111111111111111111111111
11111111111111111111111111110110111111111111111011101101110111111101011101111111111111111001111111111111111111111111111111111111
11111111111111111111111111110110111111111111111011101101110111111101011101111111111111111001111111111111111111111111111111111111
11111111111111111111111111110110111111111111111011101101110111111101011101111111111111111001111111111111111111111111111111111111
11111111111111111111111111110110111111111111111011101101110111111101011101111111111111111001111111111111111111111111111111111111
11111111111111111111111111110110111111111111111011101101110111111101011101111111111111111001111111111111111111111111111111111111
11111111111111111111111111110110111111111111111011101101110111111101011101111111111111111001111111111111111111111111111111111111
11111111111111111111111111110110111111111111111011101101110111111101011101111111111111111001111111111111111111111111111111111111
11111111111111111111111111110110111111111111111011101101110111111101011101111111111111111001111111111111111111111111111111111111
11111111111111111111111111110110111111111111111011101101110111111101011101111111111111111001111111111111111111111111111111111111
11111111111111111111111111110110111111111111111011101101110111111101011101111111111111111001111111111111111111111111111111111111
11111111111111111111111111110110111111111111111011101101110111111101011101111111111111111001111111111111111111111111111111111111
11111111111111111111111111110110111111111111111011101101110111111101011101111111111111111001111111111111111111111111111111111111
11111111111111111111111111110110111111111111111011101101110111111101011101111111111111111001111111111111111111111111111111111111
11111111111111111111111111110110111111111111111011101101110111111101011101111111111111111001111111111111111111111111111111111111
11111111111111111111111111110110111111111111111011101101110111111101011101111111111111111001111111111111111111111111111111111111
11111111111111111111111111110110111111111111111011101101110111111101011101111111111111111001111111111111111111111111111111111111
11111111111111111111111111110110111111111111111011101101110111111101011101111111111111111001111111111111111111111111111111111111
11111111111111111111111111110110111111111111111011101101110111111101011101111111111111111001111111111111111111111111111111111111
11111111111111111111111111110110111111111111111011101101110111111101011101111111111111111001111111111111111111111111111111111111
11111111111111111111111111110110111111111111111011101101110111111101011101111111111111111001111111111111111111111111111111111111
11111111111111111111111111110110111111111111111111101101110111111101011101111111111111111001111111111111111111111111111111111111
11111111111111111111111111110110111111111111111011101101110111111101011101111111111111111001111111111111111111111111111111111111
11111111111111111111111111110110111111111111111111101101110111111101011101111111111111111001111111111111111111111111111111111111
11111111111111111111111111110110111111111111111111101101110111111101011101111111111111111001111111111111111111111111111111111111
11111111111111111111111111110110111111111111111011101101110111111101011101111111111111111001111111111111111111111111111111111111
11111111111111111111111111110110111111111111111111101101110111111101011101111111111111111001111111111111111111111111111111111111
11111111111111111111111111110110111111111111111111101101110111111101011101111111111111111001111111111111111111111111111111111111
11111111111111111111111111110110111111111111111111101101110111111101011101111111111111111001111111111111111111111111111111111111
11111111111111111111111111110110111111111111111111101101110111111101011101111111111111111001111111111111111111111111111111111111
11111111111111111111111111110110111111111111111111101101110111111101011101111111111111111001111111111111111111111111111111111111
11111111111111111111111111110110111111111111111111101101110111111101011101111111111111111001111111111111111111111111111111111111
11111111111111111111111111110110111111111111111111101101110111111101011101111111111111111001111111111111111111111111111111111111
11111111111111111111111111110110111111111111111111101101110111111101011101111111111111111001111111111111111111111111111111111111
11111111111111111111111111110110111111111111111111101101110111111101011101111111111111111001111111111111111111111111111111111111
11111111111111111111111111110110111111111111111111101101110111111101011101111111111111111001111111111111111111111111111111111111
11111111111111111111111111110110111111111111111111101101110111111101011101111111111111111001111111111111111111111111111111111111
11111111111111111111111111110110111111111111111111101101110111111101011101111111111111111001111111111111111111111111111111111111
11111111111111111111111111110110111111111111111111101101110111111101011101111111111111111001111111111111111111111111111111111111
11111111111111111111111111110110111111111111111111101101110111111101011101111111111111111001111111111111111111111111111111111111
11111111111111111111111111110110111111111111111111101101110111111101011101111111111111111001111111111111111111111111111111111111
11111111111111111111111111110110111111111111111111101101110111111101011101111111111111111001111111111111111111111111111111111111
11111111111111111111111111110110111111111111111111101101110111111101011101111111111111111001111111111111111111111111111111111111
11111111111111111111111111110110111111111111111111101101110111111101011101111111111111111001111111111111111111111111111111111111
11111111111111111111111111110110111111111111111111101101110111111101011101111111111111111001111111111111111111111111111111111111
11111111111111111111111111110110111111111111111111101101110111111101011101111111111111111001111111111111111111111111111111111111
11111111111111111111111111110110111111111111111111101101110111111101011101111111111111111001111111111111111111111111111111111111
11111111111111111111111111110110111111111111111111101101110111111101011101111111111111111001111111111111111111111111111111111111
11111111111111111111111111110110111111111111111111101101110111111101011101111111111111111001111111111111111111111111111111111111
11111111111111111111111111110110111111111111111111101101110111111101011101111111111111111001111111111111111111111111111111111111
11111111111111111111111111110110111111111111111111101101110111111101011101111111111111111001111111111111111111111111111111111111
11111111111111111111111111110110111111111111111111101101110111111101011101111111111111111001111111111111111111111111111111111111
11111111111111111111111111110110111111111111111111101101110111111101011101111111111111111001111111111111111111111111111111111111
11111111111111111111111111110110111111111111111111101101110111111101011101111111111111111001111111111111111111111111111111111111
11111111111111111111111111110110111111111111111111101101110111111101011101111111111111111001111111111111111111111111111111111111
11111111111111111111111111110110111111111111111111101101110111111101011101111111111111111001111111111111111111111111111111111111
11111111111111111111111111110110111111111111111111101101110111111101011101111111111111111001111111111111111111111111111111111111
11111111111111111111111111110110111111111111111111101101110111111101011101111111111111111001111111111111111111111111111111111111
11111111111111111111111111110110111111111111111111101101110111111101011101111111111111111001111111111111111111111111111111111111
11111111111111111111111111110110111111111111111111101101110111111101011101111111111111111001111111111111111111111111111111111111
11111111111111111111111111110110111111111111111111101101110111111101011101111111111111111001111111111111111111111111111111111111
11111111111111111111111111110110111111111111111111101101110111111101011101111111111111111001111111111111111111111111111111111111
11111111111111111111111111111111111111111111111111101101110111111101011101111111111111111001111111111111111111111111111111111111
11111111111111111111111111111111111111111111111111111111111111111111111111111111111111111111111111111111111111111111111111111111
11111111111111111111111111111111111111111111111111111111111111111111111111111111111111111111111111111111111111111111111111111111
11111111111111111111111111111111111111111111111111111111111111111111111111111111111111111111111111111111111111111111111111111111
11111111111111111111111111111111111111111111111111111111111111111111111111111111111111111111111111111111111111111111111111111111
11111111111111111111111111111111111111111111111111111111111111111111111111111111111111111111111111111111111111111111111111111111
11111111111111111111111111111111110111111111111111111111111111111111111111111111111111111111111111111111111111111111111111111111
11111111111111111111111111111111111111111111111111111111111111111111111111111111111111111111111111111111111111111111111111111111
11111111111111111111111111111111111111111111111111111111111111111111111111111111111111111111111111111111111111111111111111111111
11111111111111111111111111111111111111111111111111111111111111111111111111111111111111111111111111111111111111111111111111111111
11111111111111111111111111111111111111111111111111111111111111111111111111111111111111111111111111111111111111111111111111111111
11111111111111111111111111111111111111111111111111111111111111111111111111111111111111111111111111111111111111111111111111111111
11111111111111111111111111111111111111111111111111111111111111111111111111111111111111111111111111111111111111111111111111111111
11111111111111111111111111111111111111111111111111111111111111111111111111111111111111111111111111111111111111111111111111111111
11111111111111111111111111111111111111111111111111111111111111111111111111111111111111111111111111111111111111111111111111111111
11111111111111111111111111111111111111111111111111111111111111111111111111111111111111111111111111111111111111111111111111111111
11111111111111111111111111111111111111111111111111111111111111111111111111111111111111111111111111111111111111111111111111111111
11111111111111111111111111111111111111111111111111111111111111111111111111111111111111111111111111111111111111111111111111111111
11111111111111111111111111111111111111111111111111111111111111111111111111111111111111111111111111111111111111111111111111111111
11111111111111111111111111111111111111111111111111111111111111111111111111111111111111111111111111111111111111111111111111111111