11111111111111111111111111111111111111111111111111111111111111111111111111111111111111111111111111111111111111111111111111111111
11111111111111111111111111111111111111111111111111111111111111111111111111111111111111111111111111111111111111111111111111111011
11111111111111111111111111111111111111111111111111111111111111111111111111111111111111111111111111111111111110111110111111111111
11111111111111111111111111111111111111111111111111111111111111111111111111111111111111111111111111111111111111111111111111111111
11111111111111111111111111111111111111111111111111111111111111111111110111111111111111111111011111111111111111111111111111111111
11111111111111111111111111111111111111111111111111111111111111111111111111101111111111111111111111111110011111111110111111111111
11111111111111111111111111111111111111111111111111111111111111111111111111111111111111111111111111111111111111111111111111111111
11111111111111111111111111111111111111111111111111111111111111111111111111111111000111111111111111111111111111111111111111111111
11111111111111111011111111111111111111111111111111111111111111100011111111111111111111111111111111111111111111111111111111111111
11111111111111111111111011111111111111111111111011111111111111111111111111111111111111111111111111111111011111111111111111111111
11111111111111111111111011111111111111111111111111111111111111111111111111111111111111111111111111111111111111111111111111111111
11111111111111111000111111111111111101111111111111111111111111111111111111111111111111111111111111111111111111111111111111111111
11111111111111111111111110111111111111111111111111111111111111111111111111111111111111111111111111111111111111111111111111111111
11111111111111111111111111111111111111111111111111111111111111111111111111111111111111111111111111111111111111110001010111111111
11111111111111111010111111111111111111111111111111111111111111111111111111111111111111111111110011101011111110110000010111111111
11111111111111111111111111111111111111111111111111111111111111111111111111110111111011011111110001101011111110110000010111111111
11111111111111111111111111111111111111111111111111111111111110011111111001110111111011011111110001101011111010110000010111111111
11111111111111111111111111111111111111111111110110100111011110011111111001110111111011011111110001101011111010110000010111111111
11111111111111111111111110111101111111111011110110100111011110011111111001110111111011011111110001101011111010110000010111111111
11111111111111111111000110111101111111111111110110100111011110011111111001110111111011011111110001101011111010110000010111111111
11111111111111111111000110111101111111111111110110100111011110011111111001110111111011011111110001101011111010110000010111111111
11111111111111111101000110111101111110111111110110100111011110011111111001110111111011111111110001101011111010110000010111111111
11111111111111111101000110111101111110111111110110100111011110011111111001110111111011111111110001101011111010110000010111111111
11111111111111111101000110111111111110111111110010100111011111011111111001110111111011111111110001101011111010110000010111111111
11111111111111111101000110111111111110111111110010100111001111011111111001110111111011111111110001101011111010110000010111111111
11111111111111111101100110111111111110111111110010100111001110011111111001110111111011111111110001101011111010110000010111111111
11111111111111111101100110111111111110111111110010110111001111011111111001110111111011111111110001101011111010110000010111111111
11111111111111111101100110011111111110111111110010110111001111011111111001110111111011111111110001111011111010110000010111111111
11111111111111110101100110011111111110111111110010110111001111011111111001110111111011111111110001111011111010110000010111111111
11111111111111110101100110011111111110111111110011110111001111011111101001110111111011111111110001111011111010110000010111111111
11111111111111110101100110011111111110111111110011110111001111011111101001110111111111111111110001111011111010110000010111111111
11111111111111110101100110011111111110111111110011110111001111011111101001110111111111111111110001111011111010110000010111111111
11111111111111110101100110011111111110111111110011110111001111011111101001110111111111111111110001111111111010110000010111111111
11111111111111110101100110011111110110111111110011110111001111011111101001110111111111111111110001111111111010110000010111111111
11111111111111110111100110011111110110111111110011110111001111011111101001110111111111111111110001111111111010111000010111111111
11111111111111110111100110011111110110111111110011110111001111011111101001110110111111111111110001111111111010111001010111111111
11111111111111110111100110011111110111111111111011110111001111011111101101110010111111111111110001111111111010111001010111111111
11111111111111110111100010011111110111111111111011110111001111011111101101110010111111111111110001111111111010111000010111111111
11111111111111110111100010011111110111111111111011110111001111011110101101110010111111111111110001111111111010111000010111111111
11111111111111111111100010011111110111111111111011110111001111011110101101110010111111111111110001111111111010111000010111111111
11111111111111111111100011011111110111111111111011110111001111011110101101110010111111111111110001111111111010111000010111111111
11111111111111111111100011011111110111111111111011110111001111011110101101110010111111111111111001111111111010111000010111111111
11111111111111111111100011011110110111111111111011110011001111011110101101110010111111111111111001111111111010111000010111111111
11111111111111111111100011011110110111111101111011110011001111011110101101110010111111111111111001111111111010111000010111111111
11111111111111111111100011011110110111111101111011110011101111011110101101110010111111111111111001111111111010111000010111111111
11111111111111111111100011011110111111111101111011110011101111011110111101110010111111111111111001111111111010111000010111111111
11111111111111111111100011011110111111111101111011110011101111011110111101110010111111111111111001111111111010111000010111111111
11111111111111111111100011011110111111111101111011110011101111011010111101110010111111111101111001111111111010111000010111111111
11111111111111111111100011011110111111111101111011110011101111011010111101110010111111111101111001111111111010111000010111111111
11111111111111111111100011011110111111111101111011110011101111011010111101110010111111111101111001111111111010111000010111111111
11111111111111111111100011011110111111111101111011110011101111011010111101110010111111111101111001111111111010111000010111111111
11111111111111111110100011011110111111111101111011010011101111011010111101110010111111111101111001111111111010111000000111111111
11111111111111111110100011011110111111111101111011010011101111011010111101110010111111111101111001111111111010111001010111111111
11111111111111111110100011011110111111111111111011010011101111001010111101110010111111111101111001111111111010111000010111111111
11111111111111111110100011011110111111111111111011010011101111001010111101110010111111111101111001111111111000111000010111111111
11111111111111111110100011011110111111111111111011010011101111001011111101110010111111111101111001111111111000111000010111111111
11111111111111111110110011011110111111111111111011010011101111001111111101110010111111111101111001111111111010111000011111111111
11111111111111111010110011011111111111011111111011010011101111001111111101110010111111101101111001111111111010111000010111111111
11111111111111111010110011011111111111011111111011010011101111001111111101110010111111101101111001111111111010111000010111111111
11111111111111111010110011001111111111011111111011010011101111001111111101110010111111101101111001111111111000111000010111111111
11111111111111111010110011001111111111011111111011010011101111001111111101110011111111101101111001111111111010111000010111111111
11111111111111111010110011001111111111011111111011010011101111001111111100110011111111101101111001111111111000111000010111111111
11111111111111111010110011001111111111011111111001010011101111001111111100110011111111101101111001111111111010111000011111111111
11111111111111111011110011001111111111011111111001010011101111001111111100110011111111101101111001111101111110111000011111111111
11111111111111111011110011001111111111011111111001011011101111001111111100110011111111101101111001111101111110111000011111111111
11111111111111111011110011001111111111011111111001011011101111001111111100110011111111101101111001111101111110111000011111111111
11111111111111111011110011001111111111011111111001011011101111001111111100110011111111101101111001111101111110111000011111111111
11111111111111111011110001001111111111011111111001011011101111001111111100110011111111101111111001111111111110111000011111111111
11111111111111111011110011001111111011011111111001111011101111101111111100110011111111101111111001111101111110111000011111111111
11111111111111111111110001001111111011011111111001111011101111101111111100111011111101101111111001111101111110111000011111111111
11111111111111111111110001001111111011011111111001111011100111101111111100111011111111101111111001111101111110111000011111111111
11111111111111111111110001001111111011011111111001111011100111101111111100111011111111101111111001111101111110111000010111111111
11111111111111111111110001101111111011111111111001111011100111101111111100111011111111101111111001111101111110111000011111111111
11111111111111111111110001101111111011111111111001111011100111101111111100111011111101101111111001111101111110111000011111111111
11111111111111111111110001101111111011111111111001111011100111101111111100111011111101101111111001111101111110111000011111111111
11111111111111111111110001101111111011111111111101111011100111101111111100111011111101101111111001111101111110111000011111111111
11111111111111111111110001101111011011111111111101111011100111101111111100111011111101101111111001111101111110111000000111111111
11111111111111111111110001101111011011111111111101111011100111101111111100111011111101101111111001111101111110111000000111111111
11111111111111111111110001101111011011111110111101111011100111101111111100111011111101101111111001111101111110111000000111111111
11111111111111111111110001101111011011111110111101111011100111101111111100111011111101101111111001110101111110111000000111111111
11111111111111111111010001101111011111111110111101111011100111101111111100111011111101101111111001110101111110111000000111111111
11111111111111111111010001101111011111111110111101111011100111101111110100111011111101101111111001110101111110111000011111111111
11111111111111111111010001101111011111111110111101111011100111101111110100111011111101101111111001111101111110111000011111111111
11111111111111111111010001101111011111111110111101111001100111101111110100111011111101101111111001110101111100111000000111111111
11111111111111111111010001101111011111111110111101111001100111101111110100111011111101111111111001110101111100111000000111111111
11111111111111111101010001101111011111111110111101111001100111101111110100111011111101101111111001110101111100111000000111111111
11111111111111111101011001101111011111111110111101111001100111101111110100111011111101111111111001110101111100111000000111111111
11111111111111111101011001101111011111111110111101111001100111101111010100111011111101111111111001110101111100111000011111111111
11111111111111111101011001100111011111111110111101111001100111101111010100111011111101111111111001110101111100111000011111111111
11111111111111111101011001100111011111111110111101111001100111101111010100111011111101111111111000110101111110111000000111111111
11111111111111111101011001100111111111111110111101101001110111101111010100111011111101111111111000110101111110111000000111111111
11111111111111111101011001100111111111111110111101101001110111101111010100111011111101111111111000110101111110111000000111111111
11111111111111111101011001100111111111111111111101101001110111101111010110111011111101111111111000110101111100111000000111111111
11111111111111111101111001100111111111101111111101101001110111101111010110111011111101111111111000110101111100111000000111111111
11111111111111111101111001100111111111101111111101101001110111101111010110111011111101111111111000110101111100111000000111111111
11111111111111111101111001100111111111101111111101101001110111101111010110111011111101111111111000110101111100111000000111111111
11111111111111111101111001100111111111101111111101101001110111101101010110111001111101111111111000110101111100111000000111111111
11111111111111111101111000100111111111101111111101101001110111101101010110111001011111111111111000110101111100111000000111111111
11111111111111111111111000100111111111101111111101101001110111101101010110111001011111111111111000110101111100111000000011111111
11111111111111111111111000100111111111101111111101101001110111101101010110111001011111111111111000110101111110111000000011111111
11111111111111111111111000100111111111101111111100101001110111101101010110111001011111111111111000110101111111111000000011111111
11111111111111111111111000110111111111101111111100101001110111100101011110111001011111111111111000110101111111111000000011111111
11111111111111111111111000110111111101101111111100101001110111100101011110111001011111111111111000110101111100111000000011111111
11111111111111111111111000110111111101101111111100101001110111100101011110111001011111111111111000110101111100111000000011111111
11111111111111111111111000110111111101101111111100101001110111100101011110111001011111111111111000110101111100111000000011111111
11111111111111111111111000110111111101101111111100101001110111100101011110111001011111111111111000110101111100111000000011111111
11111111111111111111111000110111111101101111111100101101110111100101011110111001011111111111111000110101111100111000000011111111
11111111111111111111111000110111111101111111111100101101110111100101011110111001011111111111111000110101111100111000000011111111
11111111111111111111111000110111111101111111111100101101110111100101111110111001011111111111111000110101111100111000000011111111
11111111111111111111111000110111101101111111111100111101110111100101111110111001011111111111111000110101111100111000000011111111
11111111111111111111101000110111101101111111111100111101110111100101111110111001011111111111111000110101111100111000000011111111
11111111111111111111101000110111101101111111111100111101110111100101111110111001011111111111111000110101111100111000000011111111
11111111111111111111101000110111101101111111111100111101110111100111111110111001011111111111111000110101111100111000000011111111
11111111111111111111101000110111101111111111111100111101110111100111111110111001011111111111111000110101111100111000000011111111
11111111111111111111101000110111101111111111111100111101110011100111111110111001011111111111111000110101111111111111100011111111
11111111111111111110101100110111101111111111111100111101110011100111111110111001011111111111111111111111111111111111100011111111
11111111111111111110101100110111101111111111111110111101110011100111111110111001111111111111111111111111111111111111100011111111
11111111111111111110101100110111101111111111111110111101110011110111111111111111111111111111111111111111111111111011100011111111
11111111111111111110101100110111101111111111111110111111111111111111111111111111111111111111111111111111110111111111100011111111
11111111111111111110101100110111101111111111111111111111111111111111111111111111111111111111111111111111110111110111100011111111
11111111111111111110101111111111111111111111111111111111111111111111111111111111111111111111011111111111110111111111111111111111
11111111111111111110101111111111111111111111111111111111111111111111111111110111111111111110111111111111111111111111111111111111
11111111111111111110101111111111111111111111111111111110111111111111111111111111111111111110111111111111111011111111111111111111
11111111111111111110111111111111111111111111111111111111111111111111111111111111111111111111111111111111111111111111111111111111
11111111111011111110111111011111111111111111111111111111111111111111111111111111111111111111111111111111111111111111111111111111
11111111111111111110111111111111111111111111111111111111111111111111111111111111111111111110111111111111111111111111111111111111
11111111111111111111111111111111001111111111111111111111111111111111111111111111111111111111111111111111111111111111111111111111
11111111111111111111111111111111111111111111111111111111111111111111111111111111111111111111111111111111111111111111111111111111