11111111111111111111111111111111111111111111111111111111111111111111111111111111111111111111111111111111111111111111111111111111
11111111111111111111111111111111111111111111111111111111111111111111111111111111111111111111111111111111111111111111111111111111
11111111111111111111111111111111111111111111111111111111111111111111111111111111111111111111111111111111111111111111111111111111
11111111111111111111111111111111111111111111111111111111111111111111111111111111111111111111111111111111111111111111111111111111
11111111111111111111111111111111111111111111111111111111111111111111111111111111111011111111111011111011111111110011111111110111
11111111111111111111111111111111111111111110111111111111111111111111111101111111111101111111111111111111111111111111111111111011
11111111111111111111111111111111111111111110011111111111111111111111111111111110111101111111111111111111111111111111111111111111
11111111111111111111111111111111111111111110011111111111111111111111111111111111111111111111111111111111111111111111110111111111
11111111111111111111101111111111111111111111111111111111111111111111111111111101111111111111111111111111111111111111111111111111
11111111111111111111111111111111111111111111111111111111111111111111111111111111111111111111111111111111111111111111111111111111
11101111111111111111111111111111111111111111111111111111111111111111111111111111111111111111111111111111111111111111111111111111
11111111111111111111111111111111111111111111111111111111111111111111111111111111111111111111111111111111111111111111111111111111
11111111111111111111111111111111111111111111111111111111111111111111111111111111111111111111111111111111111111111111111111111111
11111111111111111111111111111111111111111111111111111111111111111111111111111111111111111111111111111111111111111111111111111111
11111111111111111001101111111111111111111111111111111111111111111111011011110111111111111111100111111111111111011111111111111111
11111111111111111001101111111111111111110111111101110011111101111011011011100011000111101110000111111111110010011111111111111111
11111111111111110001101111111111111110110111110001110011111001111010011001100011000111101110000111111111110010011111111111111111
11111111111101110001101111111111111110110111111101110011111001100010011001100011000111101111100111111111110010011111011111111111
11111111111111110001101111111111111110110111111101110011111001100010011001100011000111101111100111111111110010011111011111111111
11111111111111111001101111111111111111110111111101110011111001100010011001100011000111101111100111111111110011011111011111111111
11111111111111111001101111111111111111110111111101110011111001101010011001100011000111101111100111111111110011011111011111111111
11111111111111110001101111111111111111110111111101110011111001101010011001100011000111101111100111011111110011011100011111111111
11111111111111110001101111111111111111110111111101110011111001101011011001100011000111101111100111011110110010011100011111111111
11111111111101111001101111111111111110110111111101110011111001100011011001100011000111101110000111011110110000011100011111111111
11111111111101111001101111111111111110110111111101110011111001101011011001100011000111101110000111011110110000011100011111111111
11111111111111111001101111111111111111110111111101110011111101111010011001100011000111101110000011011110110000011111011111111111
11111111111111111001101111111111111111110111111101110011111101111010011001100011000111101110000111011110110000011111011111111111
11111111111111111001101111111111111111110111111101110011111101101010011001100011000111101110000111011110110000011111011111111111
11111111111111111001101111111111111111110111110001110011111101100010011001100011000111101110000111011110110000011100011111111111
11111111111111111001101111111111111111110111110001110011111101100010011001100011000111101110000111011110110000011100011111111111
11111111111111111001101111111111111110110111110001110011111101101010011001100011000111101110000111011110110000011100011111111111
11111111111111111001101111111111111110110111110001110011111101101010011001100011000111101110000011011110110000011100011111111111
11111111111101111001101111111111111110110111110001110011111101101010011001100011000111101110000011011110110000011100011111111111
11111111111101111001101111111111111111110111110001110011111001101010000001100011000111101110000011111110110000011100011111111111
11111111111101111001101111111111111111110111110001110011111101101010000001100011000111101110000011111110110000011100011111111111
11111111111111111001101111111111111110110111110001110011111101101010000001100011000111101110000011111110110000011100011111111111
11111111111111111001101111111111111110110111110001110011111101101010000001100011000111101110000011111110110000011100011111111111
11111111111111111001101111111111111111110011110001110011111101101010000001100011000111101110000011111110110000011100011111111111
11111111111111111001101111111111111111110011110001110011111101101010011001100011000111101110000011111110110000011100011111111111
11111111111111111001101111111111111111110111110001110011111101101010011001100011000111101110000011111110110000011100011111111111
11111111111111111001101111111111111111110111110001110011111101101010011001100011000111101110000011111110110000011100011111111111
11111111111111111001101111111111111111110111110001110011111101101011011001100011000111101110000011111110110000011100011111111111
11111111111111111001101111111111111111110111110001110011111101101011000001100011000111101110000011111110110000011100011111111111
11111111111111111001101111111111111111110111110001110011111101101011000001100011000111101110000011111110110000011100011111111111
11111111111111111001101111111111111111110111110001110011111101101011000001100011100111101110000011111110110000011101111111111111
11111111111111111001101111111111111111110111110001110011111101101011000001100011100111101110000011111110110000011101111111111111
11111111111111111001101111111111111110110111110001110011111001101010000001100011100111101110000011111110110000011101111111111111
11111111111111111001101111111111111111110111110001110011111101101010000001100011100111101110000011111110110000011100011111111111
11111111111111111001101111111111111111110111110001110011111101101010000001100011100111101110000011111110110000011100011111111111
11111111111111111001101111111111111111110111110001110011111101101010000001100011100111101110000011111110110000011100011111111111
11111111111111111001101111111111111111110111110001110011111101101011000001100011100111101110000011111110110000011100011111111111
11111111111111111001101111111111111111110111110001110011111101101011000001100011100111101110000011111110110000011100011111111111
11111111111111111001101111111111111111110111111101110011111101101011000001100011100111101110000011111110110000011100011111111111
11111111111111111001101111111111111111110111111101110011111101101010000001100011100111101110000011111110110000011100011111111111
11111111111111111001101111111111111111110111111101110011111101101011000001100011100111101110000011111110110000011100011111111111
11111111111111111001101111111111111111110111110001110011111101101011000001100011100111101110000011111110110000011100011111111111
11111111111111111001101111111111111111110011110001110011111101101011000001100011100111101110000011111110110000011100011111111111
11111111111101111001101111111111111111110111110001110011111101100011000001100011100111101110000011111110110000011100011111111111
11111111111111111001101111111111111111110111110001110011111101100011000001110011100111101110000011111110110000011100011111111111
11111111111111111001101111111111111111110111110001110011111101101011000001110011100111101110000011111110110000001100011111111111
11111111111111111001101111111111111110110111110001110011111101101011000001110011100111101110000011111110110000001100011111111111
11111111111111111001101111111111111110110111110001110011111101101000000001100011100111101110000011111110110000001100011111111111
11111111111111111001101111111111111110110011110001110011111101101000000001110011100111101110000011111110110000001100011111111111
11111111111111111001101111111111111111110111110001110011111101101011000001110011100111101110000011111110110000001100011111111111
11111111111100111001101111111111111111110111110001110011111101101011000001110011100111101110000011111110110000001100011111111111
11111111111100111001101111111111111111110111110001110011111101101011000001110011100111101110000011111110110000001100011111111111
11111111111100111001101111111111111111110111110001110011111101101011000001110011100111101110000011111110110000001100011111111111
11111111111100111001101111111111111111110111110001110011111101101011000001110011100111101110000011101110110000001100011111111111
11111111111111111001101111111111111111110111110001110011111101100011000001110011100111101110000011101110110000001100011111111111
11111111111111111001101111111111111111110111110001110011111101101011000001110011100111101110000011101110110000001100011111111111
11111111111111111001101111111111111110110111110001110011111101101011000001110011100111101110000011101110110000001100011111111111
11111111111111111001101111111111111110110111110001110011111101101011000001110011100011101110000011101110110000001100011111111111
11111111111111111001101111111111111111110111110001110011111101101011000001110011100011101110000011101110110000001100011111111111
11111111111111111001101111111111111111110111110001110011111101101011000001110011100011101110000011101110110000001100011111111111
11111111111111111001101111111111111111110011110000110011111101101011000001110011100111101110000011101110110000001100011111111111
11111111111111111001101111111111111110110011110000110011111101101011000001110011100111101110000011101110110000001100011111111111
11111111111111111001101111111111111110110011110000110011111101100011000001110011100011101110000011101110110000001100011111111111
11111111111111111001101111111111111110110011110001110011111101101011000001110011100011101110000011101110110000001100011111111111
11111111111111110001101111111111111110110011110000110011111101100000000001110011100011101110000011101110110000001100011111111111
11111111111111110001101111111111111110110011110000110011111101100000000001110011100011101110000011101110110000001100011111111111
11111111111111110001101111111111111110110111110000110011111101100011000001110011100011101110000011101110110000001100011111111111
11111111111100110001101111111111111110110111110000110011111101100011000001110011100011101110000011101110110000001100011111111111
11111111111100110001101111111111111110110111110000110011111101100011000001110011100011101110000011101110110000001100011111111111
11111111111100110001101111111111111110110011110000110011111101100011000001110011100011101110000011101110110000001110011111111111
11111111111100110001101111111111111110110011110000110011111101100011000001110011100011101110000011101110110000001110011111111111
11111111111100110001101111111111111110110011110000110011111101100011000001110011100011101110000011101110110000001110011111111111
11111111111100110001101111111111111110110011110000110011111101101011000001110011100011101110000011101110110000001110011111111111
11111111111111110001101111011111111110110011110000110011111101101011000001110011100011100110000011101110110000001110011111111111
11111111111111110001101111011111111110110011110000110011111101101011000001110011100011100110000011101110110000001110011111111111
11111111111111110001101111011111111110110011110000110011110101101011000001110011100011100110000011101110110000001110011111111111
11111111111111110001101111011111111110110011110000110011110001101011000001110011100011101110000011101110110000001110011111111111
11111111111100110001101111011111111110110011110000110011110001101000000001110011100011111110000011101110111000001110011111111111
11111111111100110001101111011111111110110011110000110011110001101011000001110011100011111110000011101110111000001110011111111111
11111111111100110001101111011111111110110011110000110011110001101011000001110011100011111110000011101110111000001110011111111111
11111111111100110001101111011111111110110011110000110011111101101011000001110011100011111110000011101110111000001110011111111111
11111111111100110001101111011111111110110011110000110011111101100011000001110011100011111110000011101110111000001110011111111111
11111111111100110001101111011111111110110011110000110011111101100011000001110011100011111110000011101110111000001110011111111111
11111111111100110001101111011111111110110011110000110011111101100011000001110011100011111110000011101110111000001110011111111111
11111111111100110001101111011111111110110011110000110011110001100011000001110011100011111110000001101110111000001110011111111111
11111111111100110001101111011111111110110011110000110011110001100011000001110011100011111110000001101110111000001110011111111111
11111111111100110001101111011111111110110011110000110011110001101011000001110011100011111110000001101110111000001110011111111111
11111111111100110001101111011111111110110011110000110011110001101000000001110011100011110110000001101110111000001110001111111111
11111111111100110001101111011111111110110011110000110011110001101000000001110011100011110110000001101110111000001110001111111111
11111111111111110001101111011111111110110011110000110011110001101011000001110011100011110110000001101110111000001110001111111111
11111111111111110001101111011111111110110011110000110011110001101011000001110011100011110110000001101110111000001110001111111111
11111111111100110001101111011111111110110011110000110011110001101011000001110011100011110110000001101110111000001110001111111111
11111111111100110001101111011111111110110011110000110011110001101000000001110011100011110110000001101110111000001110001111111111
11111111111100110001101111011111111110110011110000110011110001101000000001110011100011110110000001101110111000001110001111111111
11111111111100110001101111011111111110110011110000110011111101101011000001110011100011111111100001101110111000001110001111111111
11111111111000111001101111111111111111110111111101111111111111101011011111111111111111111111111011111111111111111110001111111111
11111111111000111111111111111111111111111111111111111111111111100011111111111111111111111111111111111111111111111110001111111111
11111111111000111111111111111111111111111111111111111111111111111011111111111111111111111111111111111111111111111110001111111111
11111111111000111111111111111111111111111111111111111111111111111011111111111111111111111111111111111110111111111110001111111111
11111111111000111001111111111111100111111011111111111111101111111011111111111111111111110111111111111110011111101110001111111111
11111111111000111111111111111111110111110111111110111111111111101011111111111111111111111111111111111110111111110110001111111111
11111111111000111111111110011111111111111111111111111111111111111011111111111111111111111111111111111110111111111110001111111111
11111111111111111111111111111111111111111111111111111111111111111111111111111111111111111111111111111111111111111111111111111111
11101111111111111111111101111111111111111111111111111111101111111111111111111111111111111111110001111101111111011111111110111111
11101111111111111111111101111111111111111111111111111111101111111111111111111101111111111111111101111111111111011111111110111111
11111111111111111111111111111111111111111111111111111111111111111111111111111111111111111111111111111111111111111111111111111111
11111111111111111111111111111111111111111111111111111111111111111111111111111111111111111111111111111111111111111111111111111111
11111111111111111111111111111111111111111111111111111111111111111111111111111111111111111111111111111111111111111111111111111111
11111111111111111111111111111111111111111111111111111111111111111111111111111111111111111111111111111111111111111111111111111111
11111111111111111111111111111111111111111111111111111111111111111111111111111111111111111111111111111111111111111111111111111111
11111111111111111111111111111111111111111111111111111111111111111111111111111111111111111111111111111111111111111111111111111111
11111111111111111111111111111111111111111111111111111111111111111111111111111111111111111111111111111111111111111111111111111111
11111111111111111111111111111111111111111111111111111111111111111111111111111111111111111111111111111111111111111111111111111111
11111111111111111111111111111111111111111111111111111111111111111111111111111111111111111111111111111111111111111111111111111111