11111111111111111111111111111111111111111111111111111111111111111111111111111111111111111111111111111111111111111111111111111111
11111111111111111111111111111111111111111111111111111111111111111111111111111111111111111111111111111111111111111111111111111111
11111111111111111111111111111111111111111111111111111111111111111111111111111111111111111111111111111111111111111111111111111111
11111111111111111111111111111111111111111111111111111111111111111111111111111111111111111111111111111111111111111111111111111111
11111111111111111111111111111111111111111111111111111111111111111111111111111111111111111111111111111111101111001111111111001111
11111111111111111111111111111111111111111111111111111111001111111101111101111111111111111111101111111111111111101111111111111111
11111111111111111111111111111111111111111011111111111111101111111111111001111111111111111111111111111111111111101111111111111111
11111111011111111111111011111111101111111111111111111111111111111101111111111011111111111111111111111111111111101111000111111111
11111111111111111111011011111111111111111111100111111111111111111111111111111111111111100111111111011111111111110111111111111111
11111111111110111111011001111111111111111111111111111111111111111111111111111111111111111111111111000111111111110111111111111111
11111111111111011111011110111111111011111111011111111111111111111111111111111111111111111111111111110111111111110111111111111111
11111111111111111111111110111111111111111111011111111111111111111111111111111111111111111111111111111111111111111111111111111111
11111111011111111111011111111111111111111111110111111111111111111111111111111111111111111111111111111111111111111111111111111111
11111111011111111111111111111111111111111111111111111111111111111111111111111111111111111111111111111111111111111111111111111111
11111111111111111111111111111111111111111111111111111111111111111111111111111111111111111111111111111111111111111111111111111111
11111111111111111111111111111111111111111111111111111111111111111111111111111111111111111111111111111111111111111111111111111111
11111111111111111111111111111111111111111111111111111111111111111111111111111111111111111111111111111111111111111111111111111111
11111111111111111111111111111111111111111111111111111111111111111111111111111111111111111111111111111111111111111111111111111111
11111111111111111111111111111111111111111111111111111111111111111111111111111111111111111111111111111111111111111111111111111111
11111111111111111111111111111111111111111111111111111111111111111111111111111111111111111111111111111111111111111111111111111111
11111111111111111111111111111111111111111111111111111111111111111111111111111111111111111101101111111111100111111111111111111111
11111111111111111111111111111111111111111111111111110111110011111110111011101110111100011101101111111111100111110111111111111111
11111111111111111001100111111111111111110111111101110111100001111110111011101110111100011101101111111111100111110101111111111111
11111111111111111001100111111111111111110111111101110111100001111110111011101110111100011101101111111111100111110101111111111111
11111111111111111001100111111111111111110111111101110111100001111110111011101110111100011101101111111111100111110101111111111111
11111111111111111001100111111111111111110111111101110111100001111110111011101110111100011101101111111111100111110101111111111111
11111111111111111001100111111111111111110111111101110111100001111110111011101110111100011101101111111111100111110101111111111111
11111111111111111001100111111111111111110111111101110111100001111110111011101110111100011101101111111111100111110101111111111111
11111111111111111001100111111111111111110111111101110111100001111110111011101110111100011101101111111111100111110101111111111111
11111111111111111001110111111111111111110111111101110111100001111110111011101110111100011101101111111111100111110101111111111111
11111111111111111001110111111111111111110111111101110111100001111110111011101110111100011101101111111111100111110101111111111111
11111111111111111001110111111111111111110111111101110111100001111110111001101110111100011101101111111111100111110101111111111111
11111111111111111001110111111111111111110111111101110111100001111110111001101110111100011101101111111111100111110101111111111111
11111111111111111001110111111111111111110111111101110111100001111110111001101110111100011101101111111111100111110101111111111111
11111111111111111000110111111111111111110111111101110111100001111110111001101110111100011101101111111111100111110101111111111111
11111111111111111000110111111111111111110111111101110111110001111110111001101110111100011101101111111111100111110101111111111111
11111111111111111000110111111111111111110111111101110111110001111110111001101110111100011101101111111111100111110101111111111111
11111111111111111000110111111111111111110111111101110111110001111110111001101110111100011101101111111111100111110101111111111111
11111111111111111000110111111111111111110111111101110111100001111110111001101110111100011101101111111111100111110101111111111111
11111111111111111000110111111111111111110111111101110111100001111110111001101110111100011101101111111111100111110101111111111111
11111111111111111000110111111111111111110111111101110111100001111110111001101110111100011101101111111111100111110101111111111111
11111111111111111000110111111111111111110111111101110111110001111110111001101110111100011101101111111111100111110101111111111111
11111111111111111000110111111111111111110111111101110111100001111110111001101110111100011101101111111111100111110101111111111111
11111111111111111000110111111111111111110111111101110111110001111110111001101110111100011101101111111111100111110101111111111111
11111111111111111100110111111111111111110111111101110111110001111110111001101110111100011101101111111111100111110101111111111111
11111111111111111100110111111111111111110111111101110111110001111110111101101110111100011101101111111111100111110101111111111111
11111111111111111100110111111111111111110111111101110111110001111110111101101110111100011101101111111111100111110101111111111111
11111111111111111100110111111111111111110111111101110111110001111110111101101110111100011101101111111111100111110101111111111111
11111111111111111100110111111111111111110111111101110111110001111110111101101110111100011101101111111111100111110111111111111111
11111111111111111100110111111111111111110111111101110111110001111110111101101110111100011101101111111111100111110101111111111111
11111111111111111100110111111111111111110111111101110111110001111110111101101110111100011101101111111111100111110101111111111111
11111111111111101100110111111111111111110111111101110111110001111110111101101110111100011101101111111111100111110101111111111111
11111111111111101100110111111111111111110111111101110111110001111110111101101110111100011101101111111111100111110101111111111111
11111111111111101100110111101111111111110111111101110111110001111110111101101110111100011101101111111111100111110111111111111111
11111111111111111100110111111111111111110111111101110111110001111110111101101110111100011101101111111111100111111111111111111111
11111111111111111100110111111111111111110111111101110111110001111110111101101110111100011101101111111111100111111111111111111111
11111111111111111100110111111111111111110111111101110111110001111110111101101110111100011101101111111111100111111111111111111111
11111111111111111100110111111111111111110111111101110111110001111110111101101110111100011101101111111111100111110111111111111111
11111111111111111100110111111111111111110111111101110111110001111110111101101110111100011101101111111111100111110111111111111111
11111111111111111100110111111111111111111111111101110111110001111110111101101110111100011101101111111111100111111111111111111111
11111111111111111100110111111111111111111111111101110111110001111110111101101110111100011101101111111111100111111111111111111111
11111111111111111100110111111111111111111011111101110111110001111110111101101110111100011101101111111111100111111111111111111111
11111111111111111100110111111111111111111011111101110111110001111110111101101110111100011101101111111111100111111111111111111111
11111111111111111100110111111111111111111011111101110111110001111110111101101110111100011101101111111111100111111111111111111111
11111111111111111100110111111111111111111011111101110111110001111110111101101110111100011101101111111111100111111111111111111111
11111111111111111100110111111111111111111011111101110111110001111110111101101110111100011101101111111111100111111111111111111111
11111111111111111100110111111111111111111011111101110111110001111110111101101110111100011101101111111111100111111111111111111111
11111111111111111100110111111111111111111011111101110111110001111110111101101110111100011101101111111111100111111111111111111111
11111111111111111100110111111111111111111011111101110111110001111110111101101110111100011101101111111111100111111111111111111111
11111111111111111100110111111111111111111011111101110111110001111110111101101110111100011101101111111111100111111111111111111100
11111111111111111100110011111111111111111011111101110111110001111110111101101110111100011101101111111111100111111111111111111100
11111111111111111100110011111111111111111011111101110011110001111110111101101110111100011101101111111111100111111111111111111100
11111111111111111100110011111111111111111011111101110011110001111110111101101110111100011101101111111111100111111111111111111100
11111111111111111100110011111111111111111011111101110011110001111110111101101110111100011101101111111111100111111111111111111100
11111111111111111100110011111111111111111011111101111011110001111110111101101110111100011101101111111111100111111111111111111100
11111111111111111100111011111111111111111011111101111011110001111110111101101110111100011101101111111111100111111111111111111100
11111111111111111100111011111111111111111011111101111011110001111110111101101110111100011101101111111111100111111111111111111100
11111111111111111100111011111111111111111011111101111011110001111110111101101110111100011101101111111111100111111111111111111100
11111111111111111100111011111111111111111011111101111011110001111110111101101110111100011101101111111111100111111111111111111100
11111111111111111100111011111111111111111011111101111011110001111110111101101110111100011101101111111111100111111111111111111100
11111111111111111100111011111111111111111011111101111011110001111110111101101110111100011101101111111111100111111111111111111100
11111111111111111100111011111111111111111011111101111011110001111110111101101110111100011101101111111101100111111111111111111100
11111111111111111100111011111111111111111011111101111011110001111110111101101110111100011101101111111101100111111111111111111100
11111111111111111100111011111111111111111011111101111011110001111110111101101110111100011101101111111101100111111111111111111100
11111111111111111100011011111111111111111011111101111011110001111110011101101110111100011101101111111101100111111111111111111100
11111111111111111100011011111111111111111011111101111011110001111110011101101110111100011101101111111101100111111111111111111100
11111111111111111100011011111111111111111011111101111011110001111110011101101110111100011101101111111101100111111111111111111100
11111111111111111100011011111111111111111011111101111011110001111110111101101110111100011101101111111101100111111111111111111100
11111111111111111110011011111111111111111011111101111011110001111110011101101110111100011101101111111101100111111111111111111110
11111111111111111110011011111111111111111011111101111011110001111110011101101110111100011101101111111101100111111111111111111111
11111111111111111110011011111111111111111011111101111011110001111110011101101110111100011101101111111111100111111111111111111111
11111111111111110110011011111111111111111011111101111011110001111110011101101110111100011101101111111111100111111111111111111111
11111111111111110110011011111111111111111011111101111011110001111110011101101110111100011101101111111111100111111111111111111111
11111111111111110110011011111111111111111011111101111011110001111110011101101110111100011101101111111111100111111111111111111111
11111111111111110110011011111111111111111011111101111011110001111110011101101110111100011101101111111111100111111111111111111111
11111111111111111110011011111111111111111011111101111011110001111110011101101110111100011101101111111111100111111111111111111111
11111111111111111110011011111111111111111011111101111011110001111111011101101110111100011101101111111111100111111111111111111111
11111111111111111110011011111111111111111011111101111011110001111111011101101110111100011101101111111111100111111111111111111111
11111111111111111110011011111111111111111011111101111011110001111111011101101110111100011101101111111111000111111111111111111111
11111111111111111110011011111111111111111011111111111011110001111111011101101110111100011101101111111111000111111111111111111111
11111111111111111110011011111111111111111011111111111011110001111111011101101110111100011101101111111111000111111111111111111111
11111111111111111110011011111111111111111011111111111011110001111111011101101110111100011101101111111111000111101111111111111111
11111111111111111110011011111111111111111011111110111011110001111111011101101110111100011101101111111111000111101111111111111111
11111111111111111110011011110111111111111011111110111011110001111111011101101110111100011101101111111111000111101111111111111111
11111111111111111110011011110111111111111011111110111011110001111111011101101110111100011101101111111111000111111011111111111111
11111111111111111110011011111111111111111011111110111011110001111111011101101110111100011101101111111111000111111111111111111111
11111111111111111110011011111111111111111011111110111011110001111111011101101110111100011101101111111111000111111111111111111111
11111111111111111110011011111111111111111011111110111011110001111111011101101110111110011101101111111111101111111111111111111111
11111111111111111110011011111111111111111011111110111011110001111111111111111111111111111111111111111111111111111111111111111111
11111111111111111110011111111111111111111111111111111111111111111111111111111111111111111111111111111111110111111111111111111111
11111111111111111111111111111111111111111111111111111111111111111111111111111111111111111111111111101111111111111111111111011111
11111111111111111111010111110111111110111101111111111111111111111011101111110011111111111111111111101111111111111111111111111111
11111111111111111111110111101111111111111111111111111111111111111111111111111011111111111111111111101111111111111111111111110011
11111111111111111111111111111111111111111101111111111111101111101111111111111011111111111111111111111111111111111111111111110011
11111111111111111111111111110011111111111111111111111111111111101111111111111111111110111111111111111111111111111111111111101111
11111111011111111111111111101111111111111111111111111111011111111111111111111111111100111111111111111111111111111111111111011111
11111111011111111111111111111101111011111111111111111111111111111111111111111111111110111101111111111111110111111111111110111111
11111111111111111111111111111111111111111111111111111111110111111111111111111111111111111111111111111111111111111111111111111111
11111111111111111111111111111111111111111111111111111111111111111111111111111111111111111111111111111111111111111111111111111111
11111111111111111111111111111111111111111111111111111111111111111111111111111111111111111111111111111111111111111111111111111111
11111111111111111111111111111111111111111111111111111111111111111111111111111111111111111111111111111111111111111111111111111111
11111111111111111111111111111111111111111111111111111111111111111111111111111111111111111111111111111111111111111111111111111111
11111111111111111111111111111111111111111111111111111111111111111111111111111111111111111111111111111111111111111111111111111111
11111111111111111111111111111111111111111111111111111111111111111111111111111111111111111111111111111111111111111111111111111111
11111111111111111111111111111111111111111111111111111111111111111111111111111111111111111111111111111111111111111111111111111111
11111111111111111111111111111111111111111111111111111111111111111111111111111111111111111111111111111111111111111111111111111111
11111111111111111111111111111111111111111111111111111111111111111111111111111111111111111111111111111111111111111111111111111111
11111111111111111111111111111111111111111111111111111111111111111111111111111111111111111111111111111111111111111111111111111111