11111111111111111111111111111111111111111111111111111111111111111111111111111111111111111111111111111111111111111111111111111111
11111111111111111111111111111111111111111111111111111111111111111111111111111111111111111111111111111111111111111111111111111111
11111111111111111111111111111111111111111111111111111111111111111111111111111111111111111111111111111111111111111111111111111111
11111111111111111111111111111111111111111111111111111111111111111111111111111111111111111111111111111111111111111111111111111111
11111111111111111111111111111111111111111111111111111111111111111111111111111111111111111111111111111111111111111111111111111111
11111111111111111111111111111111111111111111111111111111111111111111111111111111111111111111111111111111111111111111111111111111
11111111111111111111111111111111111111111111111111111111111111111111111111111111111111111111111111111111111111111111111111111111
11111111111111111111111111111111111111111111111111111111111111111111111111111111111111111111111111111110111111111111111111111111
11111111111111111111111111111111111111111111111111111111111111111111111111111111111111111111111111011111111111111111111111111111
11111111111111111111111111111111111111111111111111111111111111111111111111111111111111111111111110011111111111111111111111111111
11111111111111111111111111111111111111111111111111111111111111111111111111111111111111111111111111111111111111111111111111111111
11111111111111111111111111111111111111111111111111111111111111111111111111111111111111111111111111111111111111111111111111111111
11111111111111111111111111111111111111111111111111111111111111111111111111111111111111111111111111111111111111111111110111111111
11111111111111111111111111111111111111111111111111111111111111111111111111111111111111111111111111111111111111111111111111111111
11111111111111111111111111111111111111111111111111111111111111111111111111111111111111111111111111111111111111111111111111111111
11111111111111111111111111111111111111111111111111111111111111111111111111111111111111111111111111111111111111111111111111111111
11111111111111111111111111111111111111111111111111111111111111111111111111111111111111111111111111111111111111111111111111111111
11111111111111111111110011011111111111111111011111111001111011111111011101100111111111111111111111000100111000101111111111111111
11111111111111111111110011011111111111111111011111111001111011111111011101100111111111111111111111000000111000101111111111111111
11111111111111111111110011011111111111111111011111111001111011111111011101100111111111111111111111000000111000001111111111111111
11111111111111111111110011011111111111111111011111111001111011111111011101100111111111111111111111000000111000001111111111111111
11111111111111111111110011011111111111111111011111111001111011111111011101100111111111111111111111000000111000101111111111111111
11111111111111111111110011011111111111111111011111111001111011111111011101100111111111111111111111000000111000101111111111111111
11111111111111111111110011011111111111111111011111111001111011111111011101100111111111111111111111000000111000101111111111111111
11111111111111111111110011011111111111111111011111111001111011111111011101100111111111111111111111100000111000001111111111111111
11111111111111111111110011011111111111111111011111111001111011111111011101100111111111111111111111100000111000001111111111111111
11111111111111111111110011011111111111111111011111111001111011111111011101100111111111111111111111100000111000101111111111111111
11111111111111111111110011011111111111111111011111111001111011111111011101100111111111111111111111100000111000101111111111111111
11111111111111111111110011011111111111111111011111111001111011111111011101100111111111111111111111000000111000001111111111111111
11111111111111111111110011011111111111111111011111111001111011111111011101100111111111111111111111100000111000001111111111111111
11111111111111111111110011011111111111111111011111111001111011111111011101100111111111111111111111100000111000001111111111111111
11111111111111111111110011011111111111111111011111111001111011111111011101100111111111111111111111100000111000001111111111111111
11111111111111111111110011011111111111111111011111111000111011111111011101100111111111111111111111100000111000001111111111111111
11111111111111111111110011111111111111111111011111111000111011111111011101100111111111111111111111100000111000001111111111111111
11111111111111111111110011111111111111111111011111111000111011111111011101100111111111111111111111100000111000001111111111111111
11111111111111111111110011011111111111111111011111111000111011111111011101100111111111111111111111100000111000001111111111111111
11111111111111111111110011011111111111111111011101111001111011111111011101100111111111111111111111100000111000001111111111111111
11111111111111111111110011011111111111111111011101011001111011111111011100000111111111111111111101100000111000001111111111111111
11111111111111111111110011011111111111111111011101011000111011110111011101100011111111111111111101100000011000001111111111111111
11111111111111111111110011011111111111111111011111111000111011110111011101100011111111111111111101100000011000001111111111111111
11111111111111111111110011011111111111111111011111111000111011110111011101100111111111111111111101100000011000001111111111111111
11111111111111111111110011011111111111111111011101011000111011110111011101100111111111111111111101100000011000001111111111111111
11111111111111111111110011011111111111111111011111011000111011110101011100000011111111111111101101100000011000001111111111111111
11111111111111111111110011011111111111111111011111011001111011110101011101100011111111111111101101100000011000001111111111111111
11111111111111111111110011011111111111111111011111011001111011110101011101100011111111111111101101100000011000001111111111111111
11111111111111111111110011011111111111111111011111011000111011110111011101100011001110111011101101100000011000001111111111111111
11111111111111111111110011011111111111111111011101011000111011110111011101100011001110111011101101100000011000001111111111111111
11111111111111111111110011011111111111111111011101011000111011110111011101100011001110111011101101100000011000001111111111111111
11111111111111111111110011011111111111111111011101011000111011110101011100100011111110111011101101100000011000001111111111111111
11111111111111111111110011011111111111111111011101011000111011110101011101100011111110111011101101100000011000001111111111111111
11111111111111111111110011011111111111111111011101011000111011110101011101100011010110111011111101100000011000001111111111111111
11111111111111111111110011011111111111111111011101011000111011110101011101100011011111111011101101000000011000001111111111111111
11111111111111111111110011011111111111111111011101011000111011110101011101100011011111111011111101100000011000001111111111111111
11111111111111111111110011011111111111111111011101011000111011110101001100100011010110111011111101100000011000001111111111111111
11111111111111111111110011011111111111111111011101011000111011110101011100100011010110111011111101000000011000001111111111111111
11111111111111111111110011011111111111111111011101011000111011110101011100100011010110111011101101000000011000001111111111111111
11111111111111111111110011011111111111111111011101011000111011110101001100100011110110111011101101000000011000001111111111111111
11111111111111111111110011011111111111111111011101011000111011110101001100100011110110111011101101000000011000001111111111111111
11111111111111111111110011011111111111111111011101011000111011110101001100100011110110111011111101100000011000001111111111111111
11111111111111111111110011011111111111111111011101011000111011110101001100100011010110111011111101100000011000001111111111111111
11111111111111111111110011011111111111111111011101011000111011110101001100100011000110111011111101100000011000000111111111111111
11111111111111111111110011011111111111111111011101011000111011110101001100100011000110111011111101100000011000000111111111111111
11111111111111111111110011011111111111111111011101011000111011010001001100100011000110111011111101100000011000000111111111111111
11111111111111111111110011011111111111111111011101011000111011010101001100000011000110111011111101100000011000000111111111111111
11111111111111111111110011011111111111111111011101011000111011010101001100000011000110111011111101100000011000000111111111111111
11111111111111111111110011011111111111111111011101011000111011010101001100000011000110111011111101100000011000000111111111111111
11111111111111111111110011011111111111111111011101011000111011110101001100000011000110111011111101100000011000000111111111111111
11111111111111111111110011011111111111111111011100011000111001110101001100000011000110111011111101100000011000000111111111111111
11111111111111111111110011011111111111111111011100011000111011110101001100000011000110111011111101100000001000000111111111111111
11111111111111111111110011011111111111111111011100011000111011010101001100000011000110111011111101100000001000000111111111111111
11111111111111111111110011011111111111111111011101011000111001000101001100000011000110111011111101100000001000000111111111111111
11111111111111111111110011011111111111111111011101011000111001010101001100000011000110111011111101100000001000000111111111111111
11111111111111111111110011011111111111111011011101011000111001010001001100000011100110111011111101100000001000000111111111111111
11111111111111111111110011011111111111111011011100011000111001010001001100000011100110111011111111100000001000000111111111111111
11111111111111111111110011011111111111111111011100011000111001000001001100000011000110111011111111100000001000000111111111111111
11111111111111111111110011011111111111111111001100011000111001000000001100000011000110111011111101100000001000000111111111111111
11111111111111111111110011011111111111111111001100011000111001000000001100000011000110111011111101100000001000000111111111111111
11111111111111111011110011011111111111111111001100011000111001000000001100000011000110111011111101100000001000000111111111111111
11111111111111111111110011011111111111111011001100011000111001000001001100000011000110111011111101100000000000000111111111111111
11111111111111111111110011011111111111111111011100011000111001000001001100000011000110111011111101100000000000000111111111111111
11111111111111111111110011011111111111111111011100011000111001000101001100000011000110111011111100100000000000000111111111111111
11111111111111111011110011011111111111111111011100011000111001000100001100000011000110111011110101100000000000000011111111111111
11111111111111111011110011011111111111111011001100011000111001000000001100000011000110111001110111100000000000000011111111111111
11111111111111111011110011011111111111111011001100011000111000000000001100000011000110111001110111100000000000000011111111111111
11111111111111111011110011011111111111111011001100011000111001000000001100000011000010111001110101110000000000000011111111111111
11111111111111111110110011011111111111111011001100011000111001000000001100000011000110111001110101110000000000000011111111111111
11111111111111111010110011011111111111111011001100011000111001000000001100000011000110111001110101110000000000000011111111111111
11111111111111111010110011011111111111111011001100011000111000000001001100000011100110111001110101110000000000000011111111111111
11111111111111111010100011011111111110111011001100011000111001000000001100000011100110111001110101110000001000000111111111111111
11111111111111111010110011011111111110111011001100011000111001000000001100000011100110111001110100110000001000000111111111111111
11111111111111111011110011011111111110111011001100011000111001000000001100000011000110111001110110110000001000000111111111111111
11111111111111111010110011011111111111111011001100011000111000000000000100000011000010111001110110110000001000000111111111111111
11111111111111111010110011011111111111111011001100011000111000000000000100000011100010111001110110110000001000000111111111111111
11111111111111111010110011011111111111111011001100011000111000000000000100000011100010111001110110110000001100000011111111111111
11111111111111111010110011011111111110111011001100011000111000000000000100000011100010111101110110110000001100000011111111111111
11111111111111111010100010011110111110111011001100011000111000000000000100000011100010111101110110110000001100000011111111111111
11111111111111111010110000011110111110111011001100011000111000000000000100000011100010111101110110110000001100000011111111111111
11111111111111111010110000011110111110111011001100011000111000000000000100000011100011111101110110110000001100000011111111111111
11111111111111111010100000011111111110111011001100011000111000000000001100000011100011111101110110110000001100000011111111111111
11111111111111111010100000011111111110111011001100011000111000000000001100000011100010111101110110110000001100000011111111111111
11111111111111111010000000011111111110111011001100011000111000000000000100000001100010011101110110110000001100000011111111111111
11111111111111111000000000011110101110111011001100011000111000000000000100000001000011011101110110110000001100000011111111111111
11111111111111111000000000011111101110111011001100011000111000000000000100000001100011011101110110110000001100000011111111111111
11111111111111111000000000011101101110111011001100001000111000000000000100000001100011011101110110110000001100000011111111111111
11111111111111111000000000011101101110111011001100011000111000000000000100000001100011011101110110110000001100000011111111111111
11111111111111111000000000011101101110111011001100011000111000000000000100000001100010011101110110110000001100000011111111111111
11111111111111111000000000011110101110111011001100011000111000000000000100000011100011111101110110110000001100000011111111111111
11111111111111111000100000011101101110111011001100001000011000000000000100000011100011111101110110110000001100000011111111111111
11111111111111111000100000011101101110111011001100001000111000000000000100000001100010011101110110110000001100000011111111111111
11111111111111111000100000011100101110111011001100001000111000000000000100000001000010011101110110110000001100000011111111111111
11111111111111111000100000011111101111111011001100011000111000000000001100000011111111111111111111111111111111100011111111111111
11111111111111111000111111111111111111111111111111011110111111110000111111111111111111111111111111111111111111100011111111111111
11111111111111111000111111111111111111111111111111111111111111110000111111111111111111111111111111110111111111100011111111111111
11111111111111111001111111111111111110111111111111100111111011110001111101111100011110001111110111110111111011100011011111111111
11111111111111111001110001111001111110011111001111000011100001110000111001111101011110001111110111110111111011100011101111111111
11111111001111111000111111111000111111011111011111011011101101110000111001111101111110001111110111110111111111100011110111111111
11111111110111111000111111111001111111111111011111011011101101110001111101111111111110001111111111111011111111111111110111111111
11111111110111111000111111111001111110111111101111011011101100111001111101111111111110101111101111111111111111111111101111111111
11111111101111111111110111111010111110111111101111011011101101111111111101111101111110101111111111111111111111111111111111111111
11111111101111111111110111111010111111111111101111000011101101111111111101111100011110001111111111111111111111111111111111111111
11111111111111111111110111111000111111111111111111100011110011111111111111111111111111111111111111111111111111111111111111111111
11111111111111111111111111111101111111111111111111110111110011111111111111111111111111111111111111111111111111111111111111111111
11111111111111111111111111111111111111111111111111111111111111111111111111111111111111111111111111111111111111111111111111111111
11111111111111111111111111111111111111111111111111111111111111111111111111111111111111111111111111111111111111111111111111111111
11111111111111111111111111111111111111111111111111111111111111111111111111111111111111111111111111111111111111111111111111111111
11111111111111111111111111111111111111111111111111111111111111111111111111111111111111111111111111111111111111111111111111111111
11111111111111111111111111111111111111111111111111111111111111111111111111111111111111111111111111111111111111111111111111111111
11111111111111111111111111111111111111111111111111111111111111111111111111111111111111111111111111111111111111111111111111111111