11111111111111111111111111111111111111111111111111111111111111111111111111111111111111111111111111111111111111111111111111111111
11111111111111111111111111111111111111111111111111111111111111111111111111111111111111111111111111111111111111111111111111111111
11111111111111111111111111111111111111111111111111111111111111111111111111111111111111111111111111111111111111111111111111111111
11111111111111111111111111111111111111111111111111111111111111111111111111111111111111111111111111111111111111111111111111111111
11111111111111111111111111111111111111111111111111111111111111111111111111111111111111111111111111111111111111111111111111111111
11111111111111111111111111111111111111111111111111111111111111111111111111111111111111111111111111111111111111111111111111111111
11111111111111111111111111111111111111111111111111111111111111111111111111111111111111111111111111111111111111111111111111111111
11111111111111111111111111111111111111111111111111111111111111111111111111111111111111111111111111111111111111111111111111111111
11111111111111111111111111111111111111111111111111111111111111111111111111111111111111111111111111111111111111111111111111111111
11111111111111111111111111111111111111111111111111111111111111111111111111111111111111111111111111111111111111111111111111111111
11111111111111111111111111111111111111111111111111111111111111111111111111111111111111111111111111111111111111111111111111111111
11111111111111111111111111111111111111111111111111111111111111111111111111111111111111111111111111111111111111111111111111111111
11111111111111111111111111111111111111111111111111111111111111111111111111111111111111111111111111111111111111111111111111111111
11111111111111111111111111111111111111111111111111111111111111111111111111111111111111111111111111111111111111111111111111111111
11111111111111111111111111111111111111111111111111111111111111111111111111111111111111111111111111111111111111111111111111111111
11111111111111111111111111111111111111111111111111111111111111111111111111111111111111111111111111111111111111111111111111111111
11111111111111111111111111111111111111111111111111111111111111111111111111111111111111111111111111111111111111111111111111111111
11111111111111111111111111111111111111111111111111111111111111111111111111111111111111111111111111111111111111111111111111111111
11111111111111111111111111111111111111111111111111111111111111111111111111111111111111111111111111111111111111111111111111111111
11111111111111111111111111111111111111111111111111111111111111111111111111111111111111111111111111111111111111111111111111111111
11111111111111111111011111111111111111111111111111111111111111111111111111111111111111111111111111111110011111111111111111111111
11111111111111111111001101111111111111111011111101111011110001111110111011110011100110010001111111111110011111111111111111111111
11111111111111111111001101111111111111111011111101111011110001111110111011110011100110010001111111111110011111111111111111111111
11111111111111111111001101111111111111111011111101111011110001111110111011110011100110010001111111111110011111111111111111111111
11111111111111111111011101111111111111111011111101111011110001111110111011110011100110010001111111111110011111111111111111111111
11111111111111111111011101111111111111111011111101111011110001111110111011110011100110010001111111111110011111111111111111111111
11111111111111111111011101111111111111111011111101111011110001111110111011110011100110010001111111111110011111111111111111111111
11111111111111111111001111111111111111111011111101111011110001111110111011110011100110010001111111111110011111111111111111111111
11111111111111111111011111111111111111111011111101111011110001111110111011110011100110010001111111111110011111111111111111111111
11111111111111111111011111111111111111111011111101111011110001111110111011110011100110010001111111111110011111111111111111111111
11111111111111111110011111111111111111111011111101111011110001111110111011110011100110010001111111111100011111111111111111111111
11111111111111111110011111111111111111111011111101111011110001111110111011110011100110010001111111111100011111111111111111111111
11111111111111111110011111111111111111111011111101111011110001111110111011110011100110010001011111111110011111111111111111111111
11111111111111111110011111111111111111111011111101111011110001111110111011110011100110010001011111111110011111111111111111111111
11111111111111111110011111111111111111111011111101111011110001111110111011110011100110010001111111111100011111111111111111111111
11111111111111111110011111111111111111111011111101111011110001111110111011110011100110010001111111111100011111111111111111111111
11111111111111111110011111111111111111111011111101111011110001111110111011110011100110010001011111111100011111111111111111111111
11111111111111111110011111111111111111111011111101111011110001111110111011110011100110010001011111111100011111111111111111111111
11111111111111111110011111111111111111111011111101111011110001111110111011110011100110010001011111111100011111111111111111111111
11111111111111111110011011111111111111111011111101111011110001111110111011110011100110010001011111111100011111111111111111111111
11111111111111111110011011111111111111111011111101111011110001111110111011110011100110010001011111111100011111111111111111111111
11111111111111111110011011111111111111111011111101110011110001111110111011110011101110010001011111111100010111111111111111111111
11111111111111111110011011111111111111111011111101110011110001111110111011110011101110010001011111111100011111111111111111111111
11111111111111111110011011111111111111111011111101110011110001111110111011110011100110010001011111111100010111111111111111111111
11111111111111111110011011111111111111111011111101110011110001111110111011110011101110010001011111111100011111111111111111111111
11111111111111111110011011111111111111111011111101110011110001111110111011110011100110010001011111111100011111111111111111111111
11111111111111111110011011111111111111111011111101110011110001111110111011110011100110010001011111111100011111111111111111111111
11111111111111111110011011111111111111111011111101110011110001111110111011110011100110010001011111111100010111101111111111111111
11111111111111111110011011111111111111111011111101110011110001111110111011110011100110010001011011111100010111111111111111111111
11111111111111111110011011111111111111111011111101110011110001111110111011110011101110010001011111111100010111111111111111111111
11111111111111111110011011111111111111111011111101110010110001111110111011110011101110010001011111111100011111111111111111111111
11111111111111111110011011111111111111111011111101110011110001111110111011110011101110010001011111111100010111101111111111111111
11111111111111111110011011111111111111111011111101110010110001111110111011110011101110010001011011111100010111111111111111111111
11111111111111111110011011111111111111111011111101110011110001111110111011110011101110010001011011111100000111111111111111111111
11111111111111111110011011111110111111111011111101110010110001111110111011110011101110010001011011111100010111111111111111111111
11111111111111111110011011111111111111111011111101110110110001111110111011110011101110010001011011111100010111101111111111111111
11111111111111111110011011111111111111111011111101110110110001111110111011110011101110010001011011111100010111101111111111111111
11111111111111111110011011111111111111111011111101110111110001111110111011110011100110010001011011111100010111111111111111111111
11111111111111111110011011111111111111111011111101110110110001111110111011110011101110010001011011111000000111111111111111111111
11111111111111011110011011111111110111111011111101110111110001111110111011110011101110010001011011111000000111111111111111111111
11111111111111011110011011111111110111111011111101110111110001111110111011110011101110010001011011111000010111111111111111111111
11111111111111011110011011111111110111111011111101110111100001111110111011110011100110010001011011111100010111101111111111111111
11111111111111011110011011111111110111111011111101110111100001111110111011110011100110010001011011111100000111101111111111111111
11111111111111010100011011111111111111111011111101110111100001111110111011110011100110010001011011111000000111001111111111111111
11111111111111110100011011111111111111111011111101110111100001111110111011110011100110010001011011111100000111001111111111111111
11111111111111110100011011111111111111111011111101110111100001111110111011110011100110010001011011111111111111111111111111111111
11111111111111110100011011111111111111111011111101110111100001111110111011110011100110010001011011111111111111111111111111111111
11111111111111110100011011111111111111111011111101110111100001111110111011110011100110010001011011111111111111111111111111111111
11111111111111110100011011111111111111111011111101110111100001111110111011110011100110000001011011111111111111111111111111111111
11111111111111111100011011111111111111111011111101110111100001111110111011110011100110000000011011111111111111111111111111111111
11111111111111111100011011111111111111111011111101110111100001111110111011110011100110000000011011111111111111111111111111111111
11111111111111111100011011111111111111011011111101110111100001011110111011110011100110000000011011111111111111111111111111111111
11111111111111111100010011111111111111011011111101110111100001011110111011110011100110000000011011111111111111111111111111111111
11111111111111111100010011111111111111011011111101110111100001011110111011110011100110000000011011111111111111111111111111111111
11111111111111111100010011111111111111010011111101110111100001011110111011110011100110000000011011111111111111111111111111111111
11111111111111111100010011111111111111010011111101110111100001010110111011110011100110000000011011111111111111111111111111111111
11111111111111111100010011111111111111010011111101110111100001010110111011110011100110000000011011000000000000000000000000000000
11111111111111111100010011111111111111010011111101110111100001010110111011110011100110000000011011000000000000000000000000000000
11111111111111111100010011111111111111110011111101110111100001010110111011010011100110000000011011000000000000000000000000000000
11111111111111111100010011111111111111110011111101110111100001010110111011110011100110000000011011000000000000000000000000000000
11111111111111111100010011111111111111110011111101110111100001010110111011110011100110000000011011000000000000000000000000000000
11111111111111111100010011111111111111110011111101110111100001010110111011110011100110000000011011000000000000000000000000000000
11111111111111111100010011111111111111110011111101110111100001010110111011000011100110000000011011000000000000000000000000000000
11111111111111111100110011101111111111110011111101110111100001010110111011110011100110000000011011000000000000000000000000000000
11111111111111111100110011101111111111110011111101110111100001010110111011110011100110000000011011000000000000000000000000000000
11111111111111111100110111101111111111110011111101110111100001010110111011000011100110000000011011000000000000000000000000000000
11111111111111111100110111101111111111110011101101110111100001010110111010000011100110000000011011000000000000000000000000000000
11111111111111111100110111101111111111110011101101110111100001010110111000000011100110000000011011000000000000000000000000000000
11111111111111111100110111101111111111110011101101110111100001010110111000000011100110000000011011000000000000000000000000000000
11111111111111101100110111101111111111110111101101110111100001010100111000000011100110000000011011000000000000000000000000000000
11111111111111101100110111101101111111110111101101110111100001010110111010000011100110000000011011000000000000000000000000000000
11111111111111111000110111101101111111110111101001110111100001010100111011000001100110000000011011000000000000000000000000000000
11111111111111101000000111101101111111110111101001110111100001010110111011110011100110000000011011000000000000000000000000000000
11111111111111100000000111101101111111110111101001110111100001010100111011110011100110000000011011000000000000000000000000000000
11111111111111110000110111101101111111110111101001110111100001010100111011110011100110000000011011100000000000000000001100011111
11111111111110101000110111101101111111110111101001110111100001010100111011110011100110010001011111111111111111111111111111111111
11111111111110100000000111101101111111110111101001110111100001010100111011110011100110010001011111111111111111111111111111111111
11111111111110100000110111101101111111110111101001110111100001010100111011110011100110010001011111111111111111111111111111111111
11111111111110100000110111101101101111110111101001110111100011010100111011110011100110010001011111111111111111111111111111111111
11111111111110000000000111101101101111110111101001110111100011010100111011110011100110010001011111111111111111111111111111111111
11111111111110000000000111101101101111110111101001110111100011010100111011110011100110010001011111111111111111111111111111111111
11111111111110000000000111101101101111110111101001100111100001010100111011110011100110010001011111111111111111111111111111111111
11111111111110000000000111101101101111110111101001100111100011010100111011110011100110010001111111111111111111111111111111111111
11111111111110100000100111111101101111110111101001100111100011010100111011110011101110111001111111111111011111010111111111111111
11111111111110101100110111111111101111111111111111111111110011010111111111110111111111111101111111111111000111000111111111111111
11111111111110101100101111111111101111111111111111111111111111010111111111110111111101111100011100000111000011000011111111111111
11111110011110101000001111000111100000111000111111011111110111010111001111111111111001111011111111000111011100000000111111111111
11111011101110001111101111011011111101111011111110011111101111010110001111111111110001111011101111001110011100000110011111111111
11111011101110101111101110111011111101111011111111011111101111010111101111101111111101111011101111001111011100000111001111111111
11111111101110101111011111010111111011111001111111111111000111111111101111111111111101111011101111001111000001111111000111111111
11111011101111111111111111000111111011111110111111111111000011111111101111011011111101111000001111110111100001111111001111111111
11111011001111111110111110000111110111111111011111111110111111111111101111011011111101111110011111110111110011111110011111111111
11111110011111111110111110111011110111111111011111111110111101111111101111000001111101111110011111110111110111111100111111111111
11111110011111111101111110111011110111111111011111111110111111111111101111111011111101111110111111100111100111111111111111111111
11111110111111111101111110111011111111111110111111111111011011111111101111111011111101111101111100001111101111111111111111111111
11111111111111111101111110000111111111111001111111111111000111111111111111111111111111111111111111111111111111111111111111111111
11111111111111111111111111101111111111111111111111111111111111111111111111111111111111111111111111111111111111111111111111111111
11111111111111111111111111111111111111111111111111111111111111111111111111111111111111111111111111111111111111111111111111111111
11111111111111111111111111111111111111111111111111111111111111111111111111111111111111111111111111111111111111111111111111111111
11111111111111111111111111111111111111111111111111111111111111111111111111111111111111111111111111111111111111111111111111111111
11111111111111111111111111111111111111111111111111111111111111111111111111111111111111111111111111111111111111111111111111111111
11111111111111111111111111111111111111111111111111111111111111111111111111111111111111111111111111111111111111111111111111111111
11111111111111111111111111111111111111111111111111111111111111111111111111111111111111111111111111111111111111111111111111111111
11111111111111111111111111111111111111111111111111111111111111111111111111111111111111111111111111111111111111111111111111111111
11111111111111111111111111111111111111111111111111111111111111111111111111111111111111111111111111111111111111111111111111111111
11111111111111111111111111111111111111111111111111111111111111111111111111111111111111111111111111111111111111111111111111111111
11111111111111111111111111111111111111111111111111111111111111111111111111111111111111111111111111111111111111111111111111100000
11111111111111111111111111111111111111111111111111111111111111111111111111111111111111110110111110000100000000000000000000000000