11111111111111111111111111111111111111111111111111111111111111111111111111111111111111111111111111111111111111111111111111111111
11111111111111111111111111111111111111111111111111111111111111111111111111111111111111111111111111111111111111111111111111111111
11111111111111111111111111111111111111111111111111111111111111111111111111111111111111111111111111111111111111111111111111111111
11111111111111111111111111111111111111111111111111111111111111111111111111111111111111111111111111111111111111111111111111111111
11111111111111111111111111111111111111111111111111111111111111111111111111111111111111111111111111111111111111111111111111111111
11111111111111111111111111111111111111111111111111111111111111111111111111111111111111111111111111111111111111111111111111111111
11111111111111111111111111111111111111111111111111111111111111111111111111111111111111111111111111111111111111111111111111111111
11111111111111111111111111111111111111111111111111111111111111111111111111111111111111111111111111111111111111111111111111111111
11111111111111111111111111111111111111111111111111111111111111111111111111111111111111111111111111111111111111111111111111111111
11111111111111111111111111111111111111111111111111111111111111111111111111111111111111111111111111111111111111111111111111111111
11111111111111111111111101111111111111111111011111111111111111110111111111111111111111111111111111111111111111111111111111111111
11111111111111111111111101111110111111111111011111111111111111111111111111111111111111111111111111111111111111111111111111111111
11111111111111111111111100011111111111111110011111111111111111111111111111111111011111111111111111111111101111111111111111111111
11111111111111101111111111011111111111111111111111111111111111111111101111111111111111111101111111111111111111111111111111111111
11111111111111111111111111111111111111111101111111111111111111111111100111111111111111111100111111111111111111111111001111111111
11111111111111111111111111111111111111111111111111111111111111111111111111011111111111111111111111111111101111111111001111111111
11111111111111111111111111111111111111111111111111111111111111111111111111111111111111111111111111111111111111111111111111111111
11111111111111111111111111111111111111111111111111111111111111111111111111111111111111111111111111111111111111111111111111111111
11111111111111111111111111111111111111111111111111111111111111111111111111111111111111111111111111111111111111111111111111111111
11111111111111111111111111111111111111111111111111111111111111111111111111111111111111111111111111111111111111111111111111111111
11111111111111111111111111111111111111111111111111111111111111111111111111111111111111111111111111111111111111111111111111111111
11111111111111111111111111111111111111111111111111111111111111111111111111111111111111111111111111111111111111111111111111111111
11111111111111111111000110111111111111111111111111100111111111111111111111111111111111111111111111111111111111111111111111111111
11111111111111111101000100111111111111110100111011100111111110011111111111111001110110111001110100011110110011010111111111111111
11111111111111111101000100111111111111110100111011100111111110001111111111111001110010111001110100011010100011000111111111111111
11111111111111111101000100111111111111110100111011100111111110001111111111111001110010111001110100011010100011000111111111111111
11111111111111111101000100111111111111110100111011100001111110001100111111111001110010111001110100011000100011000111111111111111
11111111111111111101000100111111111111110100111011100001111110000000001111111001110010111001110100011000100011000111111111111111
11111111111111111101000100111111111111110100111011100001111110000000111111111001110010111001110100011010100011000111111111111111
11111111111111110101000100111111111111110100111011100001111110000000111111111001110010011001110000011010100011000111111111111111
11111111111111110101000100111111111111110000111011100001111110000000111111100001110010011001110100011010100011000111111111111111
11111111111111110101000100111111111111110100111011100001111110000000111111111001110010011001110100011010100011000111111111111111
11111111111111110101000100111111111111110100111011100001111110000000001111111001110010011000110100011010100011000111111111111111
11111111111111111101000100111111111111110100111011100001111110000000001111111001110010011000110100011010100011000111111111111111
11111111111111111101000100111111111111110100111011100001111110000011001111111000110010011000110100011010100011000111111111111111
11111111111111111101000100111111111111110100111011100001111110000011111111100001110010011000110100011010100011000111111111111111
11111111111111111101000100111111111111110100111011100001111110000000111111100001110010011000110100011010100011000111111111111111
11111111111111111101000100111111111111110100111011100001111110000000111111100001110010011000110100011010100011000111111111111111
11111111111111111101000100111111111111110100111011100001111110000000111111100001110010011000110100011010100011000111111111111111
11111111111111111101000100111111111111110100111011100001111110000000111111100001110010011000110100011010100011000111111111111111
11111111111111111101000100111111111111110100111011100001111110000000111111100001110010011000110100011010100011000111111111111111
11111111111111111101000100111111111111110100111011100001111110000000111111100001110010011000110100011010100011000111111111111111
11111111111111111101000100111111111111110100111011100001111110000000001111100001110010011000110100011010100011000111111111111111
11111111111111111101000100111111111111110100111011100001111110000000001111100001110010011000110100011010100011000111111111111111
11111111111111111101000100111111111111110100111011100001111110000000001111100001110010011000110100011010100011000111111111111111
11111111111111111101000100111111111111110100111011100001111110000000001111100000110010011000110100011010100011000111111111111111
11111111111111111101000100111111111111110100111011100001111110000000001111100000110010011000110100011010100011000111111111111111
11111111111111111101000100111111111111110100111011100001111110000000001111100000110010011000110100011010100011000111111111111111
11111111111111111101000100111111111111110101111011100001111110000000001111100000110010011000110100011010100011000111111111111111
11111111111111111101000100111111111111110101111011100001111110000000001111100000110010011000110100011010100011000111111111111111
11111111111111111101000100111111111111110101111011100001111110000000001111100000110010011000110100011010100011000111111111111111
11111111111111111101000100111111111111110101111011100001111110000000001111100000110000011000110100011010100011000111111111111111
11111111111111111101000100111111111111110101111011100001111110000000001111100000110000011000110100011010100011000111111111111111
11111111111111111101000100111111111111110101111011100001111110000000001111100000110000011000110100011010000011100111111111111111
11111111111111111101000100111111111111110101111011100001111110000000001111100000110000011000110000011010100011100111111111111111
11111111111111111101000100111111111111110101111011100001111110000000001111100000110000011000110000011010100011100111111111111111
11111111111111111111000100111111111111110101111011100001111110000000001111100000110000011000110000011010100011100111111111111111
11111111111111111111000100111111111111110101111011100001111110000000001111100000110000011000110000011000000011100111111111111111
11111111111111111111000100111111111111110101111011100001111110000000001111100000110000011000110000011000000011100111111111111111
11111111111111111111000100111111111111110101111011100001111110000000001111100000110000011000110000011000000011100111111111111111
11111111111111111111000100111111111111110101111011100001111110000000001111100000110000011000110000011000110011100111111111111111
11111111111111111111000100111011111111110101111011100001111110000000001111100000110000011000110000011010110011100111111111111111
11111111111111111111000100111011111111110101111011100001111110000000001111101000110000011000110000011110000011100111111111111111
11111111111111111111000100111011111111110101111011100001111110000000001111101000110000011000110000011100110011100111111111111111
11111111111111111111000100111011111111110101111011100001111110000000001111100000110000011000110000011100110011100111111111111111
11111111111111111111000100111011111111110101111011100001111110000000001111100000110000011100110000011100110011100111111111111111
11111111111111111111000100111011111111110101111011100001111110000000001111100000110000011100110000011100110011100111111111111111
11111111111111111111000100111011111111110101111011100001111110000000001111100000110000011100110000011100110011100111111111111111
11111111111111111111000100111011111111110101111011100001111110000000001111100000110000011000110000011100110011100111111111111111
11111111111111111111000100111011111111110101111011100001111110000000001111101000110000011000111000011111110011100111111111111111
11111111111111111111000100111011111111110101111011100001111110000000001111101000110010011100111000011111110011100111111111111111
11111111111111111111000101111011111111110101111011100001111110000000001111101000110010011100111000011111110011100111111111111111
11111111111111111111000101111011111111110101111011100001111110000000001111101000110010011100111000011100110011100111111111111111
11111111111111111111000101111011111111110101111011100001111110000000001111101000110010011100111000011111110011100111111111111111
11111111111111111111000101111011111111110101111011100001111110000000001111101000110010011100111000011111110011100011111111111111
11111111111111111111000101111011111111110101111011100001111110000000001111101000110000011100111000011111110011100111111111111111
11111111111111111111000101111011111111110101111011100001111110000000001111101000110010011100111000011111110011111111111111111111
11111111111111111111000101111011111111110101111011100001111110000000001111101000110010011100111000011100110011111111111111111111
11111111111111111111000101111011111111110101111011100001111110000000001111101000110010011100111000011111110011100011111111111111
11111111111111111111001101111011111111110101111011100001111110000000001111101000110010011100111000011111110011100111111111111111
11111111111111111111001101111011111111110101111011100001111110000000001111101000110010011100111000011111110011100111111111111111
11111111111111111111001101111011111111110101111011100001111110000000001111100000111010011100111000011111110011100111111111111111
11111111111111111111001101111011111111110101111011100001111110000000001111100000111010011100111000011111110011100011111111111111
11111111111111111111001101111011111111110101111011100001111110000000001111101000111010011100111000011100110011100011111111111111
11111111111111111111001101111011111111110101111011100001111110000000001111101000111010011100111110011111110011101011111111111111
11111111111111111111001101111011111111110101111011100001111110000000001111101000111010011100111110011111110001101011111111111111
11111111111111111111001101111011111111110101111011100001111110000000001111101000111010011100111110011111110001101011111111111111
11111111111111111111001101111011111111110101111011100001111110000000001111101000111010011100111110011111110001101011111111111111
11111111111111111111001101111011111111110101111011100001111110000000001111101000111010011100111110011111000001101011111111111111
11111111111111101111001101111011111111110101111011000001111110000000011111101000111010011100111000011111000001101011111111111111
11111111111111101111001101111011111111110101111011000001111110000000001111101000111010011100111000011111010001101011111111111111
11111111111111101111001101111011111111110101111011100001111110000000001111101000111010011100111000011111010001101011111111111111
11111111111111101111001101111011111111111101111011100001111110000000001111101000111010011100111110011100000001101011111111111111
11111111111111101111001101111011111111111101111011100001111110001111001111101000111010011100111110011100000001101011111111111111
11111111111111101111001101111011111111111101111011000001111110000111000111101000111010011100111110011101010001101011111111111111
11111111111111101111001101111011111111111101111011000001111110001111010111101000111010011100111110011101010001101011111111111111
11111111111111101111001101111011111111111101111011000001111110001100010111101000111010011100111110011100010001101011111111111111
11111111111111101111001101111011111111111101111011000001111110000000000111100000111010011100111110011101010001101011111111111111
11111111111111101111001101111011111111111101111011000001111110010000000111101000111010011100111000001101010001101011111111111111
11111111111111101111001101111011111111111101111011000001111110010000000111101000111010011100111000001101010001101011111111111111
11111111111111101111001101111111111111111101111011000001111110010000000111101000111010011100111000001101010001101011111111111111
11111111111111101011001101111111111111111101111011000101111110010000000111101000111010011100111000001101010001101011111111111111
11111111111111101011001101111111111111111101111011000111111110011100000111101000111011011100111000001101010001101011111111111111
11111111111111101011001101111111111111111101111011000111111110011100010111101000111011011100111000001101010001111011111111111111
11111111111111101011001101111111111111111101111011000111111110010000010111101000111011011100111000001101010001111011111111111111
11111111111111101011001101111111111111111101111111100111111110010001111111111100111011011100111110011111111001111111111111111111
11111111111111101011011111111111111111111111111111111111111111110011111111111111111111111111111111111111111111111111111111111111
11111111111111101011111111111111111111111111111111111111111111110011111111111111111111111111111111111111111111111111111111111111
11111111111111101011100011111111111100011110111111111111110011110111111011111111111011111111111111111111111111111111111111111111
11111111111111101011111101111111111111011111111111101111111111111111111111111111111111111111111111111011111111111111111111111111
11111111111111101011111111111111111111011111111111111111111111110011111111111111111111111111110110111011101111111111110111111111
11111111111111101011111111111111111111111110111111111111111111110011110111111111111111111111110110111011101111111111111011111111
11111111111111101011111111111111111111111111111111011111111111111111100011110111111111111111110110111011111111111111111111111111
11111111111111111011111111111111111111111111111111111111111111111111101111110111111111111111110110111011111111111111111101111111
11111111101111111111111111111111111111111111110111111011111111111111111111110110111111111111110111111011111011111111111111111111
11111111111111111111111111111111111111111111111111110011101111111111111111111110111011111111110111111011111011111111111111111111
11111111111111111111111111111111111111111111111111111111101111111111101111111111111011111111111111111111111111111111111111111111
11111111111111111111111111111111111111111110011111111111110001111111111011111111111100011111011111111111111111111111111111111111
11111111111111111111111111111111111111111111111111111111111111111111111111111111111111111111111111111111111111111111111111111111
11111111111111111111111111111111111111111111111111111111111111111111111111111111111111111111111111111111111111111111111111111111
11111111111111111111111111111111111111111111111111111111111111111111111111111111111111111111111111111111111111111111111111111111
11111111111111111111111111111111111111111111111111111111111111111111111111111111111111111111111111111111111111111111111111111111
11111111111111111111111111111111111111111111111111111111111111111111111111111111111111111111111111111111111111111111111111111111
11111111111111111111111111111111111111111111111111111111111111111111111111111111111111111111111111111111111111111111111111111111
11111111111111111111111111111111111111111111111111111111111111111111111111111111111111111111111111111111111111111111111111111111
11111111111111111111111111111111111111111111111111111111111111111111111111111111111111111111111111111111111111111111111111111111
11111111111111111111111111111111111111111111111111111111111111111111111111111111111111111111111111111111111111111111111111111111
11111111111111111111111111111111111111111111111111111111111111111111111111111111111111111111111111111111111111111111111111111111