11111111111111111111111111111111111111111111111111111111111111111111111111111111111111111111111111111111111111111111111111111111
11111111111111111111111111111111111111111111111111111111111111111111111111111111111111111111111111111111111111111111111111111111
11111111111111111111111111111111111111111111111111111111111111111111111111111111111111111111111111111111111111111111111111111111
11111111111111111111111111111111111111111111111111111111111111111111111111111111111111111111111111111111111111111111111111111111
11111111111111111111111111111111111111111111111111111111111111111111111111111111111111111111111011111111111111111111111111111111
11111111111111111111111111111111111111111111111111111111111111111111111111111111111111111111111111111111111111111111111111111111
11111111111111111111111111111111111111111111111111111111111100111111111111111001111111111111111111110111111111111111111111111111
11111111111111111111101111111111111111111111111111111111111111111111111111111111111111111111111111111111111111111111111111111111
11111111111111111111101111111111111111111111111111111111111111111111111110111111111111111111111111111111111111111111111111111111
11111111111111111111111111111111111111111111111111111111111111111111111111111111111111111111111111111111111111111111111111111111
11111111111111111111111111111111111111111111111111111111111111111111111111111111111111111111111111111111111111111111111111111111
11111111111111111111111111111111111111111111111111111111111111111111111111111111111111111111111111111111111111111111111111111111
11111111111111111111111111111111111111111111111111111111111111111111111111111111111111111111111111111111111111111111111111111111
11111111111111110011111111111111111111111111111111111111111111111111111111111111111111111111111111111111111111111111111111111111
11111111111010110011001111111011111110110111111100011110111001111011111111110111011111111111111111111111111111111111111111111111
11111111111010110011001111111011111110110111111100011110011001111011111111100111011010111111111011111101111111111111111111111111
11111111111010110011001111111011111110110111111100011110011001111011111111100111011010111111111011111101111111111111111111111111
11111111111010110011001111111011111110110111111100011110011001111111111111100111011010111111111011111101111111111111111111111111
11111111111110110011001111111011111110110111111100011110111001111111111111100111011010111111111011111101111111111111111111111111
11111111111010110011001111111011111110110111111100011110111001111111111111100111011010111111111111111101111111111111111111111111
11111111111110110011001111111011111110110111111100011110111001111111111111100111011010111111111111111101111111111111111111111111
11111111111110110011001111111011111110110111111100011110111001111111111111100111011010111111111111111101111111111111111111111111
11111111111110110011001111111011111111110111111100011110111001111111111111100111011010111111111111111111111111111111111111111111
11111111111110110011001111111011111111110111111100011110111001111111111111100111011010111111111111111111111111111111111111111111
11111111111110110011001111111011111111110111111100011110111001111111111111100111011010111111111111111111111111111111111111111111
11111111111110110011001111111011111111110111111100011110111001111111111111100111011010111111111111111111111111111111111111111111
11111111111110110011001111111011111111110111111100011110111001111111111111100111011010111111111111111111111111111111111111111111
11111111111110110011001111111011111111110111111100011110111001111111111111100111011010111111111111111111111111111111111111111111
11111111111110110011001111111011111111110111111100011110111001111111111111100111011010111111111111111111111111111111111111111111
11111111111110110011001111111011111111110111111100011110111001111111111111100111011010111111111111111111111111111111111111111111
11111111111110110011001111111011111111110111111100011110111001111111111111100111011010111111111111111111111111111111111111111111
11111111111110110011001111111011111111110111111100011110111001111111111111100111011010111111111011111111111111111111111111111111
11111111111110110011001111111011111111110111111100011110111001111111111111100111011010111111111011111111111111111111111111111111
11111111111110110011001111111011111111110111111100011110111001111111111111100111011010111111111011111111111111111111111111111111
11111111111110110011001111111011111111110111111100011110111001111111111111100111011010111111111011111111111111111111111111111111
11111111111110110011001111111011111111110111111100011110111001111111111111100111011010111111111011111111111111111111011111111111
11111111111110110011011111111011111111110111111100011110111001111111111111100111011010111111111011111111111111111111011111111111
11111111111110110011011111111011111111110111111100011110111001111111111111100111011010111111111011111111111111111101011111111111
11111111111110110011011111111011111111110111111100011110111001111111111111100111011010111111111011111111111111111101011111111111
11111111111110110011011111111011111111110111111100011110111001111111111111100111011010111111111011111111111111111101011111111111
11111111111110110011011111111111111111110111111100011110111001111111111111100111011010111111111011111111111111111101011111111111
11111111111110110011011111111111111111110111111100011110111001111111111111100111011010111111111011111111111111111101011111111111
11111111111110110011011111111111111111110111111100011110111001111111111111100111011010111111111011111111111111111101011111111111
11111111111110110011011111111111111111110111111100011110111001111111111111100111011010111111111011111111111111111101011111111111
11111111111110110011011111111111111111110111111100011110111001111111111111100111011010111111111011111111111111111101011111111111
11111111111110110011011111111111111111110111111100011110111001111111111111100111011010111111111011111111111111111101011111111111
11111111111110110011011111111111111111110111111100011110111001111111111111100111011010111111111011111111111111111101011111111111
11111111111110110011011111111111011111110111111100011110111001111111111111100111011010111111111011111111111111111101011111111111
11111111111110110011011111111111011111110111111100011110111001111111111111100111011010111111111011111111111111111101011111111111
11111111111110110011011111111111011111110111111100011110111001111110111111100111011010111111111011111111111111111101011111111111
11111111111110110011011111111111011111110111111100011110111001111110111111100111011010111111111011111111111111111101011111111111
11111111111111110011011111111111011111110111111100011110111001111110111111100111011010111111111011111111111111111100011111111111
11111111111111110011011111111111011111110111111100011110111001111111111111100111011010111111111011111111111111111100011111111111
11111111111111110011011111111111011111110111111100011110111001111110111111100111011010111111111011111111111111111100011111111111
11111111111111110011011111111111011111100111111100011110111001111110111111100111011010111111111011111111111111111100011111111111
11111111111111110011011111111111011111100111111100011110111001111110111111100111011010111111111011111111111111111100011111111111
11111111111111110011011111111111011111100111111100011110111001111110111111100111011010111111111011111111111111111100011111111111
11111111111111100011011111111111011111100111111100011110111001111110111111100111011010111111111011111111111111111100011111111111
11111111111111100011011111111111011111100111111100011110111001111110111111100111011010111111111011111111111111111100011111111111
11111111111111100011011111111111011111100111111100011110111001111110111111100111011010111111111011111111111111111100011111111111
11111111111111100011011111111111011111100111111100011110111001111110111111100111011010111111111011111111111111111100011111111111
11111111111111100011011111111111011111100111111100011110111001111110111111100111011010111111111011111111111111111100011111111111
11111111111111100011011111111111011111100111111100011110111001111110111111100111011010111111111011111111111111111100011111111111
11111111111111100011011111111111011111100111111100011110111001111110111111100111011010111111111011111111111111111100011111111111
11111111111111100011011111111111011111100111111100011110111001111110111111100111011110111111111011111111111111111100011111111111
11111111111111100011011111111111011111100111111100011110111001111110111111100111011110111111111011111111111111111100011111111111
11111111111111100011011111111111011111100111111100011110111001111110111111100111011110111111111011111111111111111100011111111111
11111111111111100011011111111111011111100111111100011110111001111110111111100111011010111111111011111111111111111100011111111111
11111111111111100011011111111111011111100111111100011110111001111110111111100111011010111111111011111111111111111100011111111111
11111111111111100011011111111111011111100111111100011110111001111110111111100111011110111111111011111111111111111100011111111111
11111111111111100011011111111111011111100111111100011110111001111110111111100111011110111111111011111111111111111100011111111111
11111111111111100011011111111111011111100111111100011110111001111110111111100111011110111111111011111111111111111100011111111111
11111111111111100011011111111111011111100111111100011110111001111110111111100111011110111111111011111111111111111100011111111111
11111111111111100011011111111111011111100111111100011110110001111110111111100111011010111111111011111111111111111100011111111111
11111111111111100011011111111111011111100111111100011110110001111110111111100111011110111111111011111111111111111100011111111111
11111111111111100011011111111111011111100111111100011110110001111110111111100111011110111111111011111111111111111100011111111111
11111111111111100011011111111111011111100111111100011110110001111110111111100111011110111111111011111111111111111100011111111111
11111111111111100011011111111111011111100111111100011110111001111110111111100111011110111111111011111111111111111100011111111111
11111111111111100011011111111111011111100111111100011110111001111110101111100111011110111111111011111111111111111100011111111111
11111111111111100011011111111111011111100111111100011110110001111110101111100111011110111111111011111111111111111100011111111111
11111111111111100011011111111111011111100111111100011110110001111110101111100111011110111111111011111111110111111100011111111111
11111111111111100011011111111111011111100111111100011110110001111110101111100111011110111111111011111111110111111100011111111111
11111111111111100011011111111111011111100111111100011110110001111110101111100111011110111111111011111111110111111100011111111111
11111111111111100011011111111111011111100111111100011110110001111110101111100111011110111111111011111111110111111100011111111111
11111111111111100011011111111111011111100111111100011110110001111110101111100111011110111111111011111111110111111100011111111111
11111111111111100011011111111111011111100111111100011110110001111110101111100111011110111111111011111111110111111100011111111111
11111111111111100011011111111111011111100111111100011110110001111110101111100111011110111111111011111111110111111100011111111111
11111111111111100011011111111111011111100111111100011110110001111110101111100111011110111111111011111111110111111100011111111111
11111111111111100011011111111111011111100111111100111110110001111110101111100111011110111111111011111111110111111100011111111111
11111111111111100011011111111111011111100111111100111110110001111110101111100111011110111111111011111111110111111100011111111111
11111111111111100011011111111111011111100111111100111110110001111110101111100111011110111111111011111111110111111100011111111111
11111111111111100011011111111111011111100111111100111110110001111110101111100111011110111111111011111111110111111100011111111111
11111111111111100011011111111111011111100111111100111110110001111110101111100111011110111111111011111111110111111100011111111111
11111111111111100011011111111111011111100111111100111110110001111110101111100111011110111111111011111111110111111100011111111111
11111111111111100011011111111111011111100111111100111110110001111111101111100111011110111111111011111111110111111100011111111111
11111111111111100011011111111111011111100111111100111110110001111111101111100111011110111111111011111111110111111100011111111111
11111111111111100011011111111111011111100111111100111110110001111111101111100111011110111111111011111111110111111100011111111111
11111111111111100011011111111111011111100111111100111110110001111111101111100111011110111111111011111111110110111100011111111111
11111111111111100011011111111111011111100111111100111110110001111111101111100111011110111111111011111111110111111100011111111111
11111111111111100011011111111111011111100111111100111110110001111111101111100111011110111111111011111111110111111100011111111111
11111111111111100011011111111111011111100111111100111110110001111111101111100111011110111111111011111111110111111100011111111111
11111111111111100011011111111111011111101111111100111110110001111111101111100111011110111111111011111111110111111100011111111111
11111111111111100011011111111111011111100111111100111110110001111111101111100111011110111111111011111111110111111101011111111111
11111111111111100011011111111111011111100111111100111110110001111111101111100111011110111111111011111111110111111111011111111111
11111111111111100011011111111111011111100111111100111110110001111111101111100110011110111111111011111111110111111111011111111111
11111111111111100011011111111111011111101111111100111110110001111111101111100110011110111111111011111111110111111111011111111111
11111111111111100011011111111111011111101111111100111110110001111111101111100110011110111111111011111111110111111111011111111111
11111111111111100011011111111111011111100111111100111110110001111111101111100110011110111111111011111111110111111111011111111111
11111111111111100011011111111111011111100111111100111110110001111111101111100110011111111111111011111111110110111111011111111111
11111111111111100011011111111111011111100111111100111110110001111111101111100110011111111111111011111111110110111111011111111111
11111111111111100011011111111111011111100111111100011110110001111111101111100110011111111111111011011111110110111111011111111111
11111111111111100011011111111111011111100111111100011110110001111111101111100110011111111111111011011111110110111111011111111111
11111111111111100011011111111111011111100111111100011110110001111111101111100110011111111111111011011111110110111111011111111111
11111111111111100011011111111111011111100111111100011110110001111111101111100110011111111111111011011111110110111111011111111111
11111111111111100011011111111111011111100111111100011110110001111111101111100110011111111111111011011111110110111111011111111111
11111111111111111111111111111111111111101111111100111110110001111111101111101111011111111111111011111111111111111111011111111111
11111111111111111111111111111111111111111111111111111111111111111111111111111111111111111111111111111111111111111111011111111111
11111111111111111111111111111111111111111111111111111111111111111111111111111111111111111111111111111111111111111111111111111111
11111111111111111111111111111111111111111111111111111111111111111111111111111111111111111111111111111111111111111111011111111111
11111111111111111101111111111111111111111111111111111111111111111111111111111111111111111111110111111111111111111111011111111111
11111111111111111111111111111111111111111111111111111111111111111111111111111101111111111111111111111111111111111111111111111111
11111111111111111111111111111111111111111111111111111111111111111111110111111111111111111111111111111111111111111111111111111111
11111111111111111111111111111111111111111111111111111111011111111111111111111111111110111111111111111001111110111111111111111111
11111111111111111111111111111111111111111111111111111111111111111111111111111111111111111111111111111111111111111111111111111111
11111111111111111111111111111111111111111111111111111111111111111111111111111111111111111111111111111111111111111111111111111111
11111111111111111111111111111111111111111111111111111111111111111111111111111111111111111111111111111111111111111111111111111111
11111111111111111111111111111111111111111111111111111111111111111111111111111111111111111111111111111111111111111111111111111111
11111111111111111111111111111111111111111111111111111111111111111111111111111111111111111111111111111111111111111111111111111111