11111111111111111111111111111111111111111111111111111111111111111111111111111111111111111111111111111111111111111111111111111111
11111111111111111111111111111111111111111111111111111111111111111111111111111111111111111111111111111111111111111111111111111111
11111111111111111111111111111111111111111111111111111111111111111111111111111111111111111111111111111111111111111111111111111111
11111111111111111111111111111111111111111111111111111111111111111111111111111111111111111111111111111111111111111111111111111111
11111111111111111111111111111111111111111111111111111111111111111111111111111111111111111111111111111111111111111111111111111111
11111111111111111111111111111111111111111111111111111111111111111111111111111111111111111111111111111111111111111111111111111111
11111111111111111110111111111111111111111111111111111111111111111111111111111111111111111111111111111111111111111111111111111111
11111111111111111111111111111111111111111111011110011111111110011111111111111111111111111111111111111111111111111111111111111111
11111111111111111111111111111111111111111111111111111111111111111111111111111111111111111111111111111111111111111111111111111111
11111111111111111111101111111111111111111111111111111111111111111111111111111111111111111111111111111111111111111111111111111111
11111111111111111111111111111111111111111111111111111111111111111111111111111111111111111111111111111111111111111111111111111111
11111111111111111111111111111111111111111111111111111111111111111111111111111111111111111111111111111111111111111111111111111111
11111111111111111111111111111111111111111111111111111111111111111111111111111111111111111111111111111111111111111111111111111111
11111111111111111111111111111111111111111111111111111111111111111111111111111111111111111111111111111111111111111111111111111111
11111111111111111111111111111111111111111111111111111111111111111111111111111111111111111111111111111111111111111111111111111111
11111111111111111011101111111111111111111111111111001111000110111111111001111011011111100111111111111111111111000111111111111111
11111111111111110001101111111111101111110011111110001111000110111101111001111011011111000111111111111111111111000111111111111111
11111111111111110001101111111111101111110011111110001111000110111101111001111011011111000111111111111111111111000111111111111111
11111111111111110001101111111111101111110011111110001111000110111101111001111011011111000111111111111111111111000111111111111111
11111111111111110001101111111111101111110011111110001111000110111101111001111011011111000111111111111111111111000111111111111111
11111111111111110001101111111111101111110011111110001111000110111101111001111011011111000111111111111111111111000111111111111111
11111111111111110001101111111111101111110011111110001111000110111101111001111011011101000111111111111111111111000111111111111111
11111111111111110001101111011111101111110011111110001111000110111101111001110011011111000111111111111111111111000111111111111111
11111111111111110001101111011111101111110011111110001111000110111101111001110011011101000111111111111111111111000111111111111111
11111111111111110001101111111111101111110011111110001111000110111101111001111011011101000111111111111111111111000111111111111111
11111111111111110001101111111111101111110011111110001111000110111101111001111011011101000111111111111111111111000111111111111111
11111111111111110001101111111111101111110011111110001111000110111101111001111011011101000111111111111111111111000111111111111111
11111111111111110001101111111111101111110011111110001111000110111101111001111011011101100111111111111111111111000111111111111111
11111111111111110001101111111111101111110011111110001111000110111101111001111011011101000111111111111111111111000111111111111111
11111111111111110001101111111111101111110011111110001111000110111101111001111011011101000111111111111111111111000111111111111111
11111111111111110001101111111111101111110011111110001111000110111101111001111011011101000111111111111111111111000111111111111111
11111111111111110001101111111111101111110011111110001111000110111101111001111011011101000111111111111111111111000111111111111111
11111111111111110001101111111111101111110011111110001111000110111101111001111011011101000111111111111111111111000111111111111111
11111111111111110001101111111111101111110011111110001111000110111101111001111011011101000111111111111111111111000111111111111111
11111111111111110001101111111111101111110011111110001111000110111101111001111011011111000111111111111111111111000111111111111111
11111111111111110001101111111111101111110011111110001111000110111101111001111011011111000111111111111111111111000111111111111111
11111111111111110001101111111111101111110011111110001111000110111101111001111011011111000111111111111111111111000111111111111111
11111111111111110001101111111111101111110011111110001111000110111101111001111011011101000111111111111111111111000111111111111111
11111111111111110001101111111111101111110011111110001111000110111101111001110011011101000111111111111111111111000111111111111111
11111111111111110001101111111111101111110011111110001111000110111101111001111011011101000111111111111111111111000111111111111111
11111111111111110001101111111111101111110011111110001111000110111101111001111011011111000111111111111111111111000111111111111111
11111111111111110001101111111111101111110011111110001111000110111101111001111011011111000111111111111111111111000111111111111111
11111111111111110001101111111111101111110011111110001111000110111101111001111011011101000111111111111111111111000111111111111111
11111111111111110001101111111111101111110011111110001111000110111101111001111011011101000111111111111111111111000111111111111111
11111111111111110001101111111111101111110011111110001111000110111101111001111011011101000111111111111111111111000111111111111111
11111111111111110001101111111111101111110011111110001111000110111101111001110011011101000111111111111111111111000111111111111111
11111111111111110001101111111111101111110011111110001111000110111101111001110011011101000111111111111111111111000111111111111111
11111111111111110001101111111111101111110011111110001111000110111101111001110011011101000111111111111111111111000111111111111111
11111111111111110001101111111111101111110011111110001111000110111101111001110011011101000111111111111111111111000111111111111111
11111111111111110001101111111111101111110011111110001111000110111101111001110011011101000111111111111111111111000111111111111111
11111111111111110001101111111111101111110011111110001111000110111101111001110011011101000111111111111111111111000111111111111111
11111111111111110001101111111111101111110011111110001111000110111101111001110011011101000111111111111111111111000111111111111111
11111111111111110001101111111111101111110011111110001111000110111101111001110011011101000111111111111111111111000111111111111111
11111111111111110001101111111111101111110011111110001111000110111101111001111011011101000111111111111111111111000111111111111111
11111111111111110001101111111111101111110011111110001111000110111101111001111011011101000111111111111111111111000111111111111111
11111111111111110001101111111111101111110011111110001111000110111101111001110011011101000111111111111111111111001111111111111111
11111111111111110001101111111111101111110011111110001111000110111101111001110011011101000111111111111111111111001111111111111111
11111111111111110001101111111111101111110011111110001111000110111101111001111011011101000111111111111111111111001111111111111111
11111111111111110001101111111111101111110011111110001111000110111101111001111011011101000111111111111111111111001111111111111111
11111111111111110001101111111111101111110011111110001111000110111101111001111011011101000111111111111111111111001111111111111111
11111111111111110001101111111111101111110011111110001111000110111101111001111011011101000111111111111111111111000111111111111111
11111111111111110001101111111111101111111011111110001111000110111101111001111011011101000111111111111111111111000111111111111111
11111111111111110001101111111111101111111011111110001111000110111101111001110011011101000111111111111111111111001111111111111111
11111111111111110001101111111111101111111011111110001111000110111101111001110011011101000111111111111111111111001111111111111111
11111111111111110001101111111111101111111011111110001111000110111101111001110011011101000111111111111111111111001111111111111111
11111111111111110001101111111111101111111011111110001111000110111101111001111011011111000111111111111111111111001111111111111111
11111111111111110001101111111111101111111011111110001111000110111101111001111011011101000111111111111111111111001111111111111111
11111111111111110001101111111111101111111011111110001111000110111111111001111011011111000111111111111111111111001111111111111111
11111111111111110001101111111111101111110011111110001111000110111111111001110011011111000111111111111111111111001111111111111111
11111111111111110001101111111111101111110011111110001111000110111111111001110011011111000111111111111111111111001111111111111111
11111111111111110001101111111111101111110011111110001111000110111111111001110011011111000111111111111111111111001111111111111111
11111111111111110001101111111111101111110011111110001111000110111111111001110011011111000111111111111111111111001111111111111111
11111111111111110001101111111111101111110011111110001111000110111111111001110011011111000111111111111111111111001111111111111111
11111111111111110001101111111111101111110011111110001111000110111111111001110011011111000111111111111111111111001111111111111111
11111111111111110001101111111111101111110011111110001111000110111111111001110011011111000111111111111111111111001111111111111111
11111111111111110001101111111111101111110011111110001111000110111111111001110011011111000111111111111111111111001111111111111111
11111111111111110001101111111111101111110011111110001111000110111111111001110011011111000111111111111111111111001111111111111111
11111111111111110001101111111111101111110011111110001111000110111111111001110011011111000111111111111111111111001111111111111111
11111111111111110001101111111111101111110011111110001111000110111111111001110011011111000111111111111111111111001111111111111111
11111111111111110001101111111111101111110011111110001111000110111111111001110011011111000111111111111111111111001111111111111111
11111111111111110001101111111111101111110011111110001111000110111111111001110011011111000111111111111111111111001111111111111111
11111111111111110001101111111111101111111011111110001111000110111111111001110011011111000111111111111111111111001111111111111111
11111111111111110001101111111111101111111011111110001111000110111111111001110011011111000111111111111111111111001111111111111111
11111111111111110001101111111111101111111011111110001111000110111111111001110011011111000111111111111111111111001111111111111111
11111111111111110001101111111111101111111011111110001111000110111111111001110011011111000111111111111111111111001111101111111111
11111111111111110001101111111111101111111011111110001111000110111111111001110011011111000111111111111111111111001111101111111111
11111111111111010001101111111111101111111011111110001111000110111111111001110010011111000111111111111111111111001111111111111111
11111111111111010001101111111111101111111011111110001111000110111111111001110010011111000111111111111111111111001111111111111111
11111111111111110001101111111111101111111011111110001111000110111111111001110011011111000111111111111111111111001111111111111111
11111111111111110001101111111111101111111011111110001111000110111111111001110010011111000111111111111111111111001111111111111111
11111111111111110001101111111111101111110011111110001111000110111111011001110010011111000111111111111111111111001111111111111111
11111111111111110001101111111111101111110011111110001111000110111111111001110010011111000111111111111111111111001111111111111111
11111111111111010001101111111111101111110011111110001111000110111111111001110010011111000111111111111111111111001111111111111111
11111111111111010001101111111111101111110011111110001111000110111111111001110010011111000111111111111111111111001111111111111111
11111111111111110001101111111111101111111011111110001111000110111111111001110010011111000111111111111111111111001111111111111111
11111111111111010001101111111111101111111011111110001111000110111111111001110010011111000111111111111111111111001111111111111111
11111111111111010001101111111111101111110011111110001111000110111111011001110010011111000111111111111111111111001111111111111111
11111111111111010001101111111111101111110011111110001111000110111111111001110010011111000111111111111111111111001111111111111111
11111111111111010001101111111111101111110011111110001111000110111111111001110010011111000111111111111111111111001111111111111111
11111111111111010001101111111111101111110011111110001111000110111111111001110010011111000111111111111111111110001111111111111111
11111111111111010001101111111111101111110011111110001111000110111111111001110010011111000111111111101111111110001111111111111111
11111111111111010001101111111111101111111011111110001111000110111111111001110010011111000111111111101111111110001111111111111111
11111111111111011001101111111111101111111011111110001111000110111111011001110010011111000111111111101111111110001111111111111111
11111111111111010001101111111111101111111011111110001111000110111111011001110010011111000111111111101111111110001111111111111111
11111111111111011001101111111111101111111011111110001111000110111111011001110010011111000111111111101111111110001111111111111111
11111111111111011001101111111111101111111011111110001111000110111111011001110010011111000111111111101111111110001111111111111111
11111111111111011001101111111111101111110011111110001111000110111111011001110010011111000111111111101111111110001111111111111111
11111111111111011001101111111111101111111011111110001111000110111111011001110010011111000111111111101111111110001111111111111111
11111111111111011001101111111111101111111011111110001111000110111111011001110010011111000111111111101111111110001111111111111111
11111111111111011001101111111111101111111011111110001111000110111111111001110010011111000111111111101111111110001111111111111111
11111111111111011001101111111111101111111011111110001111000110111111011001110010011111000111111111101111111110001111111111111111
11111111111111011001101111111111101111110011111110001111000110111111011001110010011111000111111111101111111110001111111111111111
11111111111111011001101111111111101111110011111110001111000100111111011001110010011111000111111111101111111110001111111111111111
11111111111111011001101111111111101111110011111110001111000100111111010001110010011111000111111111101111111110001111111111111111
11111111111111010001101111111111101111110011111110001111000100111111010001110010011111000111111111101111111110001111111111111111
11111111111111010001101111111111101111110011111110001111001100111111010001110010011111000111111111101111111110001111111111111111
11111111111111011001101111111111101111110011111110001111001100111111010001110010011111000111111111101111111110001111111111111111
11111111111111011001101111111111101111111011111110001111001110111111111001111111111111111111111111111111111111111111111111111111
11111111111111011111111111111111111111111111111111111111111111111111111111111111111111111111111111111111111111111111111111111111
11111111111111011111111111111111111111111111111111111111111111111111111111111111111111111111111111111111111111111111111111111111
11111111111111011111111111111111111111111111111111111111111111111111111111111111111111111111111111111111111111111111111111111111
11111111111111011111111111111111111111111111111111111111111111111111111111111111111111111111111111111111111111111111111111111111
11111111111111011110111111111111111111111111111111111111111111111111111111111111111111111111111111111111111111111111111111111111
11111111111111011111111111111111111111111111111111111111111111111111111111111111111111111111111111111111111111111111111111111111
11111111111111011111111111111111111111111111111111111111111111111111111111111111111111111111111111111111111111111111111111111111
11111111111111111111111111111111111111111111111111111111111111111111111111111111111111111111111111111111111111111111111111111111
11111111111111111111111111111111111111111111111111011111111111111111111111111111111111111111111111111111111111111111111111111111
11111111111111111111111111111111111111111111111111111111111111111111111111111111111111111111111111111111111111111111111111111111