11111111111111111111111111111111111111111111111111111111111111111111111111111111111111111111111111111111111111111111111111111111
11111111111111111111111111111111111111111111111111111111111111111111111111111111111111111111111111111111111111111111111111111111
11111111111111111111111111111111111111111111111111111111111111111111111111111111111111111111111111111111111111111111111111111111
11111111111111111111111111111111111111111111111111111111111111111111111111111111111111111111111111111111111111111111111111111111
11111111111111111111111111111111111111111111111111111111111111111111111111111111111111111111111111111111111111111111111111111111
11111111111111111111111111111111111111111111111111111111111111111111111111111111111111111111111111111111111111111111111111111111
11111111111111111111111111111111111111111111111111111111111111111111111111111111111111111111111111111111111111111111111111111111
11111111111111111111111111111111111111111111111111111111111111111111111111111111111111111111110011101111001111011111111001111111
11111111111111111111111111111111111110011100011001111111110011111110011110011100011101111111100111000111001110011111111001111111
11111111111111110011100111111111111111111110011001111111111011111110011111111111011101111111100111000111001111011111111000111111
11111111111111110111100011000111111111101110111001111111111111111111111101111111011101111011111011100111001111011110111111111111
11111111111111110011100011000111111110011111111001111011111111101111111101111110111110111111111011100111000111011111111111111111
11111111111111111011111011000111111111011101111000111111111111111111111111111110111110111111111011101111001111011111111111111111
11111111111111111001111011010111111111111101111001111111111111111111001110011111111001111111110111101111001111111111111111111111
11111111111111110011100111111111111111111101111001111111111111111111011111111111111111111111111111111111111111111111111111111111
11111111111111111111111111111111111111111111111111111111111111111111111111111111111111111111111111111111111111111111111111111111
11111111111111111111111111111111111111111111111111111111111111111111111111111111111111111111111111111101111100101111111111111111
11111111111111111111111111111111111111111111111111111111111111111111111111111111001100111111101111011000011100000011111111111111
11111111111111111111000000000111011111011100001110000110011110000000001111000110000000001101101110011000011000000011111111111111
11111111111111111110000000000111011111011100001110000110011110000000001111000110000000001101101110011000011000000011111111111111
11111111111111111110000000000111011111011100001110000110011110000000001111000110000000001101101110011000011000000011111111111111
11111111111111111110000000000111011111011100001110000110011110000000001111000110000000001101100110011000001000000011111111111111
11111111111111111110000000000111011111011100001110000110011110000000001111000110000000001101100110011000001000000011111111111111
11111111111111111110000000000111011111011100001110000100011110000000001111000110000000001101100110011000001000000011111111111111
11111111111111111110000000000111011111011100001110000110011110000000001111000110000000001101100110011000001000000011111111111111
11111111111111111110000000000111011111011100001110000110011110000000001111000010000000001101100110011000001000000011111111111111
11111111111111111110000000000111011111011100001110000110011110000000001111000011000000001101100110011000001000000011111111111111
11111111111111111110000000000111011111011100001110000110011110000000001111000011000000001101100110011000001000000011111111111111
11111111111111111110000000000111011111011100001110000110011110000000001111000011000000001101100110011000001000000011111111111111
11111111111111111110000000000111011111011100001110000110011110000000001111000011000000001101100110001000001000000011111111111111
11111111111111111110000000000111011111011100001110000110011110000000001111000011000000001101100110001000001000000011111111111111
11111111111111111110000000000111011111011100001110000110011110000000001111000011000000001101100110001000001000000011111111111111
11111111111111111110000000000111011111011100001110000110011110000000001111000011000000001101100110001000001100000001111111111111
11111111111111111110000000000111011111011100001110000110011110000000001111000011000000001101100110001000001100000001111111111111
11111111111111111110000000000111011111011100001110000110011110000000001111000011000000001101100111001000001100000001111111111111
11111111111111111110000000000111011111011100001111000110011110000000001111000011000000001101100111001000001100000001111111111111
11111111111111111110000000000111011111011100001111000110011110000000001111000011000000001101100111001000001100000001111111111111
11111111111111111110000000000111011111011100001111000110011110000000001111000011000000001111100111001000001100000001111111111111
11111111111111111110000000000111011111011100001111000110011110000000001111000011000000001111100111001000001100000001111111111111
11111111111111111110000000000111011111011100001111000110011110000000001111000011000000001111100111001000001100000001111111111111
11111111111111111110000000000111011111011100001111000110011110000000001111000011000000001111100111001000001100000001111111111111
11111111111111111110000000000111011111011100001111000110011110000000001111100011000000001111100111001000001100000001111111111111
11111111111111111110000000000111011111011100001111000110011110000000001111100011000000001111100111001000001100000001111111111111
11111111111111111110000000000111011111011100001111000110011110000000001111100011000000001111100111001000001100000001111111111111
11111111111111111110000000000111011111011100001111000110011110000000001111100011000000001111100111001000001100000001111111111111
11111111111111111110000000000111011111011100001111000110011110000000001111100011000000001111100111001000001100000001111111111111
11111111111111111110000000000111011111011100001111000110011110000000001111100011000000001111100111001000001100000001111111111111
11111111111111111110000000000111011111011100001111000110011110000000001111100011000000001111100111001100001100000001111111111111
11111111111111111110000000000111011111011100001111000110011110000000001111100011000000001111100111001100001100000001111111111111
11111111111111111110000000000111011111011100001111000110011110000000001111100011000000001111100111001100001100000001111111111111
11111111111111111110000000000111011111111100001111000110011110000000001111100011000000001111100111001100001100000001111111111111
11111111111111111110000000000111011111111100001111000110011110000000001111100011000000001111100111001100001100000001111111111111
11111111111111111110000000000111011111111100001111000110011110000000001111100011000000001111110111001100001100000001111111111111
11111111111111111110000000000111011111011100001111000110011110000000001111100011000000000111110111001100001100000001111111111111
11111111111111111110000000000111011111011100001111000110011110000000001111100011000000000111110111001100001100000001111111111111
11111111111111111110000000000111011111011100001111000110011110000000001111100011000000000111110111001100001100000001111111111111
11111111111111111110000000000111011111011100001111000110011110000000001111100011000000000111110111001100001100000001111111111111
11111111111111111110000000000111011111011100001111000110011110000000001111100011000000000111110111001100001100000001111111111111
11111111111111111110000000000111011111011100001111000110011110000000001111100011000000000111110111001100001100000001111111111111
11111111111111111110000000000111011111011100001111000110011110000000001111100011000000000111110111001100001100000001111111111111
11111111111111111110000000000111011111011100001111000110011110000000001111100011000000000111110111001100001100000001111111111111
11111111111111111110000000000111011111011100001111000110011110000000001111100011000000000111110111001100001100000001111111111111
11111111111111111110000000000111011111011100001111000110011110000000001111100011000000000111110111001100001100000001111111111111
11111111111111111110000000000111011111011100001111000110011110000000000111100011000000000111110111001100001100000001111111111111
11111111111111111110000000000111011111011100001111000110011110000000000111100011000000000111110111001100001100000001111111111111
11111111111111111110000000000111011111011100001111000110011110000000000111100011000000000111110111001100001100000001111111111111
11111111111111111110000000000111011111011100001111000110011110000000000111100011000000000111110111001100001100000001111111111111
11111111111111111110000000000111011111111100001111000110011110000000000111100011000000000111110111001100001100000001111111111111
11111111111111111110000000000111011111111100001111000110011110000000000111100011000000000110110111001100001100000001111111111111
11111111111111111110000000000111011111011100001111000110011110000000000111100011000000000110110111001100001100000001111111111111
11111111111111111110000000000111011111011100001111000110011110000000000111100011000000000110110111001100001100000001111111111111
11111111111111111110000000000111011111011100001111000110011110000000000111100011000000000110110111001100001100000001111111111111
11111111111111111110000000000111011111011100001111000110011110000000000111100011000000000110110111001100001100000001111111111111
11111111111111111110000000000111011111011100001111000110011110000000000111100011000000000110110111001100001100000001111111111111
11111111111111111110000000000111011111011100001111000110011110000000000111100011000000000110110111001100001100000001111111111111
11111111111111111110000000000111011111011100001111000110011110000000000111100011000000000110110111001100001110000001111111111111
11111111111111111110000000000111011111011100001111000110011110000000000111100011000000000110110111001100001110000001111111111111
11111111111111111110000000000111011111011100001111000110011110000000000111100011000000000110110111001100001110000001111111111111
11111111111111111110000000000111011111011100001111000110011110000000000111100011000000000110110111001100001110000001111111111111
11111111111111111110000000000111011111011100001111000110011110000000000111100011000000000110111111001100001110000001111111111111
11111111111111111110000000000111011111011100001111000110011110000000000111100011000000000110111111101100001110000001111111111111
11111111111111111110000000000111011111011100001111000110011110000000000111100011000000000110111111101100001110000001111111111111
11111111111111111110000000000111011111011100001111000110011110000000000111100011000000000110111111101100001110000001111111111111
11111111111111111110000000000111011111011100001111000110011110000000000111100011000000000110111111101100001110000001111111111111
11111111111111111110000000000111011111011100001111000110011110000000000111100011000000000110111111101100001110000001111111111111
11111111111111111110000000000111011111011100001111001110011110000000000111100011000000000110111111101100001110000001111111111111
11111111111111111110000000000111011111011100001111001110011110000000000111100011000000000110111111101100001110000001111111111111
11111111111111111110000000000111011111011100001111001110011110000000000111100011000000000110111111101100001110000001111111111111
11111111111111111110000000000111011111011100001111001110011110000000000111100011000000000110111111101100001110000001111111111111
11111111111111111110000000000111011111011100001111000110011110000000000111100011000000000110111111101100001110000001111111111111
11111111111111111110000000000111011111011100001111000110011110000000000111100011000000000110111111101110001110000001111111111111
11111111111111111110000000000111011111011100001111001110011110000000000111100011000000000110111111101110001110000001111111111111
11111111111111111110000000000111011111011100001111001110011110000011000111100011000000000110111111101110001110000000111111111111
11111111111111111110000000000111011111011100001111001110011110000011000111100011000000000110111111101110000110000010111111111111
11111111111111111110000000000111011111011100001111001110011110000011000111100011000000000111111111101110000110000010111111111111
11111111111111111110000000000111011111011100001111001110011110000011010111100011000000000111111111101110000110000010111111111111
11111111111111111110000000000111011011011100001111001110011110000011010111100011100000000111111111101110000110000010111111111111
11111111111111111110000000000111011111011101101111001110011110000011010111100011100000000111111111101110000110000010111111111111
11111111111111111110000000000111011111011101101111001110011110000011010111100011100000000111111111101110000110000010111111111111
11111111111111111110000000100111011111011101101111001110011110000011010111100011100000000111111111101110000110000010111111111111
11111111111111111110000000100111011111011101101111001110011110000011010111100011100000000111111111101110000110000010111111111111
11111111111111111110000000100111011011011101101111001110011110000000010111100011100000000111111111101110000110000010111111111111
11111111111111111110000000100111011011011101101111001110011110000011010111100011100000000111111111101110000110000010111111111111
11111111111111111110000000000111011011011101101111001110011110100011000111100011100000000111111111101110000110000010111111111111
11111111111111111110000000000111011011011101101111001110011110100011000111100011100000000111111111101110000110000010111111111111
11111111111111111110000000000111011011011101101111001110011110100011010111100011100000000111111111101110000110000010111111111111
11111111111111111110000000100111011011011101101111001110011110100000010111100011100000000111111111101110000110000010111111111111
11111111111111111110000000100111011011011101101111001110011110100000010111100011100000000111111111101110000110000010111111111111
11111111111111111110000000100111011011011101101111001110011110100000010111100011100000000111111111101110000110000000111111111111
11111111111111111110000000100111011011011101101111001110011110100000010111100011100000000111111011101110000110000000111111111111
11111111111111111110000000001111011011011101101111001110011110100011010111100011100000000111111011101111000110000010111111111111
11111111111111111110000000101111011011011101101111001110011111101111011111111111100110011111111111111111111111001111111111111111
11111111111111111110011001111111111111111111111111111111111111111111011111111111111111111111111111111111111111111111111111111111
11111111111111111110011111111111111111111111111111111111111111111111011111111111111111111111111111111111111111111111111111111111
11111111111111111110011111111111111111111111111111111111111111111111011111111111111111111111111111111111111111111111111111111111
11111111111111111110011111111111111111111111111111111111111111111111011111111111111111111111111111111111111111111111111111111111
11111111111111111110011100111110111111101111111111111111111111111111011111111111011111111111111001111111111111111111111111111111
11111111111111111110011111111110011111111111101111111111111011111111011111111111111111111111111001111111111111111111111111111111
11111111111111111110011111111110111111111111110111111111111111111111111111111111111111110011111001111111111111111111111111111111
11111111111111111111111111111110111111111111111111111111111110111111111111111111111111111111111111111111111111111111111111111111
11111111111011111111111111111111111111111111111111111111111111111111111111111111111111111111111111111111111111111111111111111111
11111111111111111111111111111111111111111111111111111111111111111111111111111111111111111111111111111111111111111111111111111111
11111111111111111111111111111111111111111111111111111111111111111111111111111111111111111111111111111111111111111111111111111111
11111111111111111111111111111111111111111111111111111111111111111111111111111111111111111111111111111111111111111111111111111111
11111111111111111111111111111111111111111111111111111111111111111111111111111111111111111111111111111111111111111111111111111111
11111111111111111111111111111111111111111111111111111111111111111111111111111111111111111111111111111111111111111111111111111111
11111111111111111111111111111111111111111111111111111111111111111111111111111111111111111111111111111111111111111111111111111111
11111111111111111111111111111111111111111111111111111111111111111111111111111111111111111111111111111111111111111111111111111111