11111111111111111111111111111111111111111111111111111111111111111111111111111111111111111111111111111111111111111111111111111111
11111111111111111111111111111111111111111111111111111111111111111111111111111111111111111111111111111111111111111111111111111111
11111111111111111111111111111111111111111111111111111111111111111111111111111111111111111111111111111111111111111111111111111111
11111111111111111111111111111111111111111111111111111111101111111110011110111111111111111111111111111111111111111111111111111111
11111101111111110011111111111111111111111111111111111111111111111111111111111111111111111111111101111101111111111111111111111111
11111111111111111111111111111111111111111111111111111111111111111111111111111111111111111111111111111111111111111111111111111111
11111111111111111111111111111111111111111111101111111111111111111111111111111111111111111111111111111111111011111011111111111111
11111111111111111111111111111111110111111111111111111111111111111111111111111111111110111111111111111111111111111111111111111111
11111111111111111111111011111111111111111111111111111111111111111111111111111100011111111111111111111111111111111111111111111111
11111111111111111111111111111111111111111111111111111111111111111111111111111111111111111111111111111111111111111111111111111111
11111111111111110011111111111111111111111111111111111111111111111111111111111111111111111111111111111111111111111111111111111111
11111111111111111111111111111111111111111111111111111111111111111111111111111111111111111111111111111111111111111111111111111111
11111111111111111111111111111111111111111111111111111111111111111111111111111111111111111111111111111111111111111111111111111111
11111111111111111111111111111111111111111111111111111111111111111111111111111111111111111111111111111111111111111111111111111111
11111111111111111110011011111111111111111101111110001111111110110111100111111011101100111011111111111111111101101111111111111111
11111111111111010110011011110111111111101101111110001111111110110101100110110011101100111011111111111111111101101111101111111111
11111111111111110110011011110111111111101101111110001111111110110101100110110011101100111011110111111111111101101110101111111111
11111111111111010110011011110111111111101101111110001101111110010111100110110011101100111011110111111111111101101111101111111111
11111111111111010110011011110111111111101101111110001101111110010111100110110011101100111011110111111111111101101111101111111111
11111111111111010110011011110111111111101101111110001101111110010111100110110011101100111011110111111111111101101111101111111111
11111111111111010110011011110111111111101101111110001101111110110101100110110011101100111011111111111111111001101111101111111111
11111111111111010110011011110111111111101101111110001101111110110111100110110011101100111011111111111111111001101111101111111111
11111111111111010110011011110111111111101101111110001101111110110111100110110011101100110011111111111111111001101111101111111111
11111111111111010110011011110111111111101101111110001111111110110111100110110011101100111011111111111111111101101111101111111111
11111111111111010110011011110111111111101101111110001101111110110101100110110011101100111011111111111111111001101111111111111111
11111111111111010110011011110111111111101101111110011101111110110111100111110011101100111011111111111111111001101111111111111111
11111111111111010110011011110111111111101101111110011101111110110101100111110011101100111011111111111111111001101111101111111111
11111111111111010110011011110111111111101101111110011101111110110101100111110011101100110011111111111111111001101111101111111111
11111111111111010110011011110111111111101101111110011101111110110101100111110011101100110011111111111111111001101111101111111111
11111111111111010110011011110111111111101101111110011101111110110101100111110011101100110011111111111111111001101111111111111111
11111111111111010110011011110111111111101101111110011101111110110101100111110011101100110011111111111111111001101111111111111111
11111111111111010110011011110111111111111101111110011101111110110101100111110011101100110011111111111111111001101111111111111111
11111111111111010110011011110111111111101101111110011101111110110101100111110011101100110011111111111111111001101111111111111111
11111111111111010110011011110111111111101101111110011101111110110101100111110011101100110011111111111111111001101111111111111111
11111111111111010110011011110111111111101101111110011101111110110101100111110011101100110011111111111111111001101111111111111111
11111111111111010110011011110111111111101101111110011101111110110101100111110011101100110011111111111111111001101111111111111111
11111111111111010110011011110111111111101101111110011101111110110101100111110011101100110011111111111111111001101111111111111111
11111111111111010110011011110111111111111101111110011101111110110101100111110011101100110011111111111111111001101111111111111111
11111111111111010110011011110111111111101101111110011101111110110101100111110011101101110011111111111111111001101111111111111111
11111111111111010110011011110111111111101101111110011101111110110101100111110011101101110011111111111111111001101111111111111111
11111111111111010110011011110111111111111101111110011101111110110101000111110011101101110011111111111111111001101111111111111111
11111111111111010110011011110111111111111101111110011101111110110101100111110011101101110011111111111111111001101111111111111111
11111111111111010110011011110111111111111101111110011101111110110101100111110011101100110011111111111111111001101111111111111111
11111111111111010110011011110111111111101101111110011101111110110101100111110011101101110011111111111111111001001111111111111111
11111111111111010110011011110111111111111101111110011101111110110101000111110011101101110011111111111111111001001111111111111111
11111111111111010110011011110111111111111101111110011101111110110101000111110011101101110011111111111111111001001111111111111111
11111111111111010110011011110111111111111101111110011101111110110101000111110011101101110011111111111111111001001111111111111111
11111111111111010110011011110111111111101101111110011101111110110101000111110011101101110011111111101111111001001111111111111111
11111111111111010110011011110111111111101101111110011101111110110101000111110011101101110011111111111111111001101111111111111111
11111111111111010110011011110111111111101101111110011101111110110101000111110011101101110011111111111111111001101111111111111111
11111111111111010110011011110111111111101101111110011101111110110101000111110011101101110011111111111111111001001111111111111111
11111111111111010110011011110111111111101101111110011101111110110101000111110011101100110011111111101111111001001111111111111111
11111111111111010110011011110111111111101101111110011101111110110101000111110011101101110011111111111111111001001111111111111111
11111111111111010110011011110111111111101101111110011101111110110101000111110011101101110011111111101111111001001111111111111111
11111111111111010110011011110111111111101101111110011101111110110101000111110011101101110011111111101111111001001111111111111111
11111111111111010110011011110111111111101101111110011101111110110101000111110011101101110011111111101111111001001111111111111111
11111111111111010110011011110111111111111101111110011101111110110101000111110011101101110011111111101111111001001111111111111111
11111111111111010110011011110111111111111101111110011101111110110101000111110011101101110011111111101111111001001111111111111111
11111111111111010110011011110111111111111101111110011101111110111101000111110011101101110011111111101111111001001111111111111111
11111111111111010110011011110111111111101101111110011101111110110101000111110011101101110011111111101111111001001111111111111111
11111111111111010110011011110111111111101101111110011101111110110101000111110011101101110011111111101111111111111111111111111111
11111111111111010110011011110111111111101101111110011101111110111101000111110011101101110011111111101111111111111111111111111111
11111111111111010110011011110111111111101101111110011101111110111101000111110011101101110011111111101111111111111111111111111111
11111111111111010110011011110111111111101101111110011101111110111101000111110011101101110011111111101011111111111111111111111111
11111111111111010110011011110111111111101101111110011101111110111101000111110011101101110011111111101011111111111111111111111111
11111111111111010110011011110111111111101101111110011101111110111101000111110011101101110011111111101011111111111111111111111111
11111111111111010110011011110111111111111101111110011101111110111101000111110011101101110011111111101111111111111111111111111111
11111111111111010110011011110111111111101101111110011101111110111101000111110011101101110011111111101011111111111111111111111111
11111111111111010110011011110111111111101101111110011101111110111101000111110011101101110011111111101011111111111111111111111111
11111111111111010110011011110111111111101101111110011101111110111101000111110011101101110011111111101011111111111111111111111111
11111111111111010110011011110111111111101101111110011101111110111101000111110011101101110011111111101011111111111111111111111111
11111111111111010110011011110111111111111101111110011101111110111101000111110011101101110011111111101011000000011111111111111111
11111111111111010110011011110111111111111101111110011101111110111101000111110011101101110011111111101011000000000000000011111111
11111111111111010110011011110111111111111101111110011101111110111101000111110011101101110010111111101011000000000000000000000000
11111111111111010110011011110111111111101101111110011101111110111101000111110011001101110011111111101011000000000000000000000000
11111111111111010110011011110111111111111101111110011101111110111101000111110011101001110010111111101011000000000000000000000000
11111111111111010110011011110111111111111101111110011101111110111101000111110011101101110010111111101011000000000000000000000000
11111111111111010110011011110111111111111101111110011101111110111101000111110011001101110010111111101011000000000000000000000000
11111111111111010110011011110111111111111101111110011101111110111101000111110011001101110010111111101011000000000000000000000000
11111111111111010110011011110111111111111101111110011101111110111101000111110011001101110010111111101011000000000000000000000000
11111111111111010110011011110111111111111101111110011101111110111101000111110011001101110010111111101011000000000000000000000000
11111111111111010110011011110111111111111001111110011101111110111101000111110011001101110010111111101011000000000000000000000000
11111111111111011110011011110111111111111101111110011101111110111101000111110011001101110010111111101011000000000000000000000000
11111111111111011110011011110111111111111101111110011101111110111101000111110011001101110010111111101011000000000000000000000000
11111111111111010110011011110111111111111101111110011101111110111101000111110011001101110010111111101010000000000000000000000000
11111111111111010110011011110111111111111101111110011101111110111101000111110011001101110010111111101010000000000000000000000000
11111111111111010110011011110111111111101101111110011101111110111101000111110011001101110010111111101010000000000000000000000000
11111111111111010110011011110111111111111101111110011101111110111101000111110011001101110010111111101010000000000000000000000000
11111111111111010110011011110111111111111001111110011101111110111111000111110011001101110010111111111010000000000000000000000000
11111111111111010110011011110111111111111001111110011101111110111111000111110111001101110010111111111010000000000000000000000000
11111111111111010110011011110111111111111001111110011101111110111111000111110111001101110011111111111010000000000000000000000000
11111111111111010110011011110111111111111001111110011101111110111111000111110111001101110010111111111010000000000000000000000000
11111111111111010110011011110111111111111001111110011101111110111111000111110111001101110010111111111010000000000000000000000000
11111111111111010110011011110111111111111001111110011101111110111111000111110111001101110010111111111011111111100000000000000000
11111111111111010110011011110111111111111101111110011101111110111111000111110111001101110010111111111011111111111111111111110000
11111111111111010110011011110111111111111101111110011101111110111111000111110111001101110010111111111011111111111111111111111111
11111111111111010110011011110111111111111101111110011111111110111111000111110111001101110110111111111011111111111111111111111111
11111111111111010110011011110111111111111001111110011101111110111111000111110111001101110110111111111011111111111111111111111111
11111111111111010110011011110111111111111001111110011101111110111111000111110111001101110110111111111011111111111111111111111111
11111111111111010110011011110111111111111001111110011101111110111111000111110111001101110110111111111011111111111111111111111111
11111111111111011110011011110111111111111001111110011111111110111111000111110111001101110110111111111011111111111111111111111111
11111111111111011110011011110111111111111001111110011111111110111111000111110111001101110110111111111011111111111111111111111111
11111111111111010110011011110111111111111001111110011111111110111111000111110111001101110110111111111111111111111111111111111111
11111111111111010110011011110111111111111101111110011111111110111111000111110111001101110110111111111111111111111111111111111111
11111111111111010110011011110111111111111101111110011101111110111111000111110111001101110110111111111111111011111111111111111111
11111111111111010110011011110111111111111001111110011101111110111111000111110111001101110110111111111111111011011101111111111111
11111111111111010110011011110111111111111001111110011101011110111111000111110111001101110110111111111111111011011101111111111111
11111111111111011110011011110111111111111001111110011101111110111111000111110111001101110110111111111111111011011101111111111111
11111111111111011110011011110111111111111001111110011101111110111111000111110111001101110110101111111011111011011101111111111111
11111111111111010110011011110111111111111001111110011111111110111111000111110111001101110110101111111011111011011101111111111111
11111111111111010110011011110111111111111001111110011111111110111111000111110111001101110110101111111111111011011101111111111111
11111111111111011110011011110111111111111001111110011111111110111111000111110111001101110110101111111111111011011111111111111111
11111111111111010110011011110111111111111001111110011111011110111111000111110111001101110110101111111111111011011111011111111111
11111111111111010110011011110111111111111001111110011111011110111111000111110111001101110111101111111111111011011111111111111111
11111111111111110110011011110111111111111001111110011111111110111111000111110111001101110111101111111111111011011111111111111111
11111111111111110111111111111111111111111111111111111111111110111111000111110111001101110110101111111111111011011111011111111111
11111111111111010111111111111111111111111111111111111111111111111111111111111111111111111111111111111111111111111111011111111111
11111101111111010111111111111111111111111111111111111111111111111111111111111111111111111111111111111111111111111111011111111111
11111111111111010111111111111111111111111111111111111111111111111111111111111111111111111111111111111111111111111111011111111111
11111111111111010111111111111111111111111111111111111111111111111111111111111111111111111111111111111111111111111111011111111111
11111111111111011111111111111111111111111111111111111111111111111111111111111111111111101111111111111111111111111111011111111111
11111110111111111111111111100111111111111111111111111111111111111111111111111111111111111111111111111111111111111111011111111111
11111111111111111111111111111111111111111111111111111111111111111111111111111111111111111111110111111111111111111111011111111111
11111111111111111111111111111111111111111111111111111111111111111111111101111111111111111111111111111111111111111111111111111111
11111111111111111111111111111111111111111111111111111111111111111111111111111111111111111111111111111111111111111111111111111111
11111111111111111111111111111111111111111111111111111111111111111111111111111111111111111111111111111111111111111111111111111111
11111111111111111111111111111111111111111111111111111111111111111111111111111111111111111111111111111111111111011111111111111111
11111111111111111111111111111111111111111111111111111111111111111111111111111111111111111111111111111111111111111111111111111111