00000000000000000000000000000000000000000000000000000000000000000000000000000000000000000000000000000010001111000000000000000000
00000000000000000000000000000000000000000000000000000000000000000000000000000000000000000000000000000000000000000000000000000000
00011111111111111111100000000000000000000000000000000000000000000000000000000000000000000000000000000000000000000000000000000000
00011111111111111111111111111111111111111000000000000000000000000000000000000000000000000000000000000000000000000000000000000000
00011111111111111111111111111111111111111111111111111111111111110000000000000000000000000000000000000000000000000000000000000000
00111111111111111111111111111111111111111111111111111111111111111111111111111111111111000000000000000000000000000000000000000000
00011111111111111111111111111111111111111111111111111111111111111111111111111111111111111111111111111111110000000000000000000000
00111111111111111111111111111111111111111111111111111111111111111111111111111111111111111111111111111111111111111111111111111110
00111111111111111111111111111111111111111111111111111111111111111111111111111111111111111111111111111111111111111111111111111110
00111111111111111111111111111111111111111111111111111111111111111111111111111111111111111111111111111111111111111111111111111110
00111111111111111111111111111111111111111111111111111111111111111111111111111111111111111111111111111111111111111111111111111110
00111111111111111111111111111111111111111111111111111111111111111111111111111111111111111111111111111111111111111111111111111110
00111111111111111111111111111111111111111111111111111111111111111111111111111111111111111111111111111111111111111111111111111110
00111111111111111111111111111111111111111111111111111111111111111111111111111111111111111111111111111111111111111111111111111110
00111111111111111111111111110111111111111111111111111111111111111111111111111111111111111111111111111111111111111111111111111110
00111111111111111111111111111111111111111111111111111111111111111111111111111111111111111111111111111111111111111111111111111110
00111111111111111111111111111111111111111111111111111111111111111111111111111111111111111111111111111111111111111111111111111110
00111111111111111111111111111111111111111111111111111111111111111111111111111111111111111111111111111111111111111111111111111110
00111111111111111111111111111111111111111111111111111111111111111111111111111111111111111111111111111111111111111111111111111110
00111111111111111111111111111111111111111111111111111111111111111111111111111111111111111111111111111111111111111111111111111110
00111111111111111111111111111111111111111111111111111111111111111111111111111111111111111111111111111111111111111111111111111110
00111111111111111111111111011111111111111111111111111111111111111111111111111111111111111111111111111111111111111111111111111110
00111111111111111111111111011111111111111111111111110011111111111111111111111111111111111111111111111111111111111111111111111110
00111111111111111111111111011011111111111111111111110011111111011111111111111111111111111111111111111111111111111111111111111110
00111111111111111111111111011011111111111111111111110011111111011111111111111111111111111111011110111101111111111111111111111110
00111111111111111111111111011011111111111111111111110011111111011111111111111111111111111111011110011001111111111111111111111110
00111111111111111111111111011011111111111111111111110111111111011111111111111111111111111111011110011001111111111111111111111110
00111111111111111111111111011011111111111111101111110111111111011111111111111111111111110111011110111001111111111111111111111110
00111111111111111111111111011011111111111111101111110111111111011111111111111111111111110111011110111001111111111111111111111110
00111111111111111111111111011011111111111111101111110111111111011111111111111111111111110111011110111001111111111111111111111110
00111111111111111111111110011011111111111111101111110111111111011111111111111111111111110111011110111001111111111111111111111110
00111111111111111111111110011011111111111111101111110111111111011111111111111111111111110111011110111001111111111111111111111110
00111111111111111111111110011011111111111111101111110111111111011111111111111111111111110111011110111001111111111111111111111110
00111111111111111111111110011011111111111111101111110111111111011111111111111111111111110111011110111001111111111111111111111110
00111111111111111111111110011011111111111111101111110111111111011111111111111111111111110111011110111001111111111111111111111110
00111111111111111111111110011011111111111111101111110111111111111111111111111111111111110111011110111001111111111111111111111110
00111111111111111111111110011011111111111111101111110111111111111111111111111111111111110111011110111001111111111111111111111110
01111111111111111111111110011011111111111111101111110111111111111111111111111111111111110111011110111001111111111111111111111110
01111111111111111111111110011011111111111111101111110111111111111111111111111111111111110111011110111001111111111111111111111110
01111111111111111111111110011011111111111111101111100111111111111111111111111111111111110111011110111001111111111111111111111110
01111111111111111111111110011011111111111111101111100111111111111111111111111111111111110111011100111001111111111111111111111110
01111111111111111111111110011011111111111111101111100111111111111111111111111110111111110111011100111001111111111111111111111110
01111111111111111111111110011111111111111111101111100111111111111111111111111111111111110111011100111001111111111111111111111110
01111111111111111111111110011111111111111111101111100111111111111111111111111110111111110111111100111001111111111111111111111110
01111111111111111111111110011111111111111111101111100111111110111111111111111111111111110111111100111001111111111111111111111110
01111111111111111111111110011111111111111111101111100111111110111111111111111111111111110111111100111001111111111111111111111110
01111111111111111111111110011111111111111111101111100111111110111111111111111111111111110111111100111001111111111111111111111110
01111111111111111111111110011111111111111111111111100111111110111111111111111111111111110111111100111001111111111111111111111110
01111111111111111111111110111111111111111111111111100111111110111111111111111111111111110111111100111001111111111111111111111110
01111111111111111111111110111111111111111111111111100111111110111111111111111111111111110110111100111001111111111111111111111110
01111111111111111111111110111111111111111111111111100111111110111111111111111111111111110110111100111001111111111111111111111100
01111111111111111111111110111111111111111111111111100111111110111111111111111111111111110110111100111011111111111111111111111110
01111111111111111111111110111111111111111111111111100111111110111111111111111111111111110110111100111011111111111111111111111100
01111111111111111111111110111111111111111111111111100111111110111111111111111111111111110110111100111011111111111111111111111100
01111111111111111111111110110111111111111111111111100111111110111111111111111111111111111110111100111011111111111111111111111100
01111111111111111111111110110111111111111111111111100111111110111111111111111111111111111110111100111011111111111111111111111100
01111111111111111111111110110111111111111111111111100111111110111111111111111111111111111110111100111011111111111111111111111100
01111111111111111111111110110111111111111111111111100111111110111111111111111111111111111110111100111011111111111111111111111100
01111111111111111111111110110111111111111111111111100111111110111111111111111111111111111110111100111011111111111111111111111100
01111111111111111111111100110111111111111111111111100111111110111111111111111111111111111110111100111011111111111111111111111100
01111111111111111111111100110111111111111111011111101111111110111111111111111111111111111110111100111011111111111111111111111100
01111111111111111111111100110111111111111111011111101111111110111111111111111111111111111110111100110011111111111111111111111100
01111111111111111111111100110111111111111111011111101111111110111111111111111111111111111110111100110011111111111111111111111100
01111111111111111111111100110111111111111111011111101111111110111111111111111111111111111110111100110011111111111111111111111100
01111111111111111111111100110111111111111111011111101111111110111111111111111111111111101110111100110011111111111111111111111100
01111111111111111111111100110111111111111111011111101111111110111111111111111111111111101110111100110011111111111111111111111100
01111111111111111111111100110111111111111111011111101111111110111111111111111111111111101110111101110011111111111111111111111100
01111111111111111111111100110111111111111111011111101111111110111111111111111111111111101110111101110011111111111111111111111100
01111111111111111111111100110111111111111111011111101111111110111111111111111111111111101110111101110011111111111111111111111100
11111111111111111111111100110111111111111111011111101111111110111111111111111111111111101110111101110011111111111111111111111100
11111111111111111111111100110111111111111111011111001111111110111111111111111111111111101110111101110011111111111111111111111100
11111111111111111111111100110111111111111111011111001111111110111111111111111111111111101110111101110011111111111111111111111100
11111111111111111111111100110111111111111111011111001111111111111111111111111111111111101110111101110011111111111111111111111100
11111111111111111111111100110111111111111111011111001111111111111111111111111111111111101110111101110011111111111111111111111100
11111111111111111111111100110111111111111111011111001111111111111111111111111111011111101110111101110011111111111111111111111100
11111111111111111111111100111111111111111111011111001111111111111111111111111111111111101110111101110011111111111111111111111100
11111111111111111111111100111111111111111111011111001111111111111111111111111111111111101110111101110011111111111111111111111100
11111111111111111111111100111111111111111111011111001111111111111111111111111111111111101110111101110011111111111111111111111100
11111111111111111111111100111111111111111111011111001111111111111111111111111101111111101110111101110011111111111111111111111100
11111111111111111111111101111111111111111111011111001111111111111111111111111111111111101110111001110011111111111111111111111100
11111111111111111111111101111111111111111111011111001111111101111111111111111111111111101110111001110011111111111111111111111100
11111111111111111111111101111111111111111111111111001111111101111111111111111111111111101110111001110011111111111111111111111100
11111111111111111111111101111111111111111111111111001111111101111111111111111111111111101110111001110011111111111111111111111100
11111111111111111111111101111111111111111111111111001111111101111111111111111111111111101110111001110011111111111111111111111100
11111111111111111111111101101111111111111111111111001111111101111111111111111111111111101110111001110011111111111111111111111100
11111111111111111111111101101111111111111111111111001111111101111111111111111111111111101110111001110011111111111111111111111100
11111111111111111111111101101111111111111111111111001111111101111111111111111111111111101111111001110011111111111111111111111000
11111111111111111111111101101111111111111111111111001111111101111111111111111111111111101111111001110011111111111111111111111000
11111111111111111111111101101111111111111111111111001111111101111111111111111111111111101101111001110011111111111111111111111000
11111111111111111111111101101111111111111111111111001111111101111111111111111111111111101101111001110011111111111111111111111000
11111111111111111111111001101111111111111111111111001101111101111111111111111111111111101101111001110111111111111111111111111000
11111111111111111111111001101111111111111111111111001111111101111111111111111111111111101101111001110111111111111111111111111000
11111111111111111111111001101111111111111110111111001111111101111111111111111111111111101101111001110111111111111111111111111000
11111111111111111111111001101111111110111110111111001111111101111111111111111111111111101101111001110111111111111111111111111000
11111111111111111111111001101111111110111110111111001111111101111111111111111111111111111101111001110111111111111111111111111000
11111111111111111111111001101111111111111110111111011111111101111111111111111111111111111101111001110111111111111111111111111000
11111111111111111111111001101111111111111110111111011111111101111111111111111111111111111101111001110111111111111111111111111000
11111111111111111111111001101111111111111110111111011111111101111111111111111111111111111101111001110111111111111111111111111000
11111111111111111111111001101111111111111110111111011111111101111101111111111111111111111101111001110111111111111111111111111000
11111111111111111111111001101111111111111110111111011111111101111101111111111111111111111101111001100111111111111111111111111000
11111111111111111111111111101111111111111110111111011111111101111111111111111111111111011101111001100111111111111111111111111000
11111111111111111111111111111111111111111111111111011111111101111111111111111111111111011101111001100111111111111111111111111000
11111111111111111111111111111111111111111111111111111111111111111111111111111111111111011101111001100111111111111111111111111000
11111111111111111111111111111111111111111111111111111111111111111111111111111111111111111111111111111111111111111111111111111000
11111111111111111111111111111111111111111111111111111111111111111111111111111111111111111111111111111111111111111111111111111000
11111111111111111111111111111111111111111111111111111111111111111111111111111111111111111111111111111111111111111111111111111000
11111111111111111111111111111111111111111111111111111111111111111111111111111111111111111111111111111111111111111111111111111000
11111111111111111111111111111111111111111111111111111111111111111111111111111111111111111111111111111111111111111111111111111000
11111111111111111111111111111111111111111111111111111111111111111111111111111111111111111111111111111111111111111111111111111000
11111111111111111111111111111111111111111111111111111111111111111111111111111111111111111111111111111111111111111111111111111000
11111111111111111111111111111111111111111111111111111111111111111111111111111111111111111111111111111111111111111111111111111000
11111111111111111111111111111111111111111111111111111111111111111111111111111111111111111111111111111111111111111111111111111000
11111111111111111111111111111111111111111111111111111111111111111111111111111111111111111111111111111111111111111111111111111000
11111111111111111111111111111111111111111111111111111111111111111111111111111111111111111111111111111111111111111111111111111000
11111111111111111111111111111111111111111111111111111111111111111111111111111111111111111111111111111111111111111111111111111000
11111111111111111111111111111111111111111111111111111111111111111111111111111111111111111111111111111111111111111111111111111000
11111111111111111111111111111111111111111111111111111111111111111111111111111111111111111111111111111111111111111111111111111000
00000000000000000001111111111111111111111111111111111111111111111111111111111111111111111111111111111111111111111111111111111000
00000000000000000000000000000000000000000000000111111111111111111111111111111111111111111111111111111111111111111111111111111000
00000000000000000000000000000000000000000000000000000000000000000000000000111111111111111111111111111111111111111111111111111000
00000000000000000000000000000000000000000000000000000000000000000000000000000000000000000000000000000000011111111111111111111000
00000000000000000000000000000000000000000000000000000000000000000000000000000000000000000000000000000000000000000000000000000000
00000000000000000000000000000000000000000000000000000000000000000000000000000000000000000000000000000000000000000000000000000000
00000000000000000000000000000000000000000000000000000000000000000000000000000000000000000000000000000000000000000000000000000000
00000000000000000000000000000000000000000000000000000000000000000000000000000000000000000000000000000000000000000000000000000000
00000000000000000000000000000000000000000000000000000000000000000000000000000000000000000000000000000000000000000000000000000000
00000000000000000000000000001100000000000000000000000000000000000000000000000000000000000000000000000000000000000000000000000000
00000000000000000000000000001100000000110110000000000000000000000000000000000000000000000000000000000000000000000000000000000000