11111111111111111111111111111111111111111111111111111111111111111111111111111111111111111111111111111111111111111111111111111111
11111111111111111111111111111111111111111111111111111111111111111111111111111111111111111111111111111111111111111111111111111111
11111111111111111111111111111111111111111111111111111111111111111111111111111111111111111111111111111111111111111111111111111111
11111111111111111111111111111111111111111111111111111111111111111111111111111111111111111111111111111111111111111111111111111111
11111111111111111111111111111111111111111111111111111111111111111111111111111111111111111111111111111111111111111111111111111111
11111111111111111111111111111111111111111111111111111111111111111111111111111111111111111111111111111111111111111111111111111111
11111111111111111111111111111111111111111111111111111111111111111111111111111111111111111111111111111111111111111111111111111111
11111111111111111111111111111111111111111111111111111111111111111111111111111111111111111111111111111111111111111111111111111111
11111111111111111111111111111111111111111111111111111111111111111111111111111111111111111111111111111111111111111111111111111111
11111111111111111111111111111111111111111111111111111111111111111111111111111111111111111111111111111111111111111111111111111111
11111111111111111111111111111111111111111111111111111111111111111111111111111111111111111111111111111111111111111111111111111111
11111111111111111111111111111111111111111111111111111111111111111111111111111111111111111111111111111111111111111111111111111111
11111111111111111111111111111111111111111111111111111111111111111111111111111111111111111111111111111111111111111111111111111111
11111111111111111111111111111111111111111111111111111111111111111111111111111111111111111111111111111111111111111111111111111111
11111111111111111111111111111111111111111111111111111111111111111111111111111111111111111111111111111111111111111111111111111111
11111111111111111111111111111111111111111111111111111111111111111111111111111111111111111111111111111111111111111111111111111111
11111111111111111111111111111111111111111111111111111111111111111111111111111111111111111111111111111111111111111111111111111111
11111111111111111111111111111111111111111111111111111111111111111111111111111111111111111111111111111111111111111111111111111111
11111111111111111111111111111111111111111111111111111111111111111111111111111111111111111111111111111111111111111111111111111111
11111111111111111111111111111111111111111111111111111111111111111111111111111111111111111111111111111111111111111111111111111111
11111111111111111111111111111111111111111111111111111111111111111111111111111111111111111111111111111111111111111111111111111111
11111111111111111111111111111111111111111111111111111111111111111111111111111111111111111111111111111111111111111111111111111111
11111111111111111111111111111111111111111111111111111111111111111111111111111111111111111111111111111111111111111111111111111111
11111111111111111111111111111111111111111111111111111111111111111111111111111111111111111111111111111111111111111111111111111111
11111111111111111111111111111111111111111111111111111111111111111111111111111111111111111111111111111111111111111111111111111111
11111111111111111111111111111111111111111111111111111111111111111111111111111111111111111111111111111111111111111111111111111111
11111111111111111111111111111111111111111111111111111111111111111111111111111111111111111111111111111111111111111111111111111111
11111111111111111111111111111111111111111111111111111111111111111111111111111111111111111111111111111111111111111111111111111111
11111111111111111111111111111111111111111111111111111111111111111111111111111111111111111111111111111111111111111111111111111111
11111111111111111111111110111111111111111111111111111111111111111111111111111111111111111111111111111111111111111111111111111111
11111111111111111111111111111111111111111111111111111111111111111111111111111111111111111111111111111111111111111111111111111111
11111111111111111111111111111111111111111111111111111111111111111111111111111111111111111111111111111111111111111111111111111111
11111111111111111111111111111111111111111111111111111111111111111111111111111111111111111111111111111111111111111111111111111111
11111111111111111111111111111111111111111111111111111111111111111111111111111111111111111111111111111111111111111111111111111111
11111111111111111111111111111111111111111111111111111111111111111111111111111111111111111111111111111111111111111111111111111111
11111111111111111111111111111111111111111111111111111111111111111111111111111111111111111111111111111111111111111111111111111111
11111111111111111111111111111111111111111111111111101111011111110101111111111100110111011111110110011111111111111111111111111111
11111111111111111111111001101111111111111100111111101111011111110101111111111100110111011111111110011111111111111111111111111111
11111111111111111111111001101111111111111100111111101111011111110101111111111100110111011111111110011111111111111111111111111111
11111111111111111111111001101111111111111100011111101111011111110101111111111100110111011111111110011111111111111111111111111111
11111111111111111111111001101111111111111100011111101111011111110101111111111100110111011111111110011111111111111111111111111111
11111111111111111111111001101111111111111100011111101111011111110101111111111100110111011111111110011111111111111111111111111111
11111111111111111111111001101111111101111100011111101111011111110101111111111100110111011111111110011111111111111111111111111111
11111111111111111111111001101111111101111100011111101111011111110101111111111100110111011111111110011111111111111111111111111111
11111111111111111111111001101111111101111100011111101111011111110101111111111100110111011111111110011111111111111111111111111111
11111111111111111111111001101111111101111100011111101111011111110101111111111100110111011111111110011111111111111111111111111111
11111111111111111111111001101111111101111100011111101111011111110101111111111100110111011111111110011111111111111111111111111111
11111111111111111111111001101111111101111100011111101111011111110101111111111100110111011111111110011111111111111111111111111111
11111111111111111111111001101111111101111100011111101111011111110101111111111100110111011111111110011111111111111111111111111111
11111111111111111111111001101111111111111100011111101111011111110101111111111100110111011111111110011111111111111111111111111111
11111111111111111111101001101111111111111100011111101111011111110101111111111100110111011111111110011111111111111111111111111111
11111111111111111111111001101111111111111100011111101111011111110101111111111100110111111111111110011111111111111111111111111111
11111111111111111111101001101111111111111100011111101111011111110101111111111100110111011111111110011111111111111111111111111111
11111111111111111111111001101111111111111100011111101111011111110101111111111100110111011111111110011111111111111111111111111111
11111111111111111111111001101111111111111100011111101111011111110101111111111100110111011111111110011111111111111111111111111111
11111111111111111111111001101111111111111100011111101111011111110101111111111100110111011111111110011111111111111111111111111111
11111111111111111111111001101111111111111100011111101111011111110101111111111100110111011111111110011111111111111111111111111111
11111111111111111111111001101111111111111100011111101111011111110101111111111100110111011111111110011111111111111111111111111111
11111111111111111111111001101111111111111100011111101111011111110101111111111100110111011111111110011111111111111111111111111111
11111111111111111111111001101111111111111100011111101111011111110101111111111100110111011111111110011111111111111111111111111111
11111111111111111111111001101111111111111100011111101111011111110101111111111100110111011111111110011111111111111111111111111111
11111111111111111111111001101111111111111100011111101111011111110101111111111100110111011111111110011111111111111111111111111111
11111111111111111111111101101111111111111100011111101111011111110101111111111100110111111111111110011111111111111111111111111111
11111111111111111111111101101111111111111100011111101111011111110101111111111100110111111111111110011111111111111111111111111111
11111111111111111111111101101111111111111100011111100111011111110101111111111100110111011111111110011111111111111111111111111111
11111111111111111111111101101111111111111100011111100111011111110101111111111100110111111111111110011111111111111111111111111111
11111111111111111111111101101110111111111100011111100111011111110101111111111100110111011111111110011111111111111111111111111111
11111111111111111111111101101110111111111100011111100111011111110101111111111100110111011111111110011111111111111111111111111111
11111111111111111111111101101110111111111100011111100111011111110101111111111100110111011111111110011111111111111111111111111111
11111111111111111111111101101110111111111100011111100111011111110101111111111100110111011111111110011111111111111111111111111111
11111111111111111111111101101111111111111100011111100111011111110101111111111100110111011111111110011111111111111111111111111111
11111111111111111111111101101111111111111100011111100111011111110101111111111100110111111111111110011111111111111111111111111111
11111111111111111111111101101111111111111100011111100111011111110101111111111100110111111111111110011111111111111111111111111111
11111111111111111111111101101111111111111100011111100111011111110101111111111100110111111111111110011111111111111111111111111111
11111111111111111111111101101111111111111100011111100111011111110101111111111100110111111111111110011111111111111111111111111111
11111111111111111111111101101111111111111100011111100111011111110101111111111100110111111111111110011111111111111111111111111111
11111111111111111111111101101111111111111100011111100111011111110101111111111100110111111111111110011111111111111111111111111111
11111111111111111111111101101111111111111100011111100111011111110101111111111100110111111111111110011111111111111111111111111111
11111111111111111111111101101111111111111100011111100111011111110101111111111100110111111111111110011111111111111111111111111111
11111111111111111111111101101111111111111100011111100111011111110101111111111100110111111111111110011111111111111111111111111111
11111111111111111111111101101111111111111100011111100111011111110101111111111100110111111111111110011111111111111111111111111111
11111111111111111111111101101111111111111100011111100111011111110111111111111100110111111111111110011111111111111111111111111111
11111111111111111111111101101111111111111100011111100111011111110111111111111100110111111111111110011111111111111111111111111111
11111111111111111111111100101111111111111100011111100111011111110111111111111100110111111111111110011111111111111111111111111111
11111111111111111111111100101111111111111100011111100111011111110111111111111100110111111111111110011111111111111111111111111111
11111111111111111111111100101111111111111100011111100111011111110111111111111100110111111111111110011111111111111111111111111111
11111111111111111111111100101111111111111100011111100111011111110111111111111100110111111111111110011111111111111111111111111111
11111111111111111111111100101111111111111100011111100111011111110111111111111100110111111111111110011111111111111111111111111111
11111111111111111111111100101111111111111100011111100111011111110111111111111100110111111111111110011111111111111111111111111111
11111111111111111111111100101111111111111100011111100111011111110111111111111100110111111111111110011111111111111111111111111111
11111111111111111111111100101111111111111100011111100111011111110111111111111100110111111111111110011111111111111111111111111111
11111111111111111111111100101111111111111100011111100111011111110111111111111100110111111111111110011111111111111111111111111111
11111111111111111111111100101111111111111100011111100111011111110111111111111100110111111111111110011111111111111111111111111111
11111111111111111111111100101111111111111100011111100111011111110111111111111100110111111111111110011111111111111111111111111111
11111111111111111111111100101111111111111100011111100111011111110111111111111100110111111111111110011111111111111111111111111111
11111111111111111111111100111111111111111100011111100111011111110111111111111100110111111111111110011111111111111111111111111111
11111111111111111111111100111111111111111100011111100111011111110111111111111100110111111111111110111111111111111111111111111111
11111111111111111111111100111111111111111100011111100111011111110111111111111100110111111111111110111111111111111111111111111111
11111111111111111111111100111111111111111100011111100111011111110111111111111100110111111111111110111111111111111111111111111111
11111111111111111111111100111111111111111100011111100111011111110111111111111100110111111111111110111111111111111111111111111111
11111111111111111111111100111111111111111100011111100111011111110111111111111100110111111111111110111111111111111111111111111111
11111111111111111111111100111111111111111100011101100111011111110111111111111100110111111111111110111111111111111111111111111111
11111111111111111111111100111111111111111110011101100111011111110111111111111100110111111111111110111111111111111111111111111111
11111111111111111111111100111111111111111110011101100111011111110111111111111100110111111111111110111111111111111111111111111111
11111111111111111111111100111111111111111110011101100111011111110111111111111100110111111111111110111111111111111111111111111111
11111111111111111111111100111111111111111110011101100111011111110111111111111100110111111111111110111111111111111111111111111111
11111111111111111111111100111111111111111110011111100111011111110111111111111100110111111111111110111111111111111111111111111111
11111111111111111111111100111111111111111110011111100111011111110111111111111100110111111111111110111111111111111111111111111111
11111111111111111111111100111111111111111110011111100111011111110111111111111100110111111111111110111111111111111111111111111111
11111111111111111111111100111111111111111110011111100111011111110111111111111100110111111111111110111111111111111111111111111111
11111111111111111111111100110111111111111110011111100111011111110111111111111100110111111111111110111111111111111111111111111111
11111111111111111111111100110111111111111110011111100111011111110111111111111100110111111111111110111111111111111111111111111111
11111111111111111111111100110111111111111110011111100111011111110111111111111100110111111111111110111111111111111111111111111111
11111111111111111111111100110111111111111110011111100111011111110111111111111100110111111111111111111111111111111111111111111111
11111111111111111111111100110111111111111111111111111111111111111111111111111111111111111111111111111111111111111111111111111111
11111111111111111111111111111111111111111111111111111111111111111111111111111111111111111111111111111111111111111111111111111111
11111111111111111111111111111111111111111111111111111111111111111111111111111111111111111111111111111111111111111111111111111111
11111111111111111111110111111111111111111111111111111111111111111111111111111111111111111111111111111111111111111111111111111111
11111111111111111111111111111111111111111111111111111111111111111111111111111111111111111111111111111111111111111111111111111110
11111111111111111111111111111111111111111111111111111111111111111111111111111111111111111111111111111111111111111111111111111111
11111111111111111111111111111111111111111111111111111111111111111111111111111111111111111111111111111111111111111111111111111111
11111111111111111111111111111111111111111111111111111111111111111111111111111111111111111111111111111111111111111111111111111110
11111111111111111111111111111111111111111111111111111111111111111111111111111111111111111111111111111111111111111111111111111110
11111111111111111111111111111111111111111111111111111111111111111111111111111111111111111111111111111111111111111111111111111110
11111111111111111111111111111111111111111111111111111111111111111111111111111111111111111111111111111111111111111111111111111110
11111111111111111111111111111111111111111111111111111111111111111111111111111111111111111111111111111111111111111111111111111110
11111111111111111111111111111111111111111111111111111111111111111111111111111111111111111111111111111111111111111111111111111110
11111111111111111111111111111111111111111111111111111111111111111111111111111111111111111111111111111111111111111111111111111110