11111111111111111111111111111111111111111111111111111111111111111111111111111111111111111111111111111111111111111111111111111111
11111111111111111111111111111111111111111111111111111111111111111111111111111111111111111111111111111111111111111111111111111111
11111111111111111111111111111111111111111111111111111111111111111111111111111111111111111111111111111111111111111111111111111111
11111111111111111111111111111111111111111111111111111111111111111111111111111111111111111111111111111111111111111111111111111111
11111111111111111111111111111111111111111111111111111111111111111111111111111111111111111111111111111111111111111111111111111111
11111111111111111111111111111111111111111111111111111111111111111111111111111111111111111111111111111111111111111111111111111111
11111111111111111111111111111111111111111111111111111111111111111111111111111111111111111111111111111111111111111111111111111111
11111111111111111111111111111111111111111111111111111111111111111111111111110001110011111111100111011111111110111111111111111111
11111111111111111111111111111111100111110111111111111111111111111111111111111101111111111111111111111111111101111111111001111111
11111111110111111111010110111111111111110111111111111111111111111111111111111111111111111111111111111111111101111111111101111111
11111111111111111111111111011111111111111111001111111111111111111111111001111111111011111111111111101110111111111111111101111111
11111111111111111111010111001111111011111111001110001111111100011111111111111111111111111111111111011110011111011111111101111111
11111111111111111111011111001111110111111111110111111111111111111111111110111111111111111111111111111110001111011111111111111111
11111111111111111111111111111111111111111111110111111110111111111111111111111111111111111111111111111111111111111111111111111111
11111111111111111111011111111111111111111111111111111111111111111101111111111111111111111111111111111111111111111111111111111111
11111111110111111111111111111111111111111111111111111111111111111111111111111111111111111111111111111111111111111111111111111111
11111111111111111111111111111111111111111111111111111111111111111111111111111111111111111111111111111111111111111111111111111111
11111111111111111111111111111111111111111111111111111111111111111111111111111111111111111111111111111111111111111111111111111111
11111111111111111111111111111111111111111111111111111111111111111111111111111111111111111111111111111111111111111111111111111111
11111111111111111111111111111111111111111111111111111111111111111111111111111111111111111111111111111111111111111111111111111111
11111111111111111111111111111111111111111111111111111111111111111111111111111111111111111111111111111111111111111111111111111111
11111111111111111111111111111111111111111111111111111111111111111111111111111111111111111111111111111110110111011111111111111111
11111111111111111111111111111111111111111111111111111111111000001101111110000000111100100111110011111100000111001000111111111111
11111111111111111111010001101111111111111101001110111101010000001100111110000000110000000111110011111100000111000000111111111111
11111111111111111101010001101111111111111101001110111111010000001100011110000000111000000111110011111100000111000000111111111111
11111111111111111101010001101111111111111101001110111101010000001100011110000000111000000111110011111100000111000000111111111111
11111111111111111101010001101111111111111101001110111100000000001100010110000000111000000111110011111100000111000000111111111111
11111111111111111101010001101111111111111101001110111110000000001100000110000000111000100111110011111100000111000010111111111111
11111111111111111101010001101111111111111101001110111110011000001100001110000000111000100111110011111100000111000010111111111111
11111111111111111101010001101111111111011101001110111111011000001100001110000000111000100111110011111100000111000001111111111111
11111111111111111101010001101111111111111101001111111111111000001101001110000000111000100111110011111100010111000011111111111111
11111111111111111101010001101111111111111101001111111111111000001101001110000000111000100111110011111100010111000011111111111111
11111111111111111101110001101111111111011101001111111110000000001100001110000000111000100111110011111100000111000011111111111111
11111111111111111111111001101111111111011101001111111110011000001100001110000000111000100111110011111100000111000000111111111111
11111111111111111111111001101111111111011101001111111110011000001100000110000000111000100111110011111100000111000001111111111111
11111111111111111111111001101111111111011101001111111110011000001100000110000000111000100111110011111100000111000011111111111111
11111111111111111111111001101111111111011101001111111110011000000100010110000000111000000111110011111100000111000011111111111111
11111111111111111111111001101111111111011101001111111110011000001100010110000000111000000111110011111100000111000011111111111111
11111111111111111111111001101111111111011101001111111110011000001100010110000000111000000111110011111100000111000011111111111111
11111111111111111111111001101111011011011101001111111110011000000100010110000000111000100111110011111100000111000011111111111111
11111111111111111111111001101111011011011101001111111110011000000101010110000000111000100111110011111100000111000011111111111111
11111111111111111111111001101111011011011111001111111111111000000101010110000000111100100111110011111100000111000011111111111111
11111111111111111111111001101111011011011111001111111111101000000101010110000000111100000111110011111100000111000011111111111111
11111111111111111111111001101111011011111111101111111110101000000101010110000000111100000111110011111100000111001111111111111111
11111111111111111111111001101111011011111111101111111110111000000100000110000000111000000111110011111100000111001111111111111111
11111111111111111111101001101111011011111111101111111110111000001101000110000000111000000111110011111100010111011111111111111111
11111111111111111111101000101111011011111111101111111110111000001101000110000000111000000111110011111100110111011111111111111111
11111111111111111111101000100111011011111111101111111110111000000101010110000000111100000111110011111100110111011111111111111111
11111111111111111111101000100111011011111111101111111110101000000101010110000000111100000111110011111100000111011111111111111111
11111111111111111111101000100111111011111111101111111110101000000101010110000000111000000111110011111100000111011111111111111111
11111111111111111111101000100111111111111111101111111110101000000101010110000000111000000111110011111100000111011111111111111111
11111111111111111111101000100111111111111111101111111110101000000101000110000000111100000111110011111100000111011111111111111111
11111111111111111111101000100111111111111111101111111110101000000101000110000000111100100111110011111100110111011111111111111111
11111111111111111111101000100111111111111111101111111110101000000101010110000000111100100111110011111100110111011111111111111111
11111111111111111110101000110111111111111111101111111110101000000101010110000000111100100111110011111100110111011111111111111111
11111111111111111110101000110111111111111111101111111110101000000101010110000000111100000111110011111100110111011111111111111111
11111111111111111111111000110111111111111111101111111110101000000101010110000000111100000111110011111100110111011111111111111111
11111111111111111111111000110111111111111111101111111110101000000101010110000000111100000111110011111100110111011111111111111111
11111111111111111111111000110111111111111111101111111110101000000101010110000000111100100111110011111100110111011111111111111111
11111111111111111111111000110111111111111111101111111110101000000101010110000000111000110111110011111100110111011111111111111111
11111111111111111111111100110111111111111111101111111110101000000101010110000000111100110111110011111100110111011111111111111111
11111111111111111111111100110111111111111111101111111110101000000101010110000000111100110111110011111100110111011111111111111111
11111111111111111111111100110111111111111111101111111110001000100101010110000000111100100111110011111100110111011111111111111111
11111111111111111111111100110111111111111111101111111110001000000111010110000000111100000111110011111100110111011111111111111111
11111111111111111111111100110111111111111110101111111110101000000111010110000000111100000111110011111100110111011111111111111111
11111111111111111111111100110111111111111110101111111110101000000111010110000000111110000111110011111100110111011111111111111111
11111111111111111111111100110111111111111110101111111110101000000111010110000000111110000111110011111100110111011111111111111111
11111111111111111111111100110111111111111110101111111110101000100101011111001100111110000111110011111100110111011111111111111111
11111111111111111111111100110111111111111110101111111110101000100111011111001100111110000111110011111100110111011111111111111111
11111111111111111111111100110111111111111110101111111110101000100111011111001000111110000111110011111100110111011111111111111111
11111111111111111111111100110111111111111110101111111110101000100111011110000000111110110111110011111100110111011111111111111111
11111111111111111111111100110111111111111110101111111111101000100101011110000000111110110111110011111100110111011111111111111111
11111111111111111111111100110111111111111110101111111111101000100111011110000000111110110111110011111100110111011111111111111111
11111111111111111111111100110111111111111110100111011111101000110111011110000000111110110111110011111100110111011111111111111111
11111111111111111111111100110111111111111110100111011111101000110111011111001000111110110111110011111100110111011111111111111111
11111111111111111111110100110111111101101110100111011111101000110111011111001000111110110111110011111100110111011111111111111111
11111111111111111111110100010111111101101110100111111111101000110111011111001100111110110111110011111100110111011111111111111111
11111111111111111111110100010111101101101110100111111111111000110111011111001100111110110111110011111100110111011111111111111111
11111111111111111111110100010011101101101110100111111111110000110111011111001100111110100111110011111100110111011111111111111111
11111111111111111111110100010011101101101110100111111111110000110101011111001100111110100111110011111100110111011111111111111111
11111111111111111111010100010011111101101111100111111111110000110101011111001100111110110111110011111100110111011111111111111111
11111111111111111111010100010011111111111111100111111111111000110111011111001100111110110111110011111100110111011111111111111111
11111111111111111111010100010011111111111111110111111111111000110111011111001100111110110111110011111100110111011111111111111111
11111111111111111111110100010011111111111111110111111111111100110100011111001100111100110111110011111100110111011111111111111111
11111111111111111111111110010011111111111111110111111111111100110111111111001100111100110111110011111100110111011111111111111111
11111111111111111111111110010011111111111111110111111111111000110111111111001100111110110111110011111100110111011111111111111111
11111111111111111111111110010011111111111111110111111111110000110111111111001100111110110111110011111100110111011111111111111111
11111111111111111111111110010011111111111111110111111111110000110001111111001100111110110111110011111100110111010111111111111111
11111111111111111111111110011011111111111111110111111111110000110111111111001100111100110111110011111100110111011111111111111111
11111111111111111111111110011011111111111111110111111111110000110111111111001100111100110111110011111100110111011101111111111111
11111111111111111111111110011011111111111111110111111111110000110111111111001100111100110111110011111100110111010111111111111111
11111111111111111111111110011011111111111111110111111111110000110111111111001100111110110111110011111100110111010111111111111111
11111111111111111111111110011011111111111111110111111111110000110101111111001100111110110111110011111100110111010101111111111111
11111111111111111111111110011011111111111111110111111111111100110101111111001100111110110111110011111100110111010101111111111111
11111111111111111111111110011011111111111111110111111111111100110111111111001100111110110111110011111100110111010101111111111111
11111111111111111111111110011011111111111111110111111111111100110111111111001100111110110111110011111100100111010101111111111111
11111111111111111111111110011011111111111111110111111111111100110001111111001100111110110111110011111100100110010101111111111111
11111111111111111111111110011011111111111111110111111111110000110111111111001100111110110111110011111100100110010101111111111111
11111111111111111111111110011011111111111111110111111111110000110111111111001100111100110111110011111100100110010101111111111111
11111111111111111111111110011011111111111111110111111111110000110111111111001100111100110111110011111100100110010101111111111111
11111111111111111111111110011011111111111111110111111111111100110111111111001100111110110111110011111100100110010101111111111111
11111111111111111111111110011011111111111111110111111111111100110111111111001100111110110111110011111100100110010101111111111111
11111111111111111111111110011011111111111111110111111111111100110111111111001100111110110111110011111100100110010101111111111111
11111111111111111111111010001011111111111111110111111111111100110111111111001100111110110111110011111100100110010101111111111111
11111111111111111111101010001011111111111111110111111111111100110111111111001000111110110111110011111100100110010101111111111111
11111111111111111111101010001011111111111111110111111111111100110111111111001000111110110111110011111100100110010101111111111111
11111111111111111111101010001011111111111111110111111111111100110111111111001100111100110111110011111100100110010101111111111111
11111111111111111111101010001001111111111111110111111111111100110111111111001100111110110111110011111100100110010101111111111111
11111111111111111111111010001001111111111111110111111111111100010111111111001100111110110111110011111100100110010101111111111111
11111111111111111111111110001001110110110111110111111111111100000111111111001100111110110111110011111100100110010101111111111111
11111111111111111111111110001001110110110111010111111111111100110111111111001100111110110111110011011100100110010101111111111111
11111111111111111111111111001001110110110111010111111111111100010111111111001100111110110111110011111100100110010101111111111111
11111111111111111111111111001001111111110111010111111111111100110111111111001100111110110111110011111100100110110111111111111111
11111111111111111111111111001101111111110111110111111111111110111111111111111111111111111111111111111111111111111111111111111111
11111111111111111111111111111111111111111111111111111111111111111111111111111111111111111111111111111111111111111111111111111111
11111111111111111111111111111111111111111111111111111111111110111111111110011111011111001111111111100111111101111111111111111111
11111111111111101111111111100001111111111000111011111111111111110111111111111111111111111111111111111111111001111111111111111111
11111111111111111111111111111101111111111110111111111111111111111111111111111111111111111111111111111111111101111111111111111111
11111111111111111111111111111111111111111111111111111111111111111111111111111111111111111111111111100111111101111111111111111111
11111111111111111111111111111111111111111111111111111100111111111111111111011111111111111111011111111111111101111111111111111111
11111111111111111111111111111111110001111111111111111101111111111111111111111111111111111111111111111111111111111111111111111111
11111111111111100011111111111111111111111111111111111111111111111111111111111111111111111111011111111111111111111111111111111111
11111111111111111111111111111111111111111111111111111111111111111111111111111111111110111111111111111111111111111111111111111111
11111111111111111111111111111111111111111011111111111111111111111111111111111111111110111111111111111111111111111111111111111111
11111111111111111111111111111111111111111111111111111111111111111111111111111110111110000111111111111111111111111111111111111111
11111111111111111111111111111111111111111111111111111111111111111111111111111111111111111111111111111111111111111111111111111111
11111111111111111111111111111111111111111111111111111111111111111111111111111111111111111111111111111111111111111111111111111111
11111111111111111111111111111111111111111111111111111111111111111111111111111111111111111111111111111111111111111111111111111111