11111111111111111111111111111111111111111111111111111111111111111111111111111111111111111111111111111111111111111111111111111111
11111111111111111111111111111111111111111111111111111111111111111111111111111111111111111111111111111111111111111111111111111111
11111111111111111111111111111111111111111111111111111111111111111111111111111111111111111111111111111111111111111111111111111111
11111110111111111101111111111111111110111111111111111111111111111111111111111111111111111111111111111111111111111111111111111111
11111110111111111101111111111111111111111110111111111111111111110111111111111111111111111111110111110111111111111111111111111111
11111111111111111101111111111111111111111001111111111111111111110111111111111111110111111111101111111111111111111111111111111011
11111111111101111111011111111110111111111011111001111111111111111111111111110011110111111111111111111111111111111111111111111111
11111111111101111111011111111111111111111111111111111111111111111111111111111111111111110011110011111111111111100111111111111111
11011111011111111111111111111111111111111111111111111111111111111111111111111111111111111111111111111111111111111111111111111111
11111111111111111111111111111111111111111101111111111111111111111111111111111111111111111111111111111111110011111111111111111111
11111111111111111111111111111111111111111111111111111111111111111111111111111111111111111111111111111111111111111111111111111111
11111111111111111111111111111111111111111111111111111111111111111111111111111111111111111111111111111111111111111111111111111111
11111111111111111111111111111111111111111111111111111111111111111111111111111111111111111111111111111111111111111111111111111111
11111111111111100011011110110111111111101111111111111111111111111111111111111111111111111111111111111111111111111111111111111111
11111111110111100010011110110110111111001111111110001101100011111111011111111111110011111111111111111111111111111111111111111111
11111111110111100010011110110110111111001111111110001101100011111111011111111011110001011111000111111011111111111111111111111111
11111111110001100010011110110110111111001111111110001101100011111111011111111011110001011111000111111011111111011111011111111111
11111111110001100010011110110110111111001111111110001101100011111111011111111011110001011111000111111011111111011111011111111111
11111111110001100010011110110110111111001111111110001101100011111111011111111011110001011111000111111011111111011111011111111111
11111111110111100010011111110110111111001111111110001101100010111111011111111011110001011111000111111011111111011111111111111111
11111111110111100010011111110110111111001111111110001101100010111111011111111011110011011111000111111011111111011111111111111111
11111111110111100010011111110110111111001111111110001101100010111111011111111011110011011111000111111111111111011111111111111111
11111111110101100010011111110110111111001111111110001001100110111111011111111011110011011111000110111111111111011111111111111111
11111111110001100010011111110110111111001111111110001001100110111111011111111011110011011111000110111111111111011111111111111111
11111111110001100010011111111110111111001111111110001001100110111111011111111011110011011111001110111111101111011111111111111111
11111111110101100110011111111110111111001111111110001001100110111111011111111011110011011011001110111111101111011111111111111111
11111111110101100110011111111110111111001111101110001001100110101111111111111011110011011011001110111111101111011011111111111111
11111111110101100110011111111110111111001111101110001001100110101111111111111011110011011011001110111111101111111011111111111111
11111111110001100110011111111110111111011110101110001001100110101111111111111011110011011011001110111111101111111011111111111111
11111111110001100110011111111110111111011111101110001001100110101111111111111111110011011011001110111111101111111011111111111111
11111111110001100110011111111110111111011111101110001001100110101111111111111111110011011011001110111111101111111011111111111111
11111111110001100110011111111110111111011111101110001001100110101111111111111111100011011011001110111111101111111010111111111111
11111111110101100110011101111110111111011110101110001001100111101111111111111111100011111011001110111111101111111010111111111111
11111111110101100110011101111110111111011110101110011001100111101111111111111111100011111011001110111111101111111010111111111111
11111111110101100110011101111110111111011110101110011001100111101111111110111111100011111011001111111111101111111010111111111111
11111111110101100110011101111110111111011110101110011001100111101111111110111111100011111010001111111111101111111010111111111111
11111111110101100110011101111110111111011110101110011001100111101011111110111111100011111010001110111111101111111010111111111111
11111111110101100110011101111110111111011110101110011001100111101011111110111111100011111010001111110111101111111010111111111111
11111111110001100110011101111110111111011110101110011001100111101011111110111111100011111010001111110111101111111010111111111111
11111111110001100110011101111110111111011110101110011001100111101011111110111111100011111010001111110111101111111010111111111111
11111111110001100110011101111110111111011110101110011001100111101011111110111111100011111010001111110111111111111010111111111111
11111111110001100110011101111110111111011110101110011001100111101011111110111111100011111010001111110111111111111010111111111111
11111111110101100110011101111111111111011110101110011001100111101011111110111111100011111010001111110111111111111010111111111111
11111111110101100110011101111111111011011110101110011001000111101011111110111111100011111010001111110111111111111010111111111111
11111111110101000110011101111111111011011110101110011001000111111010111110111111100011111010001111110111111111111110111111111111
11111111110101000110011101111111111011011110101110011001000111111010111110110111100010111110001111110111111110111110111111111111
11111111110101000110011101111111111011011110101110011001000111111010111110110111100010111110001111110111111110111110111111111111
11111111110001000110111101111111111011011110101110011011000111111010111110110111100010111110001111110111111110111110111111111111
11111111110001000110111101111111111011011110101110011011000111111010111110110111100010111110001111110111111110111111111111111111
11111111110001000110111101111111111011011110101110011011000111111010111110110111100010111110001111110111111110111111111111111111
11111111110101000110111101111111111011011110101110011011000111111010111110110111100010111110001111110111111110111111111111111111
11111111110101000110111101101111111011011110101110011011000111111010111110110111100010111110001111110111111110111111111111111111
11111111110101000110111101101111111011011110101110011011000111111010111110110111100010111110001111110111111110111111111111111111
11111111110101000110111101101111111011011110101100011011000111111010111110110111100010111110001111110111111110111111111111111111
11111111110101000110111101101111111011011110101100011011000111111010111110110111100010111110001111110111111110111111111111111111
11111111110101000110111101101111111011011110101100011011000111111010111110110111100010111110001111111111111110111111111111111111
11111111110101000110111101101111111011011110101100011011000111111010111111110111100010111110001111111111111110110111111111111111
11111111110101000110111101101111111011011110111100011011000111111010111111110111100110111110001111111111011110110111111111111111
11111111110001000110111101101111111011011111111100011011000111111010111111110111100110111110011101111111011110110111111111111111
11111111110001000110111101101111111011011111111100011011000111111010111111110111100110111110011101111111011110110111111111111111
11111111110001000110111101101111111010011111111100011011000111111010111111110111100110111110011101111111011110110111111111111111
11111111110001000110111101101111111010011111111100011011000111111010111111110111100110111110011101111111011110110111111111111111
11111111110001000110111101101111111010011111111100011011000111111110111111110111100110111110011101111111011111110111111111111111
11111111110001000110111101101111111010011111111100011011000101111110111111110111100110111110011101111111011111110111111111111111
11111111110001000110111101101111111010011111111100011011000101111110111111110111100110111110011101111111011111110101111111111111
11111111110001000110111101101111111110011111111100011011000101111110111111110111100110111110011101111111011111110101111111111111
11111111110001000110111101101111111110011111111100011011000101111110111111110111100110111110011101111111011111110101111111111111
11111111110001000110111101101111111110011111111100011011000101011110111111111111100110110110011101111111011111110101111111111111
11111111110001000110111101101111111110011111111100011011000101011111111111111111100111110110011101101111011111110101111111111111
11111111110001000110111101101111111110011111111100011011001101011111111111111111000111110110011101101111011111110101111111111111
11111111110001000110111101101111111110011111111100011011001101011111111111111111000111110110011101101111011111110101111111111111
11111111110001000110111101101111111110011111111100011011001101011111111111111111000111110100011101101111011111110101111111111111
11111111110001000110111101101101111110011111111100011011001101011111111111111111000111110100011101101111011111110101111111111111
11111111110001000110111101101101111110011111111100011011001101011111111111111111000111110100011101101111011111110101111111111111
11111111110001000100111111101101111110011111111100011011001101011111111101111111000111110100011101101111011101111101111111111111
11111111110001000100111111101101111110011111111100011011001101011111111101111111000111110100011101101111111101111101111111111111
11111111110001000100111111101101111110011111111100011011001101011111111101111111000101110100011111101111111101111111111111111111
11111111100001000100111111101101111110011111111100010011001101011111111101111111000111110100011111101111111101111111111111111111
11111111100001000100111111101101111110011111111100110011001101011111111101111111000111110100011111101111111101111111111111111111
11111111100001000100111111101101111110011111011100110011001101011111111101111111000111110100011111101111111101111111111111111111
11111111100001000100111111101101111110011111011100110011001101011111111101111111000101111100011111101111111101111111111111111111
11111111100001000100111111101101111110011101111100110011001101011111111101111111000101111100011111101111111101111111111111111111
11111111100001000100111111101101111110011101011100110011001101011111111101101111000101111100011111101111111101111111111111111111
11111111100001000100111111101101111110011101011100110011001101010111111101101111000101111100011111101111111101101111111111111111
11111111100011000100111111101101111110011101011100110011001101010111111101101111000101111100011111101111111101101111111111111111
11111111100011000100111111101101111110011101011100110011001111010111111101101111000101111100011111101110111101101111111111111111
11111111100011000100111111101101111110011101011100110011001111010111111101101111000101111100011111101110111101101111111111111111
11111111100011000100111111101101111110011101011100110010001111010111111101101111000101111100011111111110111101101111111111111111
11111111100011000100111111101101111110011101011100110010001111010111111101101111000101111100011111111110111101101111111111111111
11111111100001000100111111111101111110011101011100110010001111110111111101101111000101111100011011111110111101101111111111111111
11111111100011000100111011111101111110111101011100110010001111110111111101101111000101111100111011111110111101101111111111111111
11111111100000000100111111111101111110111101011100110010001111110101111101101111000101111100111011111110111101101111111111111111
11111111100001000100111111111101111110111101011100110010001111110101111101101111000101111100111011111110111111101011111111111111
11111111100011000100111111111101111110111101011100110010001111110101111101101111000101111100111011111110111111101011111111111111
11111111100011000100111111111101111110111101011100110010001111110101111111101111000101111100111011111110111111101011111111111111
11111111100011000100111011111101111110111101011100110010001111110101111111101111000101111100111011111110111111101011111111111111
11111111100000000100111011111101111110111101011100110110001111110101111111101111000101111100111011111110111111101011111111111111
11111111100000000100111011111101110110111101011100110110001111110101111111101111000101111100111011011110111111101011111111111111
11111111100000000100111011111101110110111101011100110110001111110101111111101111000101101100111011011110111111101011111111111111
11111111100000000100111011111101110110111101011100110110001111110101111111101111000101101100111011011110111111101011111111111111
11111111100011001100111011111101110110111100011100110110001111110101111111101111000101101100111011011110111111101011111111111111
11111111100011001100111011111101110110111100011100110110001111110101111111101111001101101100111011011110111111101011111111111111
11111111100011001100111011111101110110111101011000110110001111110101111111101111001101101100111011011110111011101011111111111111
11111111100011001100111011111111110110111101011000110110001011110101111111101111001101101000111011011110111011101011111111111111
11111111100011001100111011111111110110111101011000110110001011110101111111101111001111101000111011011110111011101011111111111111
11111111100011001100111011111111110110111101011000110110001011110101111111101111001111101000111011011110111011101011111111111111
11111111100011001101111011111101110110111101011000110110001011111101111111101111001111101000111011011110111011101011111111111111
11111111100011111111111111111111110110111101111000110110001011111101111111101111001111101000111111011110111011101011111111111111
11111111100011111111111111111111111111111111111101110110011011111111111111101111001111101000111111011111111011101011111111111111
00111111100011111111111111111111111111111111111111111111111011111111111111111111001111101000111111011111111011111011111111111111
11111111100011110111111111111111111111111111111111111111111011111111111111111111111111111100111111011111111011111011111111111111
11111111100011110111110011111110111110011111111111111111111011111111111111111111111111111111111111111111111111111111111111111111
00011111100011111111110011111111111110111111111111111111111011111111111111111111111111111111111111111111111111111111111111111111
10111111111111111111110011111111111110111111111111110111111011111111111111111111111011111111111111111111111111111111111111111111
10111111111111111111111111111111111111111111111111110011111011111110111111011111111111111111111111111111110111011111111111111111
11111111111111111111101111111111111111111111111111111111111111111100111111001111111101111101111111111111111011011111111111111111
11111111111111111111110011111111111111111111111111111111111111111111111111011111111111111111111111001111111111011111111111111111
11111111111111111111111111111111111110111111111111111111111111111111111111111111111011111111111111001111110111010111111111111111
11111111111111111111111111111111111111111111111111111111111111111111111111111111111111111100111111111111111111111111110111111111
11111111111111111111111111111111111111111111111111111111111111111111111111101111111111111111111111111111111111111111111111111111
11111111111111111111111111111111111111111111111111111111111111111111111111111111111111111111111111011111111111111111111111111111
11111111111111111111111111111111111111111111111111111111111111111111111111111111111111111111111111111111111111111111111111111111
11111111111111111111111111111111111111111111111111111111111111111111111111111111111111111111111111111111111111111111111111111111
11111111111111111111111111111111111111111111111111111111111111111111111111111111111111111111111111111111111111111111111111111111
11111111111111111111111111111111111111111111111111111111111111111111111111111111111111111111111111111111111111111111111111111111
11111111111111111111111111111111111111111111111111111111111111111111111111111111111111111111111111111111111111111111111111111111
11111111111111111111111111111111111111111111111111111111111111111111111111111111111111111111111111111111111111111111111111111111
11111111111111111111111111111111111111111111111111111111111111111111111111111111111111111111111111111111111111111111111111111111