11111111111111111111111111111111111111111111111111111111111111111111111111111111111111111111111111111111111111111111111111111111
11111111111111111111111111111111111111111111111111111111111111111111111111111111111111111111111111111111111111111111111111111111
11111111111111111111111111111111111111111111111111111111111111111111111111111111111111111111111111111111111111111111111111111111
11111111111111111111111111111111111111111111111111111111111111111111111111111111111111111111111111111111111111111111111111111111
11111111111111111111111111111111111111111111111111111111111111111111111111111111111111111111111111111111111111111111111111111111
11111111111111111111111111111111111111111111111111111111111111111111111111111111111111111111111111111111111111111111111111111111
11111111111111111111111111111111111111111111111111111111111111111111111111111111111111111111111111111111111111111111111111111111
11111111111111111111111111111111111111111111111111111111111111111111111111111111111111111111111111111111111111111111111111111111
11111111111111111111111111111111111111111111111111111111111111111111111111111111111111111111111111111110111111111111101111111111
11111111111111111111111111111111111111111111111111111111111011111111111111111111111111111111101111111110111111111111111111111111
11111111111111111111111011111111111111111111111100111111111111111111111111111101111111111111101110011111111111111111111111111111
11111111111111111111110101110011111111111111111100111111111111111111111111111011111011111111111111111111111101111111110111111111
11111111111111111111110001110011111111001111111100111111111111111111111111111111111111111111111111111111111101111111111111111111
11111111111111111111110101111011111111111111111111111111111111111111111111111111111111111111111111111111111111111111111111111111
11111111111111111110111101111111111111111111111111111111111111111111111110111111111111111111111111111111111111111111111111111111
11111111111111111111111111111111111111111111111111111111111111111111111111111111111111111111111111111111111111111111111111111111
11111111111111111111111111111111111111111111111111111111111111111111111111111111111111111111111111111111111111111111111111111111
11111111111111111111111111111111111111111111111111111111111111111111111111111111111111111111111111111111111111111111111111111111
11111111111111111111111111111111111111111111111111111111111111011111110111111111111011111111111110010110000111001111111111111111
11111111111111111111111110011011111111111111111011101110000000000000000011100111100001111111111110000110000111001111111111111111
11111111111111111111100000000011111111101110111011100110000000000000000011100111100000111111111110000110000111001111111111111111
11111111111111111111100000000011111111101110111011100110000000000000000011100111100000111111111110000110000111001111111111111111
11111111111111111111100000000011111111101110111011100110000000000000000011100111100000111111111110000110000111001111111111111111
11111111111111111111100000000011111111101110111011100110000000000000000011100111100000111111111110000110000111001111111111111111
11111111111111111111100000000011111111101110111011100110000000000000000011100111100000111111111110000110000111001111111111111111
11111111111111111111100000000011111111101111111011100110000000000000000011100111100000111101111110000110000111001111111111111111
11111111111111111111100000000011111111101111111011100110000000000000000011100111100000111101110110000110000111001111111111111111
11111111111111111111100000000011111111101111111011100110000000000000000011100111100000111101110110000110000111001111111111111111
11111111111111111111100000000011111111101111111011100110000000000000000011100111100000111101110110000110000111001111111111111111
11111111111111111111100000000011110111111111111011100110000000000000000011100111100000111101110110000110000011001111111111111111
11111111111111111111100000000011110111111111111011100110000000000000000011100111100000111101110110000110000011001111111111111111
11111111111111111111100000000001110111111111111011100110000000000000000011100111100000111101110110000110000011001111111111111111
11111111111111111111100000000001110111111111111011100111000000000000000011100111100000111101110110000110000011001111111111111111
11111111111111111111100000000001110111111111111011100111000000000000000011100111100000111101110110000110000011001111111111111111
11111111111111111111100000000001110111111111111011100111000000000000000011100111110000111101110110000111000011001111111111111111
11111111111111111111100000000001110111111111111011100111000000000000000011100111110000111101110110000111000011001111111111111111
11111111111111111111100000000001110111111111111011100111000000000000000011100111110000111101110110000111000011001111111111111111
11111111111111111111100000000001110111111111111011100111000000000000000011100111110000111101110110000111000011000111111111111111
11111111111111111111100000000001110111111111111011100111000000000000000011100111110000111101110110000111000011000111111111111111
11111111111111111111100000000001110111110111111011100111000000000000000011100111110000111111110110000111000011000111111111111111
11111111111111111111100000000001110111110111011011100111000000000000000011100111110000111111110110000111000011000111111111111111
11111111111111111111100000000001110111110111011011100111000000000000000011100111110000111111111110000111000011000111111111111111
11111111111111111111100000000001110111110111011011100111000000000000000011100111110000111111111110000111000011100111111111111111
11111111111111111111100000000001110111110111011011100111000000000000000011100111110000111111111110000011000011100111111111111111
11111111111111111111100000000001110110110111011011100111000000000000000011100111110000111111111110000011000011100111111111111111
11111111111111111111100000000001110110110111011011100111000000000000000011100111110000111111111110000011000011100111111111111111
11111111111111111111100000000001110110110111011011100111000000000000000001100111110000111111111110000011000011100111111111111111
11111111111111111111100000000001110110110111011011100111000000000000000001100111110000111111111110000011000001100111111111111111
11111111111111111111100000000001110110110111011011100111000000000000000001100111110000111111111110000011000001100111111111111111
11111111111111111111100000000001110110110111011011100111000000000000000001100111110000111111111110000011000001100111111111111111
11111111111111111111100000000001110110110111011011100111000000000000000001100111110000111111111110000011000001100111111111111111
11111111111111111111100000000001110110110111011011100111000000000000000001100111110000111111111110000011000001100111111111111111
11111111111111111111100000000001110110110111011011100111000000000000000001100011110000111111111111000011000001100111111111111111
11111111111111111111100000000001110110110111011011100111000000000000000001100011110000111111111111000011000001100111111111111111
11111111111111111111100000000001110110110111011011100111000000000000000001100011110000111111111111000011000001100111111111111111
11111111111111111111100000000001110110110111011011100111000000000000000001100011110000011111111111000011100001100111111111111111
11111111111111111111100000000001110110110111011001100111000000000000000001100011110000011111111111000011100001100011111111111111
11111111111111111111100000000001110110110111011001100111000000000000000001100011110000011111111111000011100001100011111111111111
11111111111111111111100000000001110110110111011001100111000000000000000001100011110000011110111011000011100001100011111111111111
11111111111111111111100000000001110110110111011001100011000000000000000001100011110000011110111011000011100001100011111111111111
11111111111111111111100000000001110110110111011001100011000000000000000001100011110000011110111011000011100001100011111111111111
11111111111111111111100000000001110110110111011001100011000000000000000001100011110000011110111011000011100001100011111111111111
11111111111111111111100000000001110110110111011001100011000000000000000001100011110000011110111011000011100001100011111111111111
11111111111111111111100000000001110110110111011001100011000000000000000001100011110000011110111011000011100001100011111111111111
11111111111111111111100000000001110110110111011001100011000000000000000001100011110000011110111011000011100001100011111111111111
11111111111111111111100000000001110110110111011001100011000000000000000001100011110000011110111011000011100001100011111111111111
11111111111111111111100000000001110110110111011001100011000000000000000001100011110000011110111011000011100001100011111111111111
11111111111111111111100000000001110110110111011001100011000000000000000001100011110000011110111011000011100001100011111111111111
11111111111111111111110000000001110110110111011001100011000000000000000001110011110000011110111011000011100001100011111111111111
11111111111111111111110000000001110110110111011001100011000000000000000001110011110000011110111011000011100001100011111111111111
11111111111111111111110000000001110110110111011001100011000000000000000000110011110000011110111011000011100001100011111111111111
11111111111111111111110000000001110110110111011001100011000000000000000000110011110000011110111011000011100001100011111111111111
11111111111111111111110000000001110110110111011001100011000000000000000000110011110000011110111011000001100001110011111111111111
11111111111111111111110000000001110110110111011001100011000000000000000000110011110000011110111011000001100001110011111111111111
11111111111111111111110000000001110110110111011001100011000000000000000000110011110000011110111011000001100001110011111111111111
11111111111111111111110000000001110110110111011001100011000000000000000000110001110000011110111011000001100001110011111111111111
11111111111111111111110000000001110110110111011001100011000000000000000000110001111000011110111011000001100000110011111111111111
11111111111111111111110000000001110110110111011001100011000000000000000000110001111000011111111011000001100000110011111111111111
11111111111111111111110000000001110110110111011001100011000000000000000000110001111000011111111111000001100000110011111111111111
11111111111111111111110000000001110110110111011001110011000000000000000000110001111000011111111111000001100000110011111111111111
11111111111111111111110000000001110110111111011101110011000000000000000000110001111000011111111111000001100000110011111111111111
11111111111111111111110000000001110110111111011101110011000000000000000000110001111000011111111111000001100000110011111111111111
11111111111111111111110000000001110110111111011101110011000000000000000000110001111000011111111111000001100000110011111111111111
11111111111111111111110000000001110110111111011101110011000000000000000000110001111000011111111111000001100000110001111111111111
11111111111111111111110000000001110111111111011101110011000000000000000000110001111000011111111111000001100000110001111111111111
11111111111111111111110000000001110111111111011101110011000000000000000000110001111000011111111111000001100000110001111111111111
11111111111111111111110000000001110011111111011101110011000000000000000000110001111000011111111111000001100000110001111111111111
11111111111111111111110000000001110011111111011100110011000000000000000000110001111000011111111101000001100000110001111111111111
11111111111111111111110000000001110011111111011100110001000000000000000000110001111000001111011101100001100000110001111111111111
11111111111111111111110000000001110011111111001100110001000000000000000000110001111000001111011101100001110000110001111111111111
11111111111111111111110000000001110011111111001100110001100000000000000000110001111000001111011101100001110000110001111111111111
11111111111111111111110000000001110011111111001100110001100000000000000000110001111000001111011101100000110000110001111111111111
11111111111111111111110000000001110011111111001100110001000000000000000000110001111000001111011101100000110000110001111111111111
11111111111111111111110000000001110011111111001100110001100000000000000000110001111000001111011101100000110000110001111111111111
11111111111111111111110000000001110011111111001100110001100000000000000000110001111000001111011101100000110000110001111111111111
11111111111111111111110000000000110011111011101100110001100000000000000000110001111000001111011101100000110000110001111111111111
11111111111111111111110000000000110011111011101100110001100000000000000000110001111000001111011101100000110000110001111111111111
11111111111111111111110000000000111011111011101100110001100000000000000000110001111000001111011101100000110000110001111111111111
11111111111111111111110000000000111011111011101100110001100000000000000000110001111000001111011101100000110000110001111111111111
11111111111111111111110000000000110011111011101100110001100000000000000000110001111000001111011101100000110000110001111111111111
11111111111111111111110000000000111011011011101100110001100000000000000000110001111000001111011101100000110000110001111111111111
11111111111111111111110000000000111011011011101100110001100000000000000000110001111000001111011101100000110000110001111111111111
11111111111111111111110000000000111011011011101100110001100000000000000000110001111000001111011101100000110000110001111111111111
11111111111111111111100000000000111011011011101100110001100000000000000000110001111000001111011101100000110000011001111111111111
11111111111111111111100000000000111011011011101100110001100000000000000000111001111000001111011101100000110000011001111111111111
11111111111111111111110000000000111011011011101100110001100000000000000000011001111000001111011101100000110000011001111111111111
11111111111111111111110000000000111011011011101100110001100000000000000000011001111000001111111111110010110000111001111111111111
11111111111111111111110000000000111011011011101100110001100000000000000000111111111111111111111111111111111100111001111111111111
11111111111111111111110000000001111111111111111111111111111111111111000111111111111111111111111111111111111100111001111111111111
11111111111111111111110001111111111111111111111111111111111111111111000111111111111111111111111101111100111100011000111111111111
11111111111111111111110001111111111111111111111111111111111111111111000111101111110011111111111101111111111101111000111111111111
11111111111111111111110001111111111111111011111111111110011111111111000111110111110111111011111101111111011001111000111111111111
11111111111111111111110001100111110011111101111101111101111111011111000111011111110111110011111111111100111000011011111111111111
11111111111110011111110001110111110011111111111100111101111111001111000111011111111011110001111111111110111111011111111111111111
11111111111110001111110001111111110011111111111110111101111110001111111111011111111011110101111111111110110111111111110111111111
11111111111110001111110001111111100011111011111110111101111110001111111111011111111011110101111111111111110111111111111111111111
11111111111110001111111111101111100011111011111110111101111111001111111111100111110111111011111111111111101111111111111111111111
11111111111111011111111111111111100011111111111111111110011111011111111111111111111111111111111111111111101111111111111111111111
11111111111111011111111111111111110111111111111111111111111111111111111111111111111111111111111111111110001111111111111111111111
11111111111111111111111111111111111111111111111111111111111111111111111111111111111111111111111111111000001111111111111111111111
11111111111111111111111111111111111111111111111111111111111111111111111111111111111111111111111111111100011111111111111111111111
11111111111111111111111111111111111111111111111111111111111111111111111111111111111111111111111111111110111111111111111111111111
11111111111111111111111111111111111111111111111111111111111111111111111111111111111111111111111111111111111111111111111111111111
11111111111111111111111111111111111111111111111111111111111111111111111111111111111111111111111111111111111111111111111111111111
11111111111111111111111111111111111111111111111111111111111111111111111111111111111111111111111111111111111111111111111111111111
11111111111111111111111111111111111111111111111111111111111111111111111111111111111111111111111111111111111111111111111111111111
11111111111111111111111111111111111111111111111111111111111111111111111111111111111111111111111111111111111111111111111111111111
11111111111111111111111111111111111111111111111111111111111111111111111111111111111111111111111111111111111111111111111111111111