11111111111111111111111111111111111111111111111111111111111111111111111111111111111111111111111111111111111111111111111111111111
11111111111111111111111111111111111111111111111111111111111111111111111111111111111111111111111111111111111111111111111111111111
11111111111111111111111111111111111111111111111111111111111111111111111111111111111111111111111111111111111111111111111111111111
11111111111111111111111111111111111111111111111111111111111111111111111111111111111111111111111111111111111111111111111111111111
11111111111111111111111111111111111111111111111111111111111111111111111111111111111111111111111111111111111111111111111111111111
11111111111111111111111111111111111111111111111111111111111111111111111111111111111111111111111111111111111111111111111111111111
11111111111111111111111111111111111111111111111111111111111111111111111111111111111111111111111111111111111111111111111111111111
11111111111111111111111111111111111111111111111111111111111111111111111111111111111111111111111111111111111111111111111111111111
11111111111111111111111111111111111111111111111111111111111111111111111111111111111111111111111111111111111111111111111111111111
11110001001110011111111111111011110111111111111111011111111111111111111111111111111111111111111111111111111111111111111111111111
11110011000110000001111111111001110011101111111111000111111110001100111111111111110111101111011100111111111111111111111111111111
11110111001110000001011111111110111011000111111111101111111111011111011111111111111111011111101101011101111111111111111111111111
11110111001110000000011111111110111111001111111111111111111111011111011111111111111101011111101101011101111111110111111111111111
11110111101110000000011111111110110111001111001111111111011111011111011111110111111101011111101100011001111011110111111111111111
11110111100110100000011111111001110111011111111111011111111111101111011111111111111101100111111100011111111111110011111111111111
11110111000110100011011111111101111111011111111111111111111111101111011111111111111101111111111111011111111111111101111111111111
11110011001110001111111111111111111111101111111111111111111111111100111111111111111111111110111111111111111111111111111111111111
11111111111111111111111111111111111111111111111111111111111111111111111111111111111111111111111111111111111111111111111111111111
11111111111111111111111111111111111111111111111111111111111111111111111111111111111111111111111111111111111111111111111111111111
11111111111111111111111111111111111111111111111111111111111111111111111111111111111111111111111111111111111111111111111111111111
11111111111111111111111111111111111111111111111111111111111111111111111111111111111111111111111111111111111111111111111111111111
11111111111111111111111111111111111111111111111111111111111111111111111111111111111111111111111111111111111111111111111111111111
11111111111111111111111111111111111111111111111111111111111111111111111111111111111111111111111111111111111111111111111111111111
11111111100000000111111111111110011111110011111111111101111101111111111111111111111111111111111111111111111111111111111111111111
11111111000000000111011110111000000000110011101100000001110000001100001111111110111100011110111111111111111111111111011111111111
11111111000000000111011110111000000000110011101100000001110000001100001111111110111100011110111111111111111111111111011111101111
11111111000000000111011110111000000000110011101100000001110000001100001111111110111100011110111111111111111110111111011111110111
11111111000000000111011110111000000000110011101100000001110000001100001111111110111100011110111111111111111110111111111111110011
11111111000000000111011110111000000000110011101100000001110000001100001111111111111100011110011111111111111111111111111111110111
11111111000000000111011110111000000000110011101111000001110000001100001111111111111100011110011111111111111111111101111111101111
11111111000000000111011110111000000000110011101111000001110000001100001111111110111100011110011111111111111111111101111111011111
11111111000000000111011110111000000000110011101100000001110000001100001111111110111100011110011111111111111111111101111111111111
11111111000000000111011110111000000000110011101100000001110000001100001111111111111100011110011111111111111111111111111111111111
11111111000000000111011110111000000000110011101100000001110000001100001111111110111100011110011111111111111111111111111111111111
11111111000000000111011110111000000000110011101100000001110000001100001111111111111100011110011111111111111110011111110111111111
11111111000000000111011110111000000000110011101111000001110000001100001111111111111100011110011111111100001110000111110111111111
11111111000000000111011110111000000000110011101111000001110000001100001111111110111100011110011111111100001110000111110111111111
11111111000000000111011110111000000000110011101111000001110000001100001111111110111100011110011111111100001110000111110111111111
11111111000000000111011110111000000000110011101100000001110000001100001111111111111100011110011111111100001110000111110111111111
11111111000000000111011110111000000000110011101100000001110000001100001111111111111100011110011111111100001110000111110111111111
11111111000000000111011110111000000000110011101100000001110000001100001111111111111100011110011111111100001110000111110111111111
11111111000000000111011110111000000000110011101100000001110000001100001111111111111100011110011111111100001110000111110111111111
11111111000000000111011110111000000000110011101100000001110000001100001111111111111100011110011111111100001110000111110111111111
11111111000000000111011110111000000000110011101100000001110000001100001111111110111100011110011111111100001110000111110111111111
11111111000000000111011110111000000000110011101100000001110000001100001111111110111100011110011111111100001110000111110111111111
11111111000000000111011110111000000001110011101111000001110000001100001111111110011100011110011111111100001110000111110111111111
11111111000000000111011110111000000001110011101111000001110000001100001111111110111100011110011111111100001110000111110111111111
11111111000000000111011110111000000001110011101100000001110000001100001111111110111100011110011111111100001110000111110111111111
11111111000000000111011110111000000001110011101100000001110000001100001111111111011100011110011111111100001110000111110111111111
11111111000000000111011110111000000001110011101100000001110000001100001111111110111100011110011111111100001110000111110111111111
11111111000000000111011110111000000001110011101100000001110000001100001111111111111100011110011111111100001110000111110111111111
11111111000000000111011110111000000001110011101111000001110000001100001111111111011100011110011111111100001110000111110111111111
01111111000000000111011110111000000001110011101111000001110000001100001111111111011100011110011111111100000110000111111111111111
01111111000000000111011110111000000001110011101111000001110000001100001111111111011100011110011111111100001110000111111111111111
01111111000000000111011110111000000001110011101100000001110000001100001111111111011100011110011111111100001110000111111111111111
01111111000000000111011110111000000001110011101111000001110000001100001111111111011100011110011111111100001110001111111111111111
01111111000000000111010110111000000001110011101111110001110000001100001111111111111100011110011111111100001110001111111111111111
00111111000000000111011110111000000001110011101111000001110000001100001111111111011100011110011111111100001110001111111111111111
00011111000000000111011110111000000001110011101111000001110000001100001111111111011110011110011111111100000110001111111111111111
00011111000000000111010110111000000001110011001111000001110000001100001111111110011110011110011111111100000110001111111111111111
00111111000000000111010110111000000001110011101100000001110000001100001111111111011100011110011111111100000110001111111111111111
10111111000000000111010110111000000001110011101111000001110000001100001111111111011110011110011111111100000110001111111111111111
11111111000000000111010110111000000001110011101111000001110000001100001111111110011110011110011111111100000110001111111111111111
11111111000000000111010110111000000001110011001100000001110000001100001111111110011100011110011111111100000110001111111111111111
01111111000000000111010110111000000001110011101111000001110000001100001111111111011110011110011111111100000110001111111111111111
11111111000000000111010110111000000001110011101111000001110000001100001111111110011110011110011111111100000110000000111111111111
11111110000000000111010110111000000001110011001100000001110000001100001111111110011100011110011111111100000110000000000000000011
01111110000000000111010110111000000001110011001111000001110000001100001111111110011110011110011111111100000110000000000000000000
01111110000000000111010110111000000001110011001111000001110000001100001111111110011110011110011111111100000110000000000000000000
11111110000000000111010110111000000001110011001111000001110000001100001111111110011110011110011111111100000110000000000000000000
11111110000000000111010110111000000001110011101100000001110000001100001111111111011110011110011111111100000110000000000000000000
11111110000000000111010110111000000001110011101111000001110000001100001111111111011110011110011111111100000110000000000000000000
11111110000000000111010110111000000001110011001111000001110000001100001111111111011110011110011111111100000110000000000000000000
11111110000000000111010110111000000001110011001111000001110000001100001111111111011110011110011111111100000110000000000000000000
11111110000000000111010110111000000001110011001111000001110000001100001111111111011110011110011111111100000110000000000000000000
11111110000000000111010110111000000001110011001111110001110000001100001111111110011110011110011111111100000110000000000000000000
11111111000000000111010110111000000001110011001111110001110000001100001111111111011110011110011111111100000110000000000000000000
11111111000000000111010110111000000001110011001111000001110000001100001111111111011110011110011111111100000110000000000000000000
11111111000000000111010110111000000001110011001111000001110000001100001111111110011110011110011111111100000110000000000000000000
11111111000000000111010110111000000001110011001111000001110000001100001111111111011110011110011111111100000110000000000000000000
11111110000000000111010110111000000001110011001111000001110000001100001111111111011110011110011111111100000110000000000000000000
11111110000000000111010110111000000001110011001111110001110000001100001111111110011110011110011111111100000110000000000000000000
11111110000000000111010110111000000001110011001111110001110000001100001111111111011110011110011111111100000110000000000000000000
11111110000000000110010110111000000001110011001111000001110000001100001111111111011110011110011111111100000110000000000000000000
11111110000000000110010110111000000001110011001111000001110000001100001111111111011110011110011111111100000110000000000000000000
11111110000000000110010110111000000001110011001111110001110000001100001111111111011110011110011111111100000110000000000000000000
11111110000000000110010110111000000001110011001111110001110000001100001111111111011110011110011111111100000110000000000000000000
11111110000000000110010110111000000001110011001111000001110000001100001111111111011110011110011111111100000110011111100000000000
11111111000000000110010110111000000001110011001111110001110000001100001111111111011110011110011111111100000110011111111111111111
11111110000000000110010110111000000001110011001111110001110000001100001111111111011110011110011111111100000110011111111111111111
11111111000000000110010110111000000001110011001111110001110000001100001111111111011110011110011111111100000110011111111111111111
11111111000000000110010110111000000001110011001111110001110000001100001111111111011110011110011111111100000110011111111111111111
11111111000000000110010110111000000001110011001111110001110000001100001111111111011110011110011111111100000110011111111111111111
11111111000000000110010110111000000001110011001111110001110000001100001111111111011110011110011111111100000110011111111111111111
11111111000000000110010110111000000001110011001111000001110000001100001111111111011110011110011111111100000110011111111111111111
11111111000000000110010110111000000001110011001111110001110000001100001111111111011110011110011111111100000110001111111111111111
11111111000000000110010110111000000001110011001111000001110000001100001111111111011110011110011111111101000110001111111111111111
11111111000000000110010110111000000001110011001111110001110000001100001111111111011110011110011111111101000110000111111111111111
11111111000000000110010110111000000001110011001111110001110000001100001111111111011110011110011111111101000110000111111111111111
11111111000000000110010110111000000001110011001111110001110000001100001111111111011110011110011111111101000111000111110111111111
11111111000000000110010110111000000001110011001111000001110000001100001111111111011110011110011111111101000111000111110111111111
11111111000000000110010110111000000001110011001111110001110000001100001111111111011110011111111111111101000111000111110111111111
11111111000000000110010110111000000001110011001111110001110000001100001111111111011110011111111111111101000111000111110111111111
11111111000000000110010110111000000001110011001111000001110000001100001111111111011110011110011111111111000111000111110111111111
11111111000000000110010110111000000001110011001111110001110000001100001111111111111111111111111111111111000111000111110111111111
11111111000000000110010110111000011111110011111111111101111100111111111111111111111111111111111111111111000111000111110111111111
11111111000000001110011110111110011111111111111111101111111111111111111111111111111111111111111111111111000111000111110111111111
11001111000000001110011110001110001111001111111111101111111111111111011111111111111111111111111111111111000111000111110111111111
11000111000000001100011110001110000111001111101111101111101111001111111111111111111111111110011111111111000111000111110111111111
10000111000000001100001111001111001110110111101111101111101111111111110111111111111111111111111111111111000111000111110111111111
10010011001110001100001111001111001110111111110111011101111111111111110111111111011111101111111111111111000111000111110111111111
10010011001110011100001111011111001110111111111111111101111111111111111111001111011111001111111111111111011111000111110111111111
11000111001110111100001110111111110110111111110111111101111111101111011111111111111111011011111111111111111111011111111111111111
11000111001110111101101110111111110110111111110111111101111111101111111110111111111111011011111111111111111111111111111111111111
11100111111110111101100110111111110110110111111111111101111111101111111110111111111111011111111111111111111111111111111111111111
11100111111100111100001110111111001111111111111111111111101111111111111111111111010111111111111111111111111111111111111111111111
11101111111111111100011110111110011111001111111111111111111111111111111111111111111111111111111111111111111111111111111111111111
11111111111111111111111111111111111111111111111111111111111111111111111111111111111111111111111111111111111111111111111111111111
11111111111111111111111111111111111111111111111111111111111111111111111111111111111111111111111111111111111111111111111111111111
11111111111111111111111111111111111111111111111111111111111111111111111111111111111111111111111111111111111111111111111111111111
11111111111111111111111111111111111111111111111111111111111111111111111111111111111111111111111111111111111111111111111111111111
11111111111111111111111111111111111111111111111111111111111111111111111111111111111111111111111111111111111111111111111111111111
11111111111111111111111111111111111111111111111111111111111111111111111111111111111111111111111111111111111111111111111111111111
11111111111111111111111111111111111111111111111111111111111111111111111111111111111111111111111111111111111111111111111111111111
11111111111111111111111111111111111111111111111111111111111111111111111111111111111111111111111111111111111111111111111111111111
11111111111111111111111111111111111111111111111111111111111111111111111111111111111111111111111111111111111111111111111111111111
11111111111111111111111111111111111111111111111111111111111111111111111111111111111111111111111111111111111111111111111111111111
11111111111111111111111111111111111111111111111111111111111111111111111111111111111111111111111111111111111111111111111111111111