11111111111111111111111111111111111111111111111111111111111111111111111111111111111111111111111111111111111111111111111111111111
11111111111111111111111111111111111111111111111111111111111111111111111111111111111111111111111111111111111111111111111111111111
11111111111111111111111111111111111111111111111111111111111111111111111111111111111111111111111111111111111111111111111111111111
11111111111111111111111111111111111111111111111111111111111111111111111111111111111111111111111111111111111111111111111111111111
11111111111111111111110111111111111111111111111111111111111111111111111111111111111111111111111111111111111111111111111111111111
11111111111111111111110111111111111111111111111111111111111111111111111111111111111111111111111111111111111111111111111111111111
11111111111111111111111111111111111111111111111111001111111110011111111111111111111111111001111111111111111111111111111111111111
11111111111111111111111101111111111111111111111111111111111111111111111111111111111111111111111111111111111111111111111111111111
11111111111111111111111101111111111111111111111111111111111111111111111111111111111111111111111111111111111111111111111111111111
11111111111111111111111111111111111111111111111111111111111111111111111111111111111111111111111111111111111111111111111111111111
11111111111111111111111111111111111111111111111111111111111111111111111111111111111111111111111111111111111111111111111111111111
11111111111111111111111111111111111111111111111111111111111111111111111111111111111111111111111111111111111111111111111111111111
11111111111111111111111111111111111111111111111111111111111111111111111111111111111111111111111111111111111111111111111111111111
11111111111111111110001101111111111111111111111111111111111111111111111111111111111111111111111111111111111111111111111111111111
11111111111111111110001101111111011011111101111010011101110111111101011100111110011010001110110111010111110001111111111111111111
11111111111111111110001101111111011011111101111010011101110111111101011100111110011010001110110111010111110001111011111111111111
11111111111111111110001101111111011011111101111010011101110111111101011100111110011010001110110111010111110001111011111111111111
11111111111111111110001101111111011011111101111010011101110111111101011100111110011010001110110111010111110001111011111111111111
11111111111111111110001101111111011011111101111010011101110111111101011100111110011010001110110111010111110001111011111111111111
11111111111111111110001101111111011011111101111010011101110111111101011100111110011010001110110111010111110001111011111111111111
11111111111111111110001101111111011011111101111010011101110111111101011100111110011010001110110111010111110001111111111111111111
11111111111111111110001101111111011011111101111010011101110111111101011100111110011010001110110111010111110001101011111111111111
11111111111111111110001101111111011011111101111010011101110111111101011100111110011010001110110111010111110001101011111111111111
11111111111111111110001101111111011011111101111010011101110111111101011100111110011010001110110111010111110001101011111111111111
11111111111111111110001101111111011011111101111010011101110111111101011100111110011010001110110111010111110001101011111111111111
11111111111111111110001101111111011011111101111010011101110111111101011100111110011010001110110111010111110001101011111111111111
11111111111111111110001101111111011011111101111010011101110111111101011100111110011010001110110111010111110001111011111111111111
11111111111111111110001101111111011011111101111010011101110111111101011100111110011010001110110111010111110001111011111111111111
11111111111111111110001101111111011011111101111010011101110111111101011100111110011010001110110111010111110001111011111111111111
11111111111111111110001101111111011011111101111010011101110111111101011100111110011010001110110111010111110001101011111111111111
11111111111111111110001101111111011011111101111010011101110111111101011100111110011010001110110111010111110001101011111111111111
11111111111111111110001101111111011011111101111010011101110111111101011100111110011010001110110111010111110001101011111111111111
11111111111111111110001101111111011011111101111010011101110111111101011100111110011110001110110111010111110001101011111111111111
11111111111111111110001101111111011011111101111010011101110111111101011100111110011110001110110111010111110001111011111111111111
11111111111111111110001101111111011011111101111010011101110111111101011100111110011010001110110111010111110001101111111111111111
11111111111111111110001101111111011011111101111010011101110111111101011100111110011010001110110111010111110001101111111111111111
11111111111111111110001101111111011011111101111010011101110111111101011100111110011010001110110111010111110001101011111111111111
11111111111111111110001101111111011011111101111010011101110111111101011100111110011110001110110111010111110001101011111111111111
11111111111111111110001101111111011011111101111010011101110111111101011100111110011110001110110111010111110001101011111111111111
11111111111111111110001101111111011011111101111010011101110111111101011100111110011010001110110111010111110001101011111111111111
11111111111111111110001101111111011011111101111110011101110111111101011100111110011010001110110111010111110001101011111111111111
11111111111111111110001101111111011011111101111110011101110111111101011100111110011010001110110111010111110001101011111111111111
11111111111111111110001101111111011011111101111110011101110111111101011100111110011010001110110111010111110001101011111111111111
11111111111111111110001101111111011011111101111010011101110111111101011100111110011010001110110111010111110001101011111111111111
11111111111111111110001101111111011011111101111010011101110111111101011100111110011010001110110111010111110001101011111111111111
11111111111111111110001101111111011011111101111010011101110111111101011100111110011010001110110111010111110001101011111111111111
11111111111111111110001101111111011011111101111010011101110111111101011100111110011010001110110111010111110001101011111111111111
11111111111111111110001101111111011011111101111010011101110111111101011100111110011010001110110111010111110001101011111111111111
11111111111111111110001101111111011011111101111010011101110111111101011100111110011010001110110111010111110001101011111111111111
11111111111111111110001101111111011011111101111010011101110111111101011100111110011010001110110111010111110001101011111111111111
11111111111111111110001101111111011011111101111010011101110111111101011100111110011010001110110111010111110001101011111111111111
11111111111111111110001101111111011011111101111010011001110111111101011100111110011010001110110111010111110001101011111111111111
11111111111111111110001101111111011011111101111010011001110111111101011100111110011110001110110111010111110001101011111111111111
11111111111111111110001101111111011011111101111110011001110111111101011100111110011010001110110111010111110001101011111111111111
11111111111111111110001101111111011011111101111110011001110111111101011100111110011110001110110111010111110001101011111111111111
11111111111111111110001101111111011011111101111110011001110111111101011100111110011110001110110111010111110011101011111111111111
11111111111111111110001101111111011011111101111110011001110111111101011100111110011010001110110111010111110011101011111111111111
11111111111111111110001101111111011011111101111110011001110111111101011100111110011010001110110111010111110001101011111111111111
11111111111111111110001101111111011011111101111110011001110111111101011100111110011110001110110111010111110001101011111111111111
11111111111111111110001101111111011011111101111110011001110111111101011100111110011110001110110111010111110011101011111111111111
11111111111111111110001101111111011011111101111110011001110111111111011100111110011110001110110111010111110011101011111111111111
11111111111111111110001101111111011011111101111110011001110111111111011100111110011110001110110111010111110011101011111111111111
11111111111111111110001101111111011011111101111110011001110111111111011100111110011110001110110111010111110011101011111111111111
11111111111111111110001101111111011011111101111110011001110111111111011100111110011110001110110111010111110011101011111111111111
11111111111111111110001101111111011011111101111110011001110111111101011100111110011110001110110111010111110011101011111111111111
11111111111111111110001101111111011011111101111110011001110111111111011100111110011110001110110111010111110011101011111111111111
11111111111111111110001101111111011011111101111110011001110111111111011100111110011110001110110111010111110011101011111111111111
11111111111111111110001101111111011011111101111110011001110111111111011100111110011110001110110111010111110011101011111111111111
11111111111111111110001101111111111011111101111110011001110111111111011100111110011110001110110111010111110011101011111111111111
11111111111111111110001101111111111011111101111110011001110111111111011100111110011110001110110111010111110011101011111111111111
11111111111111111110001101111111111011111101111110011001110111111111011100111110011110001110110111010111110011101011111111111111
11111111111111111110001101111111111011111101111110011001110111111111011100111110011110001110110111010111110011101011111111111111
11111111111111111110001101111111111011111101111110011001110111111111011100111110011110001110110111010111110011101011111111111111
11111111111111111110001101111111111011111101111110011001110111111111011100111110011110001110110111010111110011101011111111111111
11111111111111111110001101111111111011111101111110011001110111111111011100111110011110001110110111010111110011101011111111111111
11111111111111111110001101111111111011111101111110011001110111111111011100111110011110001110110111010111110011101011111111111111
11111111111111111110001101111111111011111101111110011001110111111111011100111110011110001110110111010111110011101011111111111111
11111111111111111110001101111111111011111101111110011001110111111111011100111110011110001110110111010111110011101011111111111111
11111111111111111110001101111111111011111101111110011001110111111111011100111110011110001110110111010111110011101011111111111111
11111111111111111110001101111111111011111101111110011001110111111111011100111110011110001110110111010111110011101011111111111111
11111111111111111110001101111111111011111101111110011001110111111111011100111110011110001110110111010111110011101011111111111111
11111111111111111110001101111111111011111101111110011001110111111111011100111110011110001110110111010111110011101011111111111111
11111111111111111110001101111111111011111101111110011001110111111111011100111110011110001110110111010111110011101011111111111111
11111111111111111110001101111111111011111101111110011001110111111111011100111110011110001110110111010111110011101011111111111111
11111111111111111110001101111111111011111101111110011001110111111111011100111110011110001110110111010111110011101010111111111111
11111111111111111110001101111111111011111101111110011001110111111111011100111110011110001110110111010111110011101011111111111111
11111111111111111110001101111111111011111101111110011001110111111111011100111110011110001110110111010111110011101011111111111111
11111111111111111110001101111111111011111101111110011001110111111111011100111110011110001110110111010111110011101010111111111111
11111111111111111110001101111111111011111101111110011001110111111111011100111110011110001110110111010111110011101010111111111111
11111111111111111110001101111111111011111101111110011001110111111111011100111110011110001110110111010111110011101010111111111111
11111111111111111110001101111111111011111101111110011001110111111111011100111110011110001110110111010111110011101010111111111111
11111111111111111110001101111111111011111101111110011001110111111111011100111110011110001110110111010111110011101010111111111111
11111111111111111110001101111111111011111101111110011001110111111111011100111110011110001110110111010111110011101010111111111111
11111111111111111110001101111111111011111101111110011001110111111111011100111110011110001110110111010111110011101010111111111111
11111111111111111110001101111111111011111101111110011001110111111111011100111110011110001110110111010111110011101010111111111111
11111111111111111110001101111111111011111101111110011001110111111111011100111110011110001110110111010111110011101010111111111111
11111111111111111110001101111111111011111101111110011001110111111111011100111110011110001110110111010111110011101010111111111111
11111111111111111110001001111111111011111101111110011001110111111111011100111110011110001110110111010111110011101010111111111111
11111111111111111110001001111111111011111101111110011001110111111111011100111110011110001110110111010111110011101010111111111111
11111111111111111110001001111111111011111101111110011001110111111111011100111110011110001110110111010111110011101010111111111111
11111111111111111110001101111111111011111101111110011001110111111111011100111110011110001110110111010111110011101010111111111111
11111111111111111110001001111111111011111101111110011001110111111111011000111110011110001110110111010111110011101010111111111111
11111111111111111110001001111111111011111101111110011001110111111111011000111110011110001110110111010111110011101010111111111111
11111111111111111110001001111111111011111101111110011001110111111111011000111110011110001110110111010111110011101010111111111111
11111111111111111110001001111111111011111101111110011001110111111111011000111110011110001110110111010111110011101010111111111111
11111111111111111110001001111111111011111101111110011001110111111111011000111110011110001110110111010111110011101010111111111111
11111111111111111110001001111111111011111101111110011001110111111111011000111110011110001110110111010111110011101010111111111111
11111111111111111110001001111111111011111101111110011001110111111111011000111110011110001110110111010111110011101010111111111111
11111111111111111110001001111111111011111101111110011001110111111111011000111110011110001110110111010111110011101010111111111111
11111111111111111110001001111111111011111101111110011001110111111111011000101110011110001110110111010111110011101010111111111111
11111111111111111110001001111111111011111101111110011001110111111111011000101110011110011100110111010111110011101010111111111111
11111111111111111110001001111111111011111101111110011001110111111111011000101110011110011100110111010111110011101010111111111111
11111111111111111110001001111111111011111101111110011001110111111111011000101110011110011110110111010111110011101010111111111111
11111111111111111110011101111111111011111101111110111011110111111111111101111110011110011110110111110111110011111010111111111111
11111111111111111111111111111111111111111111111111111111111111111111111111111111111111111111111111111111111111111010111111111111
11111111111111111111111111111111111111111111111111111111111111111111111111111111111111111111111111111111111111111010111111111111
11111111111111111111111111111111111111111111111111111111111111111111111111111111111111111111111111111111111111111010111111111111
11111111111111111111111111111111111111111101111111111111110111111111111111111111111111111111111111111111111111111010111111111111
11111111111111111111111111111111111111111111111111111111110111111111111111111111111111111111111111111111111111111010111111111111
11111111111111111111111111111111111111111101111111111111110111111111111011111111111111111111111111111111111111111010111111111111
11111111111111111111111111110111111111111111111111111111111111111111111111111111111111111111111111111111111111111010111111111111
11111111111111111111111111111111111111111111011111111111111111111111111111111111111111111111111111111111111111111111111111111111
11111111111111111111111111111111111111111111111111111111111111111111111111111111111111101111111111111111111111111111111111111111
11111111111111111111111111111111111111111111111111111111111111111111111111111111111111111111111111111111111111111111111111111111
11111111111111111111111111111111111111111111111111111111111111111111111111111111111111111111111111111111111111111111111111111111
11111111111111111111111111111111111111111111111111111111111111111111111111111111111111111111111111111111111111111111111111111111
11111111111111111111111111111111111111111111111111111111111111111111111111111111111111111111111111111111111111111111111111111111
11111111111111111111111111111111111111111111111111111111111111111111111111111111111111111111111111111111111111111111111111111111