11111111111111111111111111111111111111111111111111111111111111111111111111111111111111111111111111111111111111111111111111111111
11111111111111111111111111111111111111111111111111111111111111111111111111111111111111111111111111111111111111111111111111111111
11111111111111111111111111111111111111111111111111111111111111111111111111111111111111111111111111111111111111111111111111111111
11111111111111111111111111111111111111111111111111111111111111111111111111111111111111111111111111111111011111111101111111111111
11111111111111111111111111111111111111111111111111111111111111101111111101111111111011111111111111001111101111111111111111111111
11111111111111111111111111111111111111111111111111111111111111101111111101111111111111111111101111001111101111111111111111111111
11111111111111111111111111111111111111111111111111111111111111111111111111111111111111111011100111001111101100011000111111111111
11111111111111111111110111111111111111111111111111111111111111111111111111111111111111111111111111111111101111111101111111111111
11111111111111111111111011111111101111111111111111111111111111111111111111111111111111111111111111111111101111111101111111111111
11111111111111111111111111111111111111111111111111111111111111111111111101111111111111111111111111111111111111111111111111111111
11111111111111111111111111111111111111111111111111111111111111111111111111111111111111111111111111111111111111111111111111111111
11111111111111111111111111111111111111111111111111111111111111111111111111111111111111111111111111111111111111111111111111111111
11111111111111111111111111111111111111111111111111111111111111111111111111111111111111111111111111111111111111111111111111111111
11111111111111111111111111111111111111111111111111111111111111111111111111111111111111111111111111111111111111111111111111111111
11111111111111111111111111111111111111111111111111011110111111110111011001011111111111111111000110000001110011111111111111111111
11111111111111101110011011111111111111111011010111011110111111110111000000011100111111111111000110000000110011111111111111111111
11111111111111101010011011111111111111111011010111011110111111110111000000011100111111111111000110000000110011111111111111111111
11111111111111101010011011111111111111111011010111001110111111110111000000011100111111111111000110000000110011111111111111111111
11111111111111101010011011111111111111111011010111001110111111110111000000011100111111110111000110000000110011111111111111111111
11111111111111101010011011111111111111111011110111001110111111110111000000011100111111110111000110000000110011111111111111111111
11111111111111101010011011111111111111111011110111001110111111110111000000001100111111111111000110000000110011111111111111111111
11111111111111101010011011111111111111111011110111001110111111110111000000001100111111111111000110000000110011111111111111111111
11111111111111101010011011111111111111111011110111001110111111110111000000001100111111110111000110000000110011111111111111111111
11111111111111101010011011111111111111111011110111001110111111110111000000001100111111110111000110000000110011111111111111111111
11111111111111101010011011111111111111111011010111001110111111110011000000001100111111110111000110000000110011111111111111111111
11111111111111101110011011111111111111111011110111001110111111110011000000001100111111110111000110000000110011111111111111111111
11111111111111101110011011111111111111111011110111001110111111110011000000001100111111110111000110000000110011111111111111111111
11111111111111101010011011111111111111111011110110001110111111110011000000001100111111110111000110000000110011111111111111111111
11111111111111101010011011111111111111111011110111001110111111110011000000001100111111110111000110000000110011111111111111111111
11111111111111101010011011111111111111111011110111001110111111110011000000001100111111110111000110000000110011111111111111111111
11111111111111101010011011110111111111111011110111001110111111110011000000001100111110110111000110000000110011111111111111111111
11111111111111101010011011111111111111111011110111001110111111110011000000001100011110110111000110000000110011111111111111111111
11111111111111101010011011111111111111111011110111001110111111110011000000001100011111110111000110000000110011111111111111111111
11111111111111101010011011111111111111111011110111001110111111110011000000001100011111110111000110000000110011111111111111111111
11111111111111101010011011111111111111111011110111001110110111110011000000001100011111110111000110000000111111111111111111111111
11111111111111101010011011111111111111111011110111001110111111110011000000001100011111110111000110000000111111111111111111111111
11111111111111101010011011110111111111111011110111001110111101110011000000001100011110110111000110000000110011111111111111111111
11111111111111101010011011110111111111111011110111001110111111110011000000001100011110110111000110000000110011111111111111111111
11111111111111101010011011110111111111111011111111001110111111110011000000001100011110110111000110000000110001111111111111111111
11111111111111101010011011110111111111111011110111001110111111110011000000001100011110110111000110000000110001111111111111111111
11111111111111101010011001110111111111111011111111001110111111110011000000001100011110110111000110000000110001111111111111111111
11111111111111101010011011110111111111111011111111001110111111110011000000001100011110110111000110000000110001111111111111111111
11111111111111101010011011110111111111111011111111001110011111110011000000001100011110110111000110000000110001111111111111111111
11111111111111101010011011110111111111111011111111001110011111110011000000001100011110110111000110000000110001111111111111111111
11111111111111101010011011110111111111111011111111001110011111110011000000001100011110110111000110000000110001111111111111111111
11111111111111101010011011110111111111111011111111001110011111110011000000001100011110110111000110000000110001111111111111111111
11111111111111101010011001110111111111111011111111001110011111110011000000001100011110110111000110000000110001111111111111111111
11111111111111101010011001110111111111111011111111001110011111110011000000001100011110110111000110000000110001111111111111111111
11111111111111101010011001110111111111111011111111001110011111110011000000001100011110110111000110000000110001111111111111111111
11111111111111101010011011110111111111111011111111001110011111110011000000001100011110110111000110000000110001111111111111111111
11111111111111101010011011110111111111111011111111001111011111110011000000001100011110110111000110000000110001111111111111111111
11111111111111101010011011110111111111111011111111001111011111110011000000001100011110110111000110000000110001111111111111111111
11111111111111101010011011110111111111111011111111001110011111110011000000001100011110110111000110000000110001111111111111111111
11111111111111101010011011110111111111111011111111001111011111110011000000001100011110110111000110000000110001111111111111111111
11111111111111101010011001110111111111111011111111001111011111110011000000001100011110110111000110000000110001111111111111111111
11111111111111101010011011110111111111111011111111001111011111110011000000001100011110110111000110000000110001111111111111111111
11111111111111101010011011110111111111111011111111001111011111110011000000001100011110110111000110000000110001111111111111111111
11111111111111101010011011110111111111111011111111001111011111110011000000001100011110110111000110000000110001111111111111111111
11111111111111101010011011110111111111111011111111001111011111110011000000001100011110110111000110000000110001111111111111111111
11111111111111101010011011110111111111111011111111001111011111110011000000001100011110110111000110000000110001111111111111111111
11111111111111101010011001110111111111111011111111001111011111110011000000001100011111110111000110000000110001111111111111111111
11111111111111101010011001110111111111111011111111001111011111110011000000001100011111110111000110000000110001111111111111111111
11111111111111101010011001110111111111111011111111001111011111110011000000001100011111110111000110000000110001111111111111111111
11111111111111101010011001110111111111111011111111001111011111111011000000001100011111110111000110000000110001111111111111111111
11111111111111101010011001110111111111111011111111001111011111111011000000001110011111110111000110000000110001111111111111111111
11111111111111101010011001110111111111111011111111001111011111111011000000001110011111110111100110000000110101111111111111111111
11111111111111101010011001110111111111111011111111001111011111111011000000001110011111110111100110000000110101111111111111111111
11111111111111101010011001110111111111111011111111001111011111111011000000001110011111110111100110000000110001111111111111111111
11111111111111101010011001110110111111111011111111001111011111111011100000001100011111110111100110000000110001111111111111111111
11111111111111101010011001110110111111111011111111001111011111111011100000001110011111110111100110000000110001111111111111111111
11111111111111101010011001110111111111111011111111001111011111111011100000001110011111110111100110000000110001111111111111111111
11111111111111101010011001110111111111111011111111001111011111111011100000001110011111110111100110000000110001111111111111111111
11111111111111101010011001110111111111111011111111001111011111111011100000001110011111110111100110000000110001111111111111111111
11111111111111101010011001110110111111111011111111001111011111111011100000001110011111110111100110000000110001111111111111111111
11111111111111101010011001110110111111111011111111001111011111111011100000001110011111110111100110000000110001111111111111111111
11111111111111101010011001110110111111111011111111001111011111111011100000001110011111110111100110000000110001111111111111111111
11111111111111101010011001110110111111111011111111001111011111111011100000001110011111110111100110000000110001111111111111111111
11111111111111101010011001110111111111111011111111001111011111111011100000001110011111110111100110000000110111111111111111111111
11111111111111101010001001110111111111111011111111001111011111111011100000001110011111110111100110010111111111111111111111111111
11111111111111101010001001110110111111111011111111001111011111111011100000001110011111110111100111111111111111111111111111111111
11111111111111101010001001110110111111111011111111001111011111111011100000001110011111110111100111111111111111111111111111111111
11111111111111101010001001110111111111111011111111001111011111111011100000001110011111111111101111111111111111111111111111111111
11111111111111101010001001110110111111111011111111001111011111111011100000001110011111111111101111111111111111111111111111111111
11111111111111101010001001110110111111111011111111001111011111111011100000001110011111111111111111111111111111111111111111111111
11111111111111101010001001110110111111111011111111001111011111111011100000001110001111111111111111111111111111111111111111111000
11111111111111101010011001110110111111111011111111001111011111111011100000001110001111111111111111111111111111111111100000000000
11111111111111101010011001110110111111111011111111001111011111111011100000001110001111111111101111111111111111111100000000000000
11111111111111101010011001110110111111111011111111001111011111111011100000001110001111111111101111111111100000000000000000000000
11111111111111101010011101110110111111111011111111000111011111111011100000001110001111111111101100000000000000000000000000000000
11111111111111101010011101110110111111011001111111000111011111111011100000001110001111111111101100000000000000000000000000000000
11111111111111101010011001110110111111011001111111000111011111111011100000001110001111111111101100000000000000000000000000000000
11111111111111101010011101110110110111011001111111000111011111111001100000001110001111011111100000000000000000000000000000000000
11111111111111101010001101110111110111111001111111000111011111101011100000001110001111011111100000000000000000000000000000000000
11111111111111101010001101110111110111111101111111000111011111101011100000001110001111011111100000000000000000000000000000000000
11111111111111101010001101110111110111111101111111000111011111111011100000001110001111011111100000000000000000000000000000000000
11111111111111101010011101110111111111011001111111000111011111111011100000001110001111011111100000000000000000000000000000000000
11111111111111101011011101110111111111111001111111000111011111101001100000000110001111011111100000000000000000000000000000000000
11111111111111101010011101110111110111111001111011000111011111101001100000001110001111011111100100000000000000000000000000000000
11111111111111101010001101110111111111111101111011000111011110101001100000001110001111011111100100000000000000000000000000000000
11111111111111101010001101110111111111111101111011000111011111101001100000001110001111011111100100000000000000000000000000000000
11111111111111101010001101110111110111111001111011000111011011101001100000001110001111011111100100000000000000000000000000000000
11111111111111101011001101110111110111111101111111000111011010101001100000001110001111011111100100000000000000000000000000000000
11111111111111101011011101110111110111111101111111000111011010101001100000001110001111011111100000000000000000000000000000000000
11111111111111101011011101110111110111111001111111000111011010101001100000001110001111011011100000000000000000000000000000000001
11111111111111101011001101110111110111111101111111000111011010101001100000001110001111011011100110000000000000000000001111111111
11111111111111101011001101110111110111111101111111000111011010101001100000001110001111011011100110000000000000011111111111111111
11111111111111101011001101110111110111111101111111000111001010101001100000001110001111011011100110000001111111111111111111111111
11111111111111101011011101110111111111111101111111000111001010101001100000001110001111011011100111111111111111111111111111111111
11111111111111101011011101110111111111111101111111100111111010101111100100101110101111111111110111111111111111111111111111111111
11111111111111101011011101111111111111111111111111101111111110101111111111111111111111111111111111111111111111111111111111111111
11111111111111101011111111111111111111111111111111111111111110101111111111111111111111111111111111111111111111111111111111111111
11111111111111101011111111111111111111111111111111111111111110101111111111111111111111111111111111111111111111111111111111111111
11111111111111101111111111111111111111111111111111111111111110101111111111111111111111111011111111111111111111111111111111111111
11111111111111111111111111111111111111111111111111111111111110101111011111111111111111111111111111111111111111111111111111111111
11111111111111111111111111111111111111111111111111111111111110101111111111111111111111111111111111111111111111111111111111111111
11111111111111111111111111110111111111111111111111111111111110101111111111111111110111111011111111111111111111111111111111111111
11111111111111111111111111110111111111111111111111111111111111111111111111111111111111111111111111111111111111111111111111111111
11111111111111111111111111111111111111111111111111111111111111111111111111111111111111110111111111111111111111111111111111111111
11111111011111111111111111111111111111111111111111111111111111111111111111111111111111111111111111111111111111111111111111111111
11111111111111111111111111111111111111111111111111111111111111111111111111111111111111111111111111111111111111111111111111111111
11111111111111111111111111111111111111111111111111111111111111111111111111111111111111111111111111111111111111111111111111111111
11111111111111111111111111111111111111111111111111111111111111111111111111111111111111111111111111111111111111111111111111111111
11111111111111111111111111111111111111111111111111111111111111111111111111111111111111111111111111111111111111111111111111111111
11111111111111111111111111111111111111111111111111111111111111111111111111111111111111111111111111111111111111111111111111111111
11111111111111111111111111111111111111111111111111111111111111111111111111111111111111111111111111111111111111111111111111111111
11111111111111111111111111111111111111111111111111111111111111111111111111111111111111111111111111111111111111111111111111111111
11111111111111111111111111111111111111111111111111111111111111111111111111111111111111111111111111111111111111111111111111111111
11111111111111111111111111111111111111111111111111111111111111111111111111111111111111111111111111111111111111111111111111111111