11111111111111111111111111111111111111111111111111111111111111111111111111111111111111111111111111111111111111111111111111111111
11111111111111111111111111111111111111111111111111111111111111111111111111111111111111111111111111111111111111111111111111111111
11111111111111111111111111111111111111111111111111111111111111111111111111111111111111111111111111111111111111111111111111111111
11111111111111111111111111111111111111111111111111111111111111111111111111111111111111111111111111111111111111111111111111111111
11111111111111111111111111111111111111111111111111111111111111111111111111111111111111111111111111111011111111111111111111011111
11111111111111111111111111111111111111101111111111111111011111111111111111111111111111111111111111111111111111111111111111111111
11111011111111101111111111111111111111111111111111111111111111111111111111111111111111111111111111111111111111111111111111111111
11111111111111111111101111111111111111111111111111111111111111111111111111110111111111111111111111111111111111111111001111111111
11111111111111111111111111111111110111111110011111111111111100111111111111111111111111111111111111111111111111111111111111111111
11111111111111101111111111111111101111111111111111111111111111111111111111111111111111111111101011111111111111111111111111111111
11111111111111111111111011111111111111111111111111111111111111111111111111111111111111111111111111111111111111111111111111111111
11111111111111111111111111111111111111111111111111111111111111111111111111111111111111111111111111111111111111111111111111111111
11111011111111111111111111111111111111111111111111111111111111111111111111111111111111111111111111111111111111111111111111111111
11111111111111111111111111111111111111111111111111111111111111111111111111111111111111111111111111111111111111111111111111111111
11111111111111111111111111111111111111111111111111111111111111111111111111111111111111111111111111111111111111111111111111111111
11111111111111111111111111111111111111111111111111111111111111111111111111111111111111111111111111111111111111111111111111111111
11111111111111111111111111111111111111111111111111111111111111111111111111111111111111111101111111011011110111011111111111111111
11111111111111110111011111111111111111111110111111001111100011111110011111111001111111111101111011011011110111011111111111111111
11111111111111110011011111111111111111111110111111001111100011111110011111111001111111111101111011011011110111011111111111111111
11111111111111110011011111111111111111111110111111001111100011111110011111111001111111111101111011011011110111011111111111111111
11111111111111100011011111111111111111111110111111001111100011111110011111111001111111111101111011011011110111011111111111111111
11111111111111110011011111111111111111111110111111001111100011111110011111111001111111111101111011011011110111011111111111111111
11111111111111110011011111111111111111111110111111001111100011111110011111111001111111111101111011011011110111011111111111111111
11111111111111110011011111111111111111111110111111001111100011111110011111111001111111111101111011011011110111011111111111111111
11111111111111110011011111111111111111111110111111001111100011111110011111111001111111111101111011011011110111011111111111111111
11111111111111110011011111111111111111111110111111001111100011111110011111111001111111111101111011011011110111011111111111111111
11111111111111110011011111111111111111111110111111001111100011111110011111111001111111111101111011011011110111011111111111111111
11111111111111110011011111111111111111111110111111001111100011111110011111111001111111111101111011011011110111001111111111111111
11111111111111110011011111111111111111111110111111001111100011111110011111111001111111111101111011011011110111011111111111111111
11111111111111110011011111111111111111111110111111001111100011111110011111111001111111111101111011011011110111011111111111111111
11111111111111110011011111111111111111111110111111001111100011111110011111111001111111111101111011011011110111011111111111111111
11111111111111110011011111111111111111111110111111001111100011111110011111111001111111111101111011011011110111011111111111111111
11111111111111110011011111111111111111111110111111001111100011111110011111111001111111111101111011011011110111011111111111111111
11111111111111110011011111111111111111111110111111001111100011111110011111111001111111111101111011011011110111011111111111111111
11111111111111110011011111111111111111111110111111001111100011111110011111111001111111111101111011011011110111011111111111111111
11111111111111110011011111111111111111111110111111001111100011111110011111111001111111111101111011011011110111011111111111111111
11111111111111110011011111111111111111111110111111001111100011111110011111111001111111111101111011011011110111001111111111111111
11111111111111110011011111111111111111111110111111001111100011111110011111111001111111111101111011011011110111011111111111111111
11111111111111110011011111111111111111111111011111001101100011111110011111111001111111111101111011011011110111001111111111111111
11111111111111110011011111111111111111111111011111001111100011111110011111111001111111111101111011011011110111001111111111111111
11111111111111110011011111111111111111111111011111001111100011111110011111111001111111111101111011011011110111011111111111111111
11111111111111110011011111111111111111111111111111001111100011111110011111111001111111111101111011011011110111011111111111111111
11111111111111110011011111111111111111111111111111001111100011111110011111111001111111111101111011011011110111011111111111111111
11111111111111110011011111111111111111111111011111001111100011111110011111111001111111111101111011011011110111011111111111111111
11111111111111110011011111111111111111111111011111001111100011111110011111111001111111111101111011011011110111011111111111111111
11111111111111110011011111111111111111111111011111001111100011111110011111111001111111111101111011011011110111011111111111111111
11111111111111110011011111111111111111111111011111001111100011111110011111111001111111111101111011011011110111011111111111111111
11111111111011110011011111111111111111111111011111001111100011111110011111111001111111111101111011011011110111011111111111111111
11111111111111110011011111111111111111111111011111001111100011111110011111111001111111111101111011011011110111011111111111111111
11111111111111110011011111111111111111111111011111001111100011111110011111111001111111111101111011011011110111011111111111111111
11111111111111110011011111111111111111111111011111001111100011111110011111111001111111111101111011011011110111011111111111111111
11111111111111110011001111111111111111111111011111001111100011111110011111111001111111111101111011011011110111011111111111111111
11111111111111110011001111111111111111111111011111001111100011111110011111111001111111111101111011011011110111011111111111111111
11111111111111110011011111111111111111111111011111001111100011111110011111111001111111111101111011011011110111011111111111111111
11111111111111110011001111111111111111111111011111001111100011111110011111111001111111111101111011011011110111011111111111111111
11111111111111110011001111111111111111111111011111001111100011111110011111111001111111111101111011011011110111011111111111111111
11111111111111110011101111111111111111111111011111001111100011111110011111111001111111111101111011011011110111011111111111111111
11111111111111110011101111111111111111111111011111001111100011111110011111111001111111111101111011011011110111011111111111111111
11111111111111110011101111111111111111111111011111001111100011111110011111111001111111111101111011011011110111011111111111111111
11111111111111110011101111111111111111111111011111001111100011111110011111111001111111111101111011011001110111011111111111111111
11111111111111110011101111111111111111111111011111001111100011111110011111111001111111111101111011011011110111011111111111111111
11111111111111110011101111111111111111111111011111001111100011111110011111111001111111111101111011011011110111011111111111111111
11111111111111110011101111111111111111111111011111001111100011111110011111111001111111111101111011011011110111011111111111111111
11111111111111110011101111111111111111111111011111001111100011111110011111111001111111111101111011011011110111011111111111111111
11111111111111110011101111111111111111111111011111001111100011111110011111111001111111111101111011011011110111011111111111111111
11111111111111110011101111111111111111111111011111001111100011111110011111111001111111111101111011011011110111011111111111111111
11111111111111110011101111111111111111111111011111001111100011111110011111111001111111111101111011011011110111011111111111111111
11111111111111110011101111111111111111111111011111001111100011111110011111111001111111111101111011011011110111011111111111111111
11111111111111110011101111111111111111111111011111001111100011111110011111111001111111111101111011011011110111011111111111111111
11111111111111110011101111111111111111111111011111001111100011111110011111111001111111111101111011011011110111011111111111111111
11111111111111110011101111111111111111111111011111001111100011111110011111111001111111111101111011011001110111011111111111111111
11111111111111110011101111111111111111111111011111001111100011111110011111111001111111111101111011011001110111011111111111111111
11111111111111110011101111111111111111111111011111001111100011111110011111111001111111111101111011011011110111011111111111111111
11111111111111110011101111111111111111111111011111101111100011111110011111111001111111111101111011011011110111011111111111111111
11111111111111110011101111111111111111111111011111101111100011111110011111111001111111111101111011011011110111011111111111111111
11111111111111110011101111111111111111111111011111101111100011111110011111111001111111111101111011011011110111011111111111111111
11111111111111110011101111111111111111111111011111101111100011111110011111111001111111111101111011011011110111011111111111111111
11111111111111110011101111111111111111111111011111001111100011111110011111111001111111111101111011011011110111011111111111111111
11111111111111110011101111111111111111111111011111101111100011111110011111111001111111111101111011011011110111011111111111111111
11111111111111110011101111111111111111111111011111101111100011111110011111111001111111111101111011011001110111011111111111111111
11111111111111110011101111111111111111111111011111100111100011111110011111111001111111111101111011011001110111011111111111111111
11111111111111110011101111111111111111111111011111100111100011111110011111111001111111111101111011011001110111011111111111111111
11111111111111110011101111111111111111111111011111100111100011111110011111111001111111111101111011011011110111011111111111111111
11111111111111110011101111111111111111111111011111100111100011111110011111111001111111111101111011011011110111011111111111111111
11111111111111110011101111111111111111111111011111100111100011111110011111111001111111111101111011011011110111011111111111111111
11111111111111110011101111111111111111111111011111100111100011111110011111111001111111111101111011011001110111011111111111111111
11111111111111110011101111111111111111111111011111100111100011111110011111111001111111111101111011011001110111011111111111111111
11111111111111110011101111111111111111111111011111100111100011111110011111111001111111111101111011011011110111011111111111111111
11111111111111110011101111111111111111111111011111100111100011111110011111111001111111111101111011011011110111011111111111111111
11111111111111110011101111111111111111111111011111100111100011111110011111111001111111111101111011011011110111011111111111111111
11111111111111110011101111111111111111111111011111100111100011111110011111111001111111111101111011011011110111011111111111111111
11111111111111110011101111111111111111111111011111100111100011111110011111111001111111111101111011011001110111001111111111111111
11111111111111110001101111111111111111111111011111100111100011111110011111111001111111111101111011011011110111011111111111111111
11111111111111110001101111111111111111111111011111100111100011111110011111111001111111111101111011011011110111011111111111111111
11111111111111110001101111111111111111111111011111100111100011111110011111111001111111111101111011011011110111011111111111111111
11111111111111111001101111111111111111111111011111100111100011111110011111111001111111111101111011011011110111011111111111111111
11111111111111111001101111111111111111111111011111100111100011111110011111111001111111111101111011011011110111011111111111111111
11111111111111111001101111111111111111111111011111100111100011111110011111111001111111111101111011011001110111001111111111111111
11111111111111110001101111111111111111111111011111100111100011111110011111111001111111111101111011011011110111011111111111111111
11111111111111111001101111111111111111111111011111100111100011111110011111111001111111111101111011011011110111011111111111111111
11111111111111111001101111111111111111111111011111100111100011111110011111111001111111111101111011011011110111011111111111111111
11111111111111111001101111111111111111111111011111100111100011111110011111111001111111111101111011011001110111011111111111111111
11111111111111111001101111111111111111111111011111100111100011111110011111111001111111111101111011011001110111011111111111111111
11111111111111111001101111111111111111111111011111100111100011111110011111111001111111111101111011011001110111011111111111111111
11111111111111111001101111111111111111111111011111100111100011111110011111111001111111111101111011011001110111011111111111111111
11111111111111111001101111111111111111111111011111100111100011111110011111111001111111111101111011011001110111011111111111111111
11111111111111111001101111111111111111111111011111100111100011111110011111111001111111111101111011011001110111011111111111111111
11111111111111111001101111111111111111111111011111100111100011111110011111111001111111111101111011011001110111011111111111111111
11111111111111111001101111111111111111111111011111100111100011111110011111111001111111111101111011011011110111001111111111111111
11111111111111111001101111111111111111111111011111100111100011111110011111111001111111111101111011011011110111001111111111111111
11111111111111111001101111111111111111111111011111101111110011111110011111111001111111111101111011011011110111001111111111111111
11111111111111111111111111111111111111111111111111111111111111111111111111111111111111111111111111111111111111111111111111111111
11111111111111111111111111111111101011111101111110011111111111111111101111111111111111111111111111111111111111111111111111111111
11111111111111111111101111111111111101111111111111111111111111111111111011111011111111111111101111111101111100111111111111111111
11111111111111111111111111111111111111111111111111111111111111111111111111111111111111111111101111111111111110111111111101111111
11111111111111111111111111111111111111111111111111111111111111111111111111111111111111111111101111111111111110111111111111111111
11111111111111111111111111001111111111111111111111111111001111111111111111111111111111111111111111111101111110111111111111111111
11111111101111111111111111111111111111111111111111111111111111111111111111111111111111111111111111111011111110111111111111101111
11111111111111111111111111111111111111111111111111111111111111111111111111111101111111111111111111111111111110111111111111111111
11111111111111111111111111111111111111111111111111111111111111111111111111110000111111111111111111111111111110111111111111111111
11111111111111111111111111111111111111111111111111111111111111111111111111111101111101111111111111111111111110111111111101111111
11111111111111111111111111111111111111111000111111101111100111111111011111111111111101111111111111101111111110111111111111111111
11111111111111111111111111111111111111111111111111111111111111111111111111111111111111111111111111111111111111111111111111111111
11111111111111111111111111111111111111111111111111111111111111111111111111111111111111111111111111111111111111111111111111111111
11111111111111111111111111111111111111111111111111111111111111111111111111111111111111111111111111111111111111111111111111111111
11111111111111111111111111111111111111111111111111111111111111111111111111111111111111111111111111111111111111111111111111111111
11111111111111111111111111111111111111111111111111111111111111111111111111111111111111111111111111111111111111111111111111111111
11111111111111111111111111111111111111111111111111111111111111111111111111111111111111111111111111111111111111111111111111111111