11111111111111111111111111111111111111111111111111111111111111111111111111111111111111111111111111111111111111111111111111111111
11111111111111111111111111111111111111111111111111111111111111111111111111111111111111111111111111111111111111111111111111111111
11111111111111111111111111111111111111111111111111111111111111111111111111111111111111111111111111111111111111111111111111111111
11111111111111111111111111111111111111111111111111111111111111111111111111111111111111111111111111111111111111111111111111111111
11111111111111111111111111111111111111111111111111111111111111111111111111111111111111111111111111111111111111111111111111111111
11111111111111111111111111111111111111111111111111111111111111111111111111111111111111111111111111111111111111111111111111111111
11111111111111111111111111111111111111111111111111111111111111111111111111111111111111111111111111111111111111111111111111111111
11111111111111111111111111111111111111111111111111111111110111111110111111111111111111111111001111111111111001111111001111111111
11111111111111111111111111111111111111111110111001111111110111111110111111111111111111111111111111111111111111111111001111111111
11111111111111110111100011111111111111111110111001111111111111111110111111111111110111111111111111111111111111110111101111111111
11111111111111111111100011100111111111111111111001110111111111111111111111111111111011111110111110111101111111111111111111111111
11111111111111111011100011100111111110011111111001111111111111111111111101111111101111111111111110011100111111111111111111111111
11111111111111111111111011110111111111111111111001111111111111111111111101111111111111111111111111111111111101111111111111111111
11111111111111111011100111111111111111111111111111111111111111111111111111111111111111111111111111111111111111111111111111111111
11111111111111111111111111111111111111111111111111111111111111111111111111111111111111111111111111111111111111111111111111111111
11111111111111111111111111111111111111111111111111111111111111111111111111111111111111111111111111111111111111111111111111111111
11111111111111111111111111111111111111111111111111111111111111111111111111111111111111111111111111111111110111111111111111111111
11111111111111111111111111111111111111111111111111111111111111111111111111110011110100111110011100111111100111011111111111111111
11111111111111111111001100110111011111111110001110110000011001100110000111110011000000111000011100110001100000011111111111111111
11111111111111111110000000110111011111111110001110110000111001100110000111110011000000111000011100110001100000011111111111111111
11111111111111111110000000110111011111111110001110110000111001100110000111110011000000111000011100110001100000011111111111111111
11111111111111111110000000110111011111111110001110110000111001100110000111110011000000111000011100110001100000011111111111111111
11111111111111111110000000110111011111111110001110110000111001100110000111110011000000111000011100110001100000011111111111111111
11111111111111111110000000110111011111111110001110110000111001100110000111110011000000111000011100110001100000011111111111111111
11111111111111111110000000110111011111111110001110110000111001100110000111110011000000111000011100110001100000011111111111111111
11111111111111111110000000110111011111111110001110110000111001100110000111110011000000111000011100110001100000011111111111111111
11111111111111111110000000110111011111111110001110110000011001100110000111110011000000111000001100110001100000011111111111111111
11111111111111111110000000110111011111111110001110110000011001100110000111110011000000011000001100110001100000011111111111111111
11111111111111111110000000110111011111111110001111110000011001100110000111110011000000011000001100110001100000011111111111111111
11111111111111111110000000110111011111111110001111110000011001100110000111110011000000011000001100110001100000011111111111111111
11111111111111111110000000110111011111111110001111110000011001100110000111110011000000011000001100110001100000011111111111111111
11111111111111111110000000110111011111111110001111110000011001100110000111110011000000011000001100110001100000011111111111111111
11111111111111111110000000110111011111111110001111110000011001100110000111110011000000011000001100110001100000011111111111111111
11111111111111111110000000110111011111111110001111110000011001100110000111110011000000011000001100110001100000011111111111111111
11111111111111111110000000110111011111111110001111110000011001100110000111110011000000011000001100110001100000011111111111111111
11111111111111111110000000110111011111111110001111110000011001100110000111110011000000011000001100110001100000011111111111111111
11111111111111111110000000110111011111111110001111110000011101100110000111110011000000011000001100110001100000011111111111111111
11111111111111111110000000110111011111111110001111110000011101100110000111110011000000011000001100110001100000011111111111111111
11111111111111111110000000110111011111111110001111110000011101100110000111110011000000011000001100110001100000011111111111111111
11111111111111111110000000110111011111111110001111110000011101100110000111110011000000011000001100110001100000011111111111111111
11111111111111111110000000110111011111111110001111110000011101100110000111110011000000011000001100110001100000011111111111111111
11111111111111111110000000110111011111111110001111110000011101100110000111110011000000011000001100110001100000011111111111111111
11111111111111111110000000110111011111111110001111110000011101100110000111110011000000011000001100110001100000011111111111111111
11111111111111111110000000110111011111111110001111110000011101100110000111110011000000011000001100110001110000011111111111111111
11111111111111111110000000110111011111111110001111110000011101100110000111110011000000011000001100110001110000011111111111111111
11111111111111111110000000110111011111111110001111110000011101100110000111110011000000011000001100110001110000001111111111111111
11111111111111111110000000110111011111111110001111110000011101100110000111110011000000011000001100111001110000001111111111111111
11111111111111111110000000110111011111111110001111110000011101100110000111110011000000011000001100111001110000001111111111111111
11111111111111111110000000110111011111111110001111110000011101100110000111110011000000011000001100111001110000001111111111111111
11111111111111111110000000110111011111111110001111111000011101100110000111110011000000011000001100111001110000001111111111111111
11111111111111111110000000110111011111111110001111111000011101100110000111110011000000011000001100111001110000001111111111111111
11111111111111111110000000110111011111111110001111111000011101100110000111110011000000011000001100111001110000001111111111111111
11111111111111111110000000110111011111111110001111111000011101100110000111110011000000011000001100111001110000001111111111111111
11111111111111111110000000110111011111111110001111111000011101100110000111110011000000011000001100111001110000001111111111111111
11111111111111111110000000110111011111111110001111111000011101100110000111110011000000011000001100111001110000001111111111111111
11111111111111111110000000110111011111111110001111111000011101100110000111110011000000011000001100111001110000001111111111111111
11111111111111111110000000110111011111111110001111111000011101110110000111110011000000011000001100111001110000001111111111111111
11111111111111111110000000110111011111111110001111111000011101110110000111110011000000011000001100111001110000001111111111111111
11111111111111111110000000110111011111111110001111111000011101110110000111110011000000011000001100111001110000001111111111111111
11111111111111111110000000110111011111111110001111111000011101110110000111110011000000011000001100111001110000001111111111111111
11111111111111111110000000110111011111111110001111111000011101110110000111110011100000011000001100111001110000001111111111111111
11111111111111111110000000110111011111111110001111111000011101110110000111110011100000011000001100111001110000001111111111111111
11111111111111111110000000110111011111111110001111111000011101110110000111110011100000011100001100111001110000101111111111111111
11111111111111111110000000110111011111111110001111111000011101110110000111110011100000011100001100111001110000101111111111111111
11111111111111111110000000110111011111111110001111111000011101110110000111110011100000011100001100111001110000001111111111111111
11111111111111111110000000110111011111111110001111111000011101110110000111110011100000011100001100111111110000001111111111111111
11111111111111111110000000110111011111111110001111111000011101110110000111110011100000011100001100111111110000001111111111111111
11111111111111111110000000110111011111111110001111111000011101110110000111110011100000011100001100111111110000001111111111111111
11111111111111111110000000110111011111111110001111111000011101110110000111110011100000011100001100111111110000001111111111111111
11111111111111111110000000110111011111111110001111111000011101110110000111110011100000011110001100111001110000001111111111111111
11111111111111111110000000110111011111111110001111111000011101110110000111110011100000011110001100111111110000111111111111111111
11111111111111111110000000110111011111111110001111111000011101110110000111110011100000011110001100111111110000111111111111111111
11111111111111111110000000110111011111111110001111111000011101110110000111110011100110011110001100111111110011111111111111111111
11111111111111111110000000110111011111111110001111111000011101110110000111110011100110011110001100111111110011111111111111111111
11111111111111111110000000110111011111111110001111111000011101110110000111110011100110011100001100111111110011111111111111111111
11111111111111111110000000110111011111111110001111111000011101110110000111110011100110011100001100111111110011111111111111111111
11111111111111111110000000110111011111111110001111111000011101110110000111110001100110011100001100111111110011111111111111111111
11111111111111111110000000110111011111111110001111111000011101110110000111110001100110011100001100111111110011111111111111111111
11111111111111111110000000110111011111111110001111111000011101110110000111110001100110011100001100111111110011111111111111111111
11111111111111111110000000110111011111111110001111111000011101110110000111110001100110011100001100111111110011111111111111111111
11111111111111111110000000110111011111111110001111111000011101110110000111110001100110011100001100111111110011111111111111111111
11111111111111111110000000110111011111111110001111111000011101110110000111110001100110011100001100111111110011111111111111111111
11111111111111111110000000110111011111111110001111111000011101110110000111110001100110011100001100111111110011111111111111111111
11111111111111111110000000110111011111111110001111111000011101110110000111111001100110011100001100111111110011111111111111111111
11111111111111111110000000110111011111111110001111111000011101110110000111111001100110011111001100111111110011111111111111111111
11111111111111111110000000110111011111111110001111111000011101110110000111111001100110011111001100111110110011111111111111111111
11111111111111111110000000110111011111111110001111111000011101110110000111111001100110011111001100111110110011111111111111111111
11111111111111111110000000110111011111111110001111111000011101110110000111111001100110011111001100111110110011111111111111111111
11111111111111111110000000110111011111111110001111111000011101110110000111111001100110011111001100111110110011111111111111111111
11111111111111111110000000110111011111111110001111111000011101110110000111111001100110011111001110111110110011111111111111111111
11111111111111111110000000110111011111111110001111111000011101110110000111111001100110011111001110111110110011111111111111111111
11111111111111111110000000110111011111111110001111111000011101110111000011111001100110011111001110111110110001111111111111111111
11111111111111111110000000110111011111111110001111111000011101110111000011111001100110011111001110011110110001111111111111111111
11111111111111111110000000110111011111111110001111111000011101110111000011111001100110011111001110011110110001111111111111111111
11111111111111111110000000110111011111111110001111111000011101110111000011111001100110011111001110011110110001111111111111111111
11111111111111111110000000110111011111111110001111111000011101110111000011111001100110011111001110011110110001111111111111111111
11111111111111111110000000110111011111111110001111111000011101110111001011111001100110011111001110011110110001111111111111111111
11111111111111111110000000110111011111111110001111111000011101110111101011111001100110011111001110011110110001111111111111111111
11111111111111111110000000110111011111111110001111111000011101110111101011111001100110011111001110011110111001111111111111111111
11111111111111111110000000110111011111111110001111111000011101110111101011111001100110011111001110011110111001111111111111111111
11111111111111111110000000110111011111111110001111111000011101110111101011111001100010011111001110011110111001111111111111111111
11111111111111111110000000110111011111111110001111111000011101110111101011111001100010011111001110011110111001111111111111111111
11111111111111111110000000110111011111111111101111111000011101110111101011111001100010011111001110011110111001111111111111111111
11111111111111111110000000110111011111111111101111111011011101110111101011111001100010011111001110011110111001111111111111111111
11111111111111111110000000110111011111111111101111111011011101111111101011111001100010011111001110011110111001111111111111111111
11111111111111111110000000110111011111111110001111111011011101111111101011111001100010011111001110011110111001111111111111111111
11111111111111111110000000110111011111111110001111111011011101111111101011111001100010011111001110011110111001111111111111111111
11111111111111111110000000110111011111111110001111111011011101111111101011111001100010011111001110011110111001111111111111111111
11111111111111111110000000110111011111111110001111111011011101111111101011111001100010011111001110011110111001111111111111111111
11111111111111111110000000110111011111111110001111111011011101111111101011111001100010011111001110011110111001111111111111111111
11111111111111111110000000110111011111111111101111111011011101111111101011111001100010011111001110011111111011111111111111111111
11111111111111111110000000110111011111111111101111111011011101111111111111111001111111011111111111111111111111111111111111111111
11111111111111111110000000110111011111111111101111111011011101111111111111111111111111111111111111111111111111111111111111111111
11111111111111111110001100110111111111111111111111111111111111111111111111111111111111111111111111111111111111111111111111111111
11111111111111111110001111111111111111111111111111111111111111111111111111111111111111111111111111111111111111111111111111111111
11111111111111111110001111111111111111111111111111111111111111111111111111111111111111111111111111111111111111111111111111111111
11111111111111111110001111111111111111111111111111111111111111111111111111111111111111111111111111111111111111111111111111111111
11111111111111111110001111111111111111111111111111111111111101111111111111111111111111111111111111111111111111111111111111111111
11111111111111111110001111111111011111111111111111111111111111111111111101111111111111111111111111111111111111111111111111111111
11111111111111111110001111111111011111111111111111111111111111111111111111111111111111011111111111111111111111111111111111111111
11111111111111111110111111111111011111111111111111111111111111111111111111111111111111111111111111111111111111111111111111111111
11111111111101111111111111111111111111111111111111111111111111111111111111111111111111111111111111111111111111111111111111111111
11111111111101111111111111111111111111111111111111111111111111111111111111111111111111111111111111111111111111111111111111111111
11111111111111111111111111111111111111111111111111111111111111111111111111111111111111111111111111111111111111111111111111111111
11111111111111111111111111111111111111111111111111111111111111111111111111111111111111111111111111111111111111111111111111111111
11111111111111111111111111111111111111111111111111111111111111111111111111111111111111111111111111111111111111111111111111111111
11111111111111111111111111111111111111111111111111111111111111111111111111111111111111111111111111111111111111111111111111111111
11111111111111111111111111111111111111111111111111111111111111111111111111111111111111111111111111111111111111111111111111111111