11111111111111111111111111111111111111111111111111111111111111111111111111111111111111111111111111111111111111111111111111111111
11111111111111111111111111111111111111111111111111111111111111111111111111111111111111111111111111111111111111111111111111111111
11111111111111111111111111111111111111111111111111111111111111111111111111111111111111111111111111111111111111111111111111111111
11111111111111111111111111111111111111111111111111111111111111111111111111111111111111111111111111111111111111111111111111111111
11111111111111111111111111111111111111111111111111111111111111111111111111111111111111111111111111111111111111111111111111111111
11111111111111111111111111111111111111111111111111111111111111111111111111111111111111111111111111111111111111111111111111111111
11111111111111111111111111111111111111111111111111111111111111111111111111111111111111111111111111111111111111111111111111111111
11111111111111111111111111111111111111111111111111111111111111111111111111111111111111111111111111111111111111111111111111111111
11111111111111111111111111111111111111111111111111111111111111111111111111111111111111111111111111111111111111111111111111111111
11111111111111111111111111111111111111111111111111111111111111111111111111111111111111111111111111111111111111111111111111111111
11111111111111111111111111111111111111111111111111111111111111111111111111111111111111111111111111111111111111111111111111111111
11111111111111111111111111111111111111111111111111111111111111111111111111111111111111111111111111111111111111111111111111111111
11111111111111111111111111111111111111111111111111111111111111111111111111111111111111111111111111111111111111111111111111111111
11111111111111111111111111111111111111111111111111111111111111111111111111111111111111111111111111111111111111111111111111111111
11111111111111111111111111111111111111111111111111111111111111111111111111111111111111111111111111111111111111111111111111111111
11111111111111111111111111111111111111111111111111111111111111111111111111111111111111111111111111111111111111111111111111111111
11111111111111111111111111111111111111111111111111111111111111111111111111111111111111111111111111111111111111111111111111111111
11111111111111111111111111111011011111111111111111111111111111111111111111111111111111111111111111111111111111111111111111111111
11111111111111111111111111111111111111111111111111111111111111111111111111111111111111111111111111101111111111111111111111111111
11111111111111111111111111011111111111001111110111111111111111111111111111111111111111111111111111111111111111111111111111111111
11111111111111111111111111111111111111101111111111111111111111111111111111111111111111111111111111111111111111111111111111111111
11111111111111111111111111111111111111111111111111111111111111111111111111111111111111111111111111111111111111111111111111111111
11111111111111111111111111111111111111111111111111111111111111111111111111111111111111111111111111111111111111111111111111111111
11111111111111111111111111111111111111111111111111111111111111111111111111111111111111111111111111111111111111111111111111111111
11111111111111111111111111111111111111111111111111111111111111111111111111111111111111111111111111111111111111111111111111111111
11111111111111111111111001101111100111111111000111111101111111111111001111111111111100110110111111111011111111111111111111111111
11111111111111111111111001101111100111111111000110011100111011110101001111111111101100000000111111111011111111111111111111111111
11111111111111111111111001101111100111111111000110011100111011110101001111111111101100000000111111111011111111111111111111111111
11111111111111111111111001101111100111111111000110011100111011110101001111111111101100110000111111111011111111111111111111111111
11111111111111111111111001101111100111111111000110011100111011110101001111111111101100110000111111111011111111111111111111111111
11111111111111111111111001101111100111111111000110011100111011110101001111111111101100000000111111111011111111111111111111111111
11111111111111111111111001101111100111111111000110011100111011110101001111111111101100000000111111111011111111111111111111111111
11111111111111111111111001101111100111111111000110011100111011110101001111111111101100000000111111111011111111111111111111111111
11111111111111111111111001101111100111111111000110011100111011110101001111111111101100000000111111111011111111111111111111111111
11111111111111111111111001101111100111111111000110011100111011110101001111111111101100000000111111111011111111111111111111111111
11111111111111111111111001101111100111111111000110011100111011110101001111111111101100000000111111111111111111111111111111111111
11111111111111111111111001101111100111111111000110011100111011110101001111111111101110000000111111111111111101111111111111111111
11111111111111111111111001101111100111111111000110011100111011110101001111111111101110000000111111111111111101111111111111111111
11111111111111111111111001101111100111111111000110011100111011110101001111111111101110000000111111111111111101111111111111111111
11111111111111111111111001101111100111111111000110011100111011010101001111111111101110000010111111111111111101111111111111111111
11111111111111111111111001101111100111111111000110011100111011010101001111111111101110000010111111111111111101111111111111111111
11111111111111111111111001101111100111111111000110011100111011010111001111111111101110000010111111111111110101111111111111111111
11111111111111111111111001101111100111111111000111111100111011010111001111111111101110000000111111111111110101111111111111111111
11111111111111111111111001101111100111111111000111111100111011010111001111111111101110000010111111111111111101111111111111111111
11111111111111111111111001101111100111111111000111111100111011010111001111111111101110000010111111111111111101111111111111111111
11111111111111111111111001101111100111111111000111111100111011110111001111111111111110000010111111111111111101111111111111111111
11111111111111111111111001101111100111111111000111111100111011110111001111111111111110000010111111111111111101111111111111111111
11111111111111111111111001101111100111111111000111111100111011110111001111111111111110010010111111111111111101111111111111111111
11111111111111111111111001101111100111111111000111111100111011110111001111111111111110010010111111111111111111111111111111111111
11111111111111111111111001101111100111111111000110011100111011110111001111111111111110010000111111111111111111111111111111111111
11111111111111111111111001101111100111111111000110011100111011110111001111111111111110010000111111111111111111011111111111111111
11111111111111111111111001101111100111111111000111111100111011110111001111111111111110010000111011111111111111011111111111111111
11111111111111111111111001101111100111111111000111111100111011110111001111111111111110010000111011111111111111011111111111111111
11111111111111111111111001101111100111111111000111111100111011110111001111111111111110010000111011111111111111011111111111111111
11111111111111111111111001101111100111111111000110011100111011110111001111111111111110010000111011111111111111011111111111111111
11111111111111111111111001101111100111111111000110011100111011110111001111111111111110010000111011111111111111011111111111111111
11111111111111111111111001101111100111111111000111111100111011110111001111111111111110010000111011111111111111011111111111111111
11111111111111111111111001101111100111111111000111111100111011110111001111111111111110010010111011111111111111011111111111111111
11111111111111111111111001101111100111111111000110011100111011110111001111111111111110010011111011111111111111011111111111111111
11111111111111111111111001101111100111111111000111111100111011111111001111111111111110010011111011111111111111111111111111111111
11111111111111111111111001101111100111111111000110011100111011111111001111111111111110010011011011111111111111111111111111111111
11111111111111111111111001101111100111111111000111111100111011111111001111111111111110000011011011111111111111111111111111111111
11111111111111111111111001101111100111111111000111111100111011111111001111111111111110000011011011111111111111111111111111111111
11111111111111111111111001101111100111111111000111111100111011111111000111111111111110000011011111111101111111111111111111111111
11111111111111111111111001101111100111111111000111111100111011111111000111111111111110000011011111111101111111111111111111111111
11111111111111111111111001101111100111111111000111111100111011111111000111111111111110000011011111111101111111111111111111111111
11111111111111111111111001101111100111111111000111111100111011111111000111111111111110000011011111111101111111111111111111111111
11111111111111111111110001101111100111111111000111111100111011111111000111111111111110000011011111111101111111111111111111111111
11111111111111111111110001101111100111111111000111111100111011111111000111111111111110011011011111111101111111111111111111111111
11111111111111111111110001101111100111111111000111111100111011111111000111111111111110011011011111111101111111111111111111111111
11111111111111111111110001101111100111111111000110011100111011111111000111111111111110011011011111111101111111111111111111111111
11111111111111111111110011101111100111111111000110011100111011111111000111111111111110011011011111111101111111111111111111111111
11111111111111111111110011001111100111111111000111111100111011111111000111111111111110011011011111111101111111111111111111111111
11111111111111111111110011001111100111111111000111111100111011111111000111111111111110011011011111111111111111111111111111111111
11111111111111111111110011001111100111111111000111011100111011111111000111101111111110011011011111111111111111111111111111111111
11111111111111111111110011001111000111111111000111111100111011111111000111101111111110011011011111111111111111111111111111111111
11111111111111111111110011001111000111111111000111111100111011111111000111101111111110011011011111111111111111111111111111111111
11111111111111111111110011001111000111111111000111111100111011111111000111101111111110011000011111111111111111111111111111111111
11111111111111111111110011001111000111111111000110011100111011111111000111101101111110011000011111111111111111111111111111111111
11111111111111111111110011001111000111111111000111011100111011111111000111101111111110011000011111111111111111111111111111111111
11111111111111111111110011001111000111111111000111011100111011111111100111101111111110011001011111111111111111111111111111111111
11111111111111111111110011001111000111111111000111011100111011111111100111101111111110011001011111111111111111111111111111111111
11111111111111111111110011001111000111111111000111011100111011111111100111101111111110011001011111111111111111111111111111111111
11111111111111111111110011001111000111111111000111011100111011111111100111101111111110011001011111111111111111101111111111111111
11111111111111111111110011001111000111111111000111011100111011111111100111101111111110011001011111111111111111101111111111111111
11111111111111111111110011001111000111111111000111011100111011111111100111101111111110011001011111111111111111101111111111111111
11111111111111111111110011001111000111111111000111011100111011111111100111101111111110011001011111111111111111101111111111111111
11111111111111111111110011001111000111111110000111011100111011111111100111101111111110011001011111111111111111111111111111111111
11111111111111111111110011001111000110111110000111011100111011111111100111101111110110011001011111111111111111111111111111111111
11111111111111111111110011001111000110111110000111011100111011111111100111101111110111011001011111111111111111111111111111111111
11111111111111111111110011001111000110111110000111011100111011111111100111101111110111011001011111111111111111111111111111111111
11111111111111111111110011001111000110111110000111011100111011111111100111101111110111001001011111111111111111111111111111111111
11111111111111111111110011001111000110111110000111011100111011111111100111101111110111001001011111111111111111111111111111111111
11111111111111111111110011001111000110111110000111011100111011111111100111101111110111001001011111111111111111111111111111111111
11111111111111111111110011001111000110111110000111011100111011111111100111111111110111001001011101111111111111111111111111111111
11111111111111111111110011001111000110111110000111011100111011111111100111111111110111001001011101111111111111111111111111111111
11111111111111111111110011011111000110111110000111011100111011111111100111111111111111111111111111111111111111111111111111111111
11111111111111111111110011011111000111111111001111111111111111111111111111111111111111111111111111111111111111111111111111111111
11111111111111111111110011011111111111111111111111111111111111111111111111111111111111111111111111101111111111111111111111111111
11111111111111111111111111111111111111111111111111111111111111111111111111111111111111111111111111111111111111111111111111111111
11111111111111111111111111111111111111111111111111111111111111111111111111111111111111111111111111111111111111111111111111111111
11111111111111111111111111111111111111111111111111111111111111111111111111111111111111111111111111111111111111111111111111111111
11111111111111111111111111111111111111111111111111111111111111111111111111111111111111111111111111111111111111111111111111111111
11111111111110111111111111111111111111111111111111111111111111111111111111111111111111111111111111111111111111111111111111111111
11111111111110111111111111111111111111111111111111111111111111111111111111111111111111111111111111111111111111111111111111111111
11111111111111111111111111111111111111111111111111111111111111111111111111111111111111111111111111111111111111111111111111111111
11111111111111111111111111111111111111111111111111111111111111111111111111111111111111111111111111111111111111111111111111111111
11111111111111111111111111111111111111111111111111111111111111111111111111111111111111111111111111111111111111111111111111111111
11111111111111111111111111111111111111111111111111111111111111111111111111111111111111111111111111111111111111111111111111111111
11111111111111111111111111111111111111111111111111111111111111111111111111111111111111111111111111111111111111111111111111111111
11111111111111111111111111111111111111111111111111111111111111111111111111111111111111111111111111111111111111111111111111111111
11111111111111111111111111111111111111111111111111111111111111111111111111111111111111111111111111111111111111111111111111111111
11111111111111111111111111111111111111111111111111111111111111111111111111111111111111111111111111111111111111111111111111111111
11111111111111111111111111111111111111111111111111111111111111111111111111111111111111111111111111111111111111111111111111111111
11111111111111111111111111111111111111111111111111111111111111111111111111111111111111111111111111111111111111111111111111111111
11111111111111111111111111111111111111111111111111111111111111111111111111111111111111111111111111111111111111111111111111111111
11111111111111111111111111111111111111111111111111111111111111111111111111111111111111111111111111111111111111111111111111111111
11111111111111111111111111111111111111111111111111111111111111111111111111111111111111111111111111111111111111111111111111111111
11111111111111111111111111111111111111111111111111111111111111111111111111111111111111111111111111111111111111111111111111111111
11111111111111111111111111111111111111111111111111111111111111111111111111111111111111111111111111111111111111111111111111111111
11111111111111111111111111111111111111111111111111111111111111111111111111111111111111111111111111111111111111111111111111111111
11111111111111111111111111111111111111111111111111111111111111111111111111111111111111111111111111111111111111111111111111111111
11111111111111111111111111111111111111111111111111111111111111111111111111111111111111111111111111111111111111111111111111111111
11111111111111111111111111111111111111111111111111111111111111111111111111111111111111111111111111111111111111111111111111111111
11111111111111111111111111111111111111111111111111111111111111111111111111111111111111111111111111111111111111111111111111111111
11111111111111111111111111111111111111111111111111111111111111111111111111111111111111111111111111111111111111111111111111111111
11111111111111111111111111111111111111111111111111111111111111111111111111111111111111111111111111111111111111111111111111111111
11111111111111111111111111111111111111111111111111111111111111111111111111111111111111111111111111111111111111111111111111111111