11111111111111111111111111111111111111111111111111111111111111111111111111111111111111111111111111111111111111111111111111111111
11111111111111111111111111111111111111111111111111111111111111111111111111111111111111111111111111111111111111111111111111111111
11111111111111111111111111111111111111111111111111111111111111111111111111111111111111111111111111111111111111111111111111111111
11111111111111111111111111111111111111111111111111111111111111111111111111111111111111111111111111111111111111111111001111111111
11111111111111111111111111111111111111111111111111111111111111111111111111111111111111111111111111111111101111111111000111111111
11111111111111111111111111111111111111111111111111111111111111111111111111111111111111111111111111111111101111111111001111111111
11111111111111111111111111111111111111111111111111111111111111111111111111111111111111111111111111110111111111100111000111111111
11111111111111111111111111111111111111111111111111111111111111111111111111111111111111111111111111111111111111111111000111111111
11111111111111111111111111111111111111111111111111111111111111111111111111111111111111111111111111111111111111111111000111111111
11111111111111111111111111111111111111111111111111111111111111111111111111111111111111111111111111111111111111111111101111111111
11111111111111111111111111111111111111111011111111111111111111111111111111111111111111111111111111111111111111111111111111111111
11111111111111111111111111111111111111111111111111111111111111111111111111111111111111111111111111111111111111111111111111111111
11111111111111111111101111111111111111111111111111111111111111111111111111111111111111111111111111111111111111111111111111111111
11111111111111111111101111111111111111111111111111111111111111111111111111111111111111111111111111111111111111111111111111111111
11111111111111111111111111111111111111111111111111111111111111111111111111111111111111111111111110011111111100011111111111111111
11111111111111111111111111111111111111111111111111111111111111111111111111111111111111111111101110011111111100011111111111111111
11111111111111111111111111111111111111111111111111111111111111111110011011100101111111111111101110011111111100011111111111111111
11111111111111111111111111111111111111111111111111111111101111111110000001100101111111111111101110011111111100011111111111111111
11111111111111111111111111111111111111011111111111011111101111111110000001100101111111111111101110011111111100011111111111111111
11111111111111111001101111111111111111011111111110011111101111111110000001110101111111111111111110011111111100011111111111111111
11111111111111111001101111111111111111011111111110011111101111111110000001110001111111111111111110011111111100011111111111111111
11111111111111111001101111111111111111011111111110011111101111111110000001110001111111111111111110011111011100011111111111111111
11111111111111111001101111111111111111011111111110011111101111111110000001110101111111110111111110011111011100011111111111111111
11111111111111111001101111111111111111011111111110011111101111111110000001110101111111110111111110011111011100011111111111111111
11111111111111111001101111111111111111011111111110011111101111111110000001110101111111110111111110011111011100011111111111111111
11111111111111111001101111111111111111111111111110011111101111111110000001110001111111110111111110011111011100011111111111111111
11111111111111111001101111111111111111111111111110011111101111111110000001110001111111110111111110011111011100011111111111111111
11111111111111111001101111111111111111101111111110011111101111111110000001110001111111110111111110011111011110011111111111111111
11111111111111111001101111111111111111101111111110011111101111111110000001110001111111010111111110011011011110011111111111111111
11111111111111111001101111111111111111101111111110011111101111111110000001110001111111011111111110011011011110011111111111111111
11111111111111111001101111111111111111101111111110011111101111111110000001110001111111011111111110001011011110011111111111111111
11111111111111111001101111111111111111101111111110011111101111111111000001110001111111111111111110001011011110011111111111111111
11111111111111111001101111111111011111101111111110011111101111110111000001110001111111111111111110001011011110001111111111111111
11111111111111111001101111111111011111101111111110011111100111110111000001110001111111111111111110001011011110001111111111111111
11111111111111111001101111111011011111101111111110011111100101110111000001110001111111111111111110001011011110001111111111111111
11111111111111111001101111111011011111101111111110011111100101010111000001110001111111111111111110001011011110001111111111111111
11111111111111111001101111011011011111101111111110011111100101110111000001110111111111111111111110001011111110001111111111111111
11111111111111111001101111011011011111101111111110011111100101110111000001110001111111111111111110001011111110001111111111111111
11111111111111111001110111011011111111101111111110011111100101010111000001110001110111111111111110001011111110001111111111111111
11111111111110111000110111011011111111101111111110011111100101010111000001110001110111111111111110001011111110001111111111111111
11111111111110101000110111111111111111101111111110011111100101010111000001110001111111111111110110001011111110001111111111111111
11111111111110101000110111111111111111101111111110011111100101010111000001110001111111111111110110001011111110001111111111111111
11111111111111101000110111111111111111101111111110011111100101010111000001110011111111111111110110001011111110001111111111111111
11111111111111111000110111111111111111101111111110011111100101010111000001110011111111111111110110001011111110001111111111111111
11111111111111111100110111111111111111101111111110011111100101010111000001110010111111111111110110001111111110001111111111111111
11111111111111111100110111111111111111101111111110011111100101010111000001110010111111111111110110001111111110001111111111111111
11111111111111111100110111111111111111101111111110011111100101010111000001110000111111111111110111001111111110001111111111111111
11111111111111111100110111111111111111101111111110011111100101111111000001110010111111111111110111001111111110001111111111111111
11111111111111111100110111111111111111101111111110011111100101111111000001110010111111111111110111001111111110001111111111111111
11111111111111111100110111111111111111101111111110011111100111111111000001110010111111111111111111001111111110001111111111111111
11111111111111111100110111111111111111101111111110111111100111111111000001111000111111111111111111001111111110001111111111111111
11111111111111111100110111111111111111101111111110111111100111111111000001111000111111111111111111001111111110001111111111111111
11111111111111111100110111111111111111101111111111011111100111111111000001111000111111111111111111001111101110001111111111111111
11111111111111111100110111111111111111101111111111011111100111111111000001111010111111111111111111001111101110001111111111111111
11111111111111111100110111111111111111101111111111001111110111111111000000111010111111111111111111001111101110001111111111111111
11111111111111111100110111111111111111101111111111001111110111111111000000111010111111111111111111001111101110001111111111111111
11111111111111111100110111111111111111101111111111001111110111111111000000111010111111111011111111001111101110001111111111111111
11111111111111111100110111111111111111101111111111101111110111111111000000111010111111111011111111001111101110001111111111111111
11111111111111111100110111111111111111101111111111101111110111111111000000111010111111111011111111001111101110001111111111111111
11111111111111111100110111111111111111101111111111001111110111111111000000111010111111101011111111001111101110001111111111111111
11111111111111111100110111111111111111101111111111001111110111111111000000111011111111101011111111000101101110001111111111111111
11111111111111111100110111111111111111100111111111001111110111111111000000111011111111101011111111000101101110001111111111111111
11111111111111111100110111111111111111110111111111001111110111111111000000111011111111101011111111000101101110001111111111111111
11111111111111111100110111111111111111110111111111001111110111111111000000111011111111101111111111000101101110001111111111111111
11111111111111111100110111111111111111110111111111101111110111111111000000111011111111101111111111000101101110000111111111111111
11111111111111111100110111111111111111110111111111101111110111111111000000111011111111111111111111000101101111000111111111111111
11111111111111111100110111111111111111110111111111101111110111111111000000111011111111111111111111000101101111000111111111111111
11111111111111111100110111111111111111110111111111101111110111111111000000111011111111111111111111000101101111000111111111111111
11111111111111111100110111111111101111110111111111111111110111111111000000111011111111111111111111000101111111000111111111111111
11111111111111111100110111111111101111110111111111111111110111111011100000111011111111111111111111000101111111000111111111111111
11111111111111111100110111111111101111110111111111111111110111111011100000111011111111111111111111000101111111000111111111111110
11111111111111111100110111111101101111110111111111111111110111101011100000111011111111111111111111000101111111000111111111111111
11111111111111111100110111101101101111110111111111111111110010101011100000111011111111111111111111000101111111000111111111111111
11111111111111111100110011101101101111110111111111111111110010101011100000111011111011111111111011000101111111000111111111111111
11111111111111111100110011101111111111110111111111111111110010101011100000111011111011111111111011000101111111000111111111111111
11111111111111111100011011111111111111110111111111111111110010101011100000111001111011111111111011000101111111000111111111111111
11111111111111011100011011111111111111110111111111111111110010101011100000111001111011111111111011000101111111000111111111111111
11111111111111110100011011111111111111110111111111111111110010101111100000111001111111111111111011000101111111000111111111111111
11111111111111111110011011111111111111110111111111111111110010101111100000111001011111111111111011000101111111000111111111111111
11111111111111111110011011111111111111110111111111111111110010101111100000111001011111111111111011000101111111000111111111111111
11111111111111111110011011111111111111110111111111111111110010111111100000111001011111111111111011000101111111000111111111111111
11111111111111111110011011111111111111110111111111111111010010111111100000111001011111111111111011100101111111000111111111111111
11111111111111111110011011111111111111110111111111111111010010111111100000111001011111111111111011100101111111000111111111000000
11111111111111111110011011111111111111110111111111111111010011111111100000111001011111111111111011100111111111000111111110000000
11111111111111111110011011111111111111110111111111011111010011111111100000111001011111111111111111100111111111000111111110000000
11111111111111111110011011111111111111110111111111011111110011111111100000111001011111111111111111100111110111000111111110000000
11111111111111111110011011111111111111110111111111011111110011111111100000111001011111111111111111100111110111000111111110000000
11111111111111111110011011111111111111110111111111010111110011111111100000111001011111111111111111100111110111000111111110000000
11111111111111111110011011111111111111110111111111010111111011111111100000011001011111111111111111100111110111000111111110000000
11111111111111111110011011111111111111110111111111010111111011111111100000011101011111111111111111100111110111000111111110000000
11111111111111111110011011111111111111110111111111010111111011111111100000011101011111111101111111100111110111000111111110000000
11111111111111111110011011111111111111110111111111110111111011111111100000011101011111111101111111100111110111000111111110000000
11111111111111111110011011111111111111110111111111110111111011111111100000011101011111111101111111100111110111000111111110000000
11111111111111111110011011111111111111110111111111110111111011111111100000011101111111110101111111100110110111000111111110000000
11111111111111111110011011111111111111110111111111110111111011111111100000011101111111110101111111100010110111000111111110000000
11111111111111111110011011111111111111110011111111110111111011111111100000011101111111110101111111100010110111000111111110000000
11111111111111111110011011111111111111110011111111110111111011111111100000011101111111110101111111100010110111000111111110000000
11111111111111111110011011111111111111110011111111110111111011111111100000011101111111110101111111100010110111000111111110000000
11111111111111111110011011111111111111110011111111111111111011111111100000011101111111110101111111100010110111000111111110000000
11111111111111111110011011111111111111111011111111111111111011111111100000011101111111110111111111100010110111000111111110000000
11111111111111111110011011111111111111011011111111111111111011111111100000011101111111111111111111100010110111000011111110000000
11111111111111111110011011111111110111011011111111111111111011111111100000011101111111111111111111100010110111100011111110000000
11111111111111111110011011111111110111011011111111111111111011111101100000011101111111111111111111100010110111100011111110000000
11111111111111111110011011110111110111111011111111111111111011111101100000011101111111111111111111100010110111100011111111100000
11111111111111111110011011110111110111111011111111111111111011111101100000011101111111111111111111100010111111100011111111111111
11111111111111111110011011110110110111111011111111111111111011111101100000011101111111111111111111100010111111100011111111111111
11111111111111111110011001110110110111111011111111111111111011110101110000011101111111111111111111100010111111100011111111111111
11111111111111111110011001110110110111111011111111111111111011110101110000011101111111111111111111100111111111100011111111111111
11111111111111111010011001110111111111111011111111111111111011110111110111111111111111111111111111111111111111100011111111111111
11111111111111111011111111111111111111111111111111111111111111010111111111111111111111111111111111111111111111100011111111111111
11111111111111111011111111111111111111111111111111111111111111010111111111111111111111111111111111111111111111100011111111111111
11111111111111111011111111111111111111111111111111111111111111010111111111111111111111111111111111111111111111100011111111111111
11111111111111111011111111111111111111111111111111111111111111010111111111111111111111111111111111111111111111100011110111111111
11111111111111111111111111111111111111111111111111111111111111010111111111111111111111111111111111111111111011100011110111111111
11111111111111111111111111111111111111111111111111111111111111111111111111111111111100111111111111111111111111111111111111111111
11111111111111111111111111110111111111111111111111111111111111111111111111111111111111111111111111111111111111111111111111111111
11111111111111111111111111111111111111111111111111111111111111111111111111111111111111111111111111111111111111111111111111111111
11111111111111111111111111111111111111111111111111111111111111111111111111111111111111111111111111111111111111111111111111111111
11111111111111111111111111111111111111111111111111111111111111111111111111111111111111111111111111111111111111111111111111111111
11111111111111111111111111111111111111111111111111111111111111111111111111111111111111111111111111111111111111111111111111111111
11111111111111111111111111111111111111111111111111111111111111111111111111111111111111111111111111111111111111111111111111111111
11111111111111111111111111111111111111111111111111111111111111111111111111111111111111111111111111111111111111111111111111111111
11111111111111111111111111111111111111111111111111111111111111111111111111111111111111111111111111111111111111111111111111111111
11111111111111111111111111111111111111111111111111111111111111111111111111111111111111111111111111111111111111111111111111111111
11111111111111111111111111111111111111111111111111111111111111111111111111111111111111111111111111111111111111111111111111111111
11111111111111111111111111111111111111111111111111111111111111111111111111111111111111111111111111111111111111111111111111111111
11111111111111111111111111111111111111111111111111111111111111111111111111111111111111111111111111111111111111111111111111111111
11111111111111111111111111111111111111111111111111111111111111111111111111111111111111111111111111111111111111111111111111111111