11111111111111111001111111111111111111111111111111111111111111111111111111111111111111111111111111111111111111111111111111111111
11111111111111111111101111111101111111111111111111111111111111111111111111111111111111111111111111111111111111111111111111111111
11111111111111111111101101101111111111111111101111111111111111111111111111111111111111111111111111111111111111111111111111111111
11111111111111111111101111111111111111111111111111111111111111111111111111111111111111111111111111111111111111111111111111111111
11111111111111111111101111111101111111111111111111111111111111111111110111111111111111111111111111111111111111111111111111111111
11111111111011111111111111111001111111110111111101111111111111111111111111111111111111101111111111111111111111111111111111111111
11111111111111100011101111111101111111111111111111111111111111111111111111111111111111101111111111111111011111111111111111111111
11111111111111111111111111111111111111111111111111111111111111111111111111111111111111101111111111111111111111111111111111111111
11111111111111111111111111111111111111111111111111111111111111111111111111111111111111101111111111111111111111111111111111111011
11111111111111111111111111111111111111111111111111111111111111111111111111111101111111101111111111111111111111111111111111111011
11111111111111111111111111111111111111111111111111111111111111111111111111111111111111111111111111101111111111111111111111111111
11111111111111111111111111111111111111111111111111111111111111111111111111111111011111111111111111111111111111111111111111111111
11111111111111011001111111111111111111111111111111111111111111111111111111111111111111111111111111111111111111111111111111111111
11111111111111011001100111101111111111111111111111111111111111111111111111111111111111111111111111111111111111110111111111111111
11111111111111010001100111101111111111101101111111111111111111111111111111111111111111111111111111111111111111111111111111111111
11111111111111110001100111101111111111101101111111111111111111111111111111111111111111111111111111111111111111111111111111111111
11111111111111110001100111101111110111101101111111111111111111100111101100111011111111111111111111111111111111111111111111111111
11111111111111110001100111101111110111101101111111111111111111100111101100111011011111111111111111111111111111111111111111111111
11111111111111110001100111101111110111101101111111111111111111100111101101111011011111111111111110111111110111111111111111111111
11111111111111110001100111111111110111111101111111111111111111100111101101111011011111111111111110111111110011011100111101111111
11111111111011110001100111111111110111111001111011111111111111100111101101110011111111111111111110111111110010011100111001111011
11111111111011110001101111111111110111111001111011111111111111100111101101110011111111110111101111111111110110011100111001111011
11111111111011110001101111111111110111111001111011111111111111100111111101110011110111110111101111111111110110011100111001111011
11111111111011110001101111111111111111111001111011111111111011100111111101110011110111110111101111111111110110011100111001111011
11111111111011110001101111111111111111111001111011111111111011100111111001110011110111110111101111111111110110011100111001111011
11111111111011110001101111111111111111111001111011111111111011101101111001110011110111110111101111111111110110011100111001111011
11111111111011110001101111111101111111111001111011111111111011101101111001110011110111110111101111111111110110011100111001111011
11111111111011110001101111111101111111111001111110111110111011101101111001110011110111110111111111110111100110011100111001011011
11111111111010110001101111111101111111111001111110111110111111101101111001110011111111110111111111110111100110011100111001011111
11111111111010110001101111111101111111111001111110111110111111101101111001110011111111111111111111110111100110011100111011011111
11111111111110110001101111111101111111111011111110111110111111101101111001110011111111111111111111110111100110011100111011011111
11111111111110110001001111111101111111111011111110111110111111101101111001110010111111111111111111110111100110011101111011011111
11111111111110110011001111011111111111111011111110111110111111101111111001110110111111111111111111111111100110111101111011011111
11111111111110110011001111011111111111011011111110111110111111101111011001110110111111111111111101111111100110111101110011011111
11111111111110110011001111011111111111011011111110111111111111001111011001110110111111111111111101111111100110111101110011011111
11111111111110100011001111011111111111011011111111111111111111001111011011110110111111111111111101111111100110111001110011110111
11111111111110100011001111011111111111011011111111111111111111001111011011110110111111111111111101111111100100111001110011110111
11111111111111100011001111011111101111011011111111111111111111001111011011110110111111111111111101111111100100111001110011110111
11111111111111100011001111011111101111011011111111111111111111001111011011100110111111111111111111111111101100111001110011110111
11111111111111100011001111111111101111111011110111111111111111001111011011100111101111111111011111111111101100111001110011110111
11111111111111100011001111111111101111110011110111111111111111001111111011100111101111111111011111111111101100111001110011110111
11111111111111100011001111111111101111110011110111111111111111001111110011100111101111101111011111111111101100111001110011110111
11111111111111100011001111111111101111110011110111111111110111001111110011100111101111101111011111111111101100111001110011110111
11111111111111100011011111111111111111110011110111111111110111001011110011100111101111101111011111111111101100111001110010111111
11111111110111100011011111111111111111110011110111111111110111001011110011100111101111101111111111101111001100111001110110111111
11111111110111100011011111111111111111110011110111111111110111011011110011100111101111101111111111101111001100111001110110111111
11111111110111100011011111111011111111110011110111111101110111011011110011100111111111111111111111101111001100111001110110111111
11111111110111100011011111111011111111110011111101111101111111011011110011100111111111111111111111101111001100111011110110111111
11111111110111100011011111111011111111110011111101111101111111011011110011100111111111111111111111101111001101111011110110111111
11111111110111100011011111111011111111110011111101111101111111011011110011100101111111111111111111101111001101111011100111111111
11111111111111100011011111111011111111110111111101111101111111011011110011101101111111111111111111111111001101111011100111101111
11111111111101100011011111111011111111110111111101111101111111011110110011101101111111111111111011111111001101111011100111101111
11111111111101100110011111111111111111110111111101111101111111011110110011101101111111111111111011111111001101110011100111101111
11111111111101100110011110111111111110110111111101111101111111011110110011101101111111111111111011111111001001110011100111101111
11111111111101100110011110111111111110110111111111111111111110011110110111101101111111111111111011111111001001110011100111101111
11111111111101100110011110111111111110110111111111111111111110011110110111101101111111111111111011111111011001110011100111101111
11111111111101100110011110111111111110110111111111111111111110011110110111101101111111111110111011111111011001110011100111101111
11111111111101000110011110111111011110110111111111111111111110011110110111001111011111011110111111111111011001110011100111101111
11111111111111000110011110111111011110110111111111111111111110011111110111001111011111011110111111111111011001110011100111101111
11111111111111000110011110111111011111110111101111111111111110011111110111001111011111011110111111111111011001110011100111111111
11111111111111000110011111111111011111100111101111111111111110011111100111001111011111011110111111111110011001110011100101111111
11111111111111000110011111111111011111100111101111111111101110011111100111001111011111011110111111111110011001110011101101111111
11111111111111000110011111111111011111100111101111111111101110010111100111001111011111011111111111011110011001110011101101111111
11111111111111000110011111111111111111100111101111111111101110110111100111001111011111011111111111011110011001110011101101111111
11111111101111000110011111111111111111100111101111111111101110110111100111001111011111111111111111011110011001110111101101111111
11111111101111000110111111111111111111100111101111111111101110110111100111001111111111111111111111011110011001110111001101111111
11111111101111000110111111111111111111100111111011111011111110110111100111001111111111111111111111011110011011110111001101111111
11111111101111000110111111110111111111100111111011111011111110110111100111001011111111111111111111011110011011100111001111011111
11111111101111000110111111110111111111100111111011111011111110110111100111011011111111111111110111111110011011100111001111011111
11111111101111000110111111110111111111100111111011111011111110110111100111011011111111111111110111111110011011100111001111011111
11111111101011000110111111110111111111100111111011111011111110111101100111011011111111111111110111111110011011100111001111011111
11111111111011000110111111110111111111101111111011111011111110111101101111011011111111111111110111111110010011100111001111011111
11111111111011000100111111111111111111101111111011111011111100111101101111011011111111111101110111111110110011100111001111011111
11111111111011001100111111111111111101101111111011111011111100111101101111011011111111111101110111111110010011100111001111011111
11111111111011001100111101111111111101101111111011111111111100111101101111011010111111111101111111111110110011100111001111011111
11111111111011001100111101111111111101101111111011111111111100111101101111011110111110111101111111111110110011100111001011011111
11111111111011001100111101111111111101101111111111111111111100111101101110011110111110111101111111111110110011100111001011111111
11111111111010001100111101111111111101101111111111111111111100111101101110011110111110111101111111111100110011100111001011111111
11111111111110001100111101111111111101101111011111111111111100111111001110011110111110111101111110111100110011100111011011111111
11111111111110001100111101111110111111101111011111111111011100111111001110011110111110111111111110111100110011100111011011111111
11111111111110001100111111111110111111001111011111111111011100111111001110011110111110111111111110111100110011101111011011111111
11111111111110001100111111111110111111001111011111111111011100111111001110011110111110111111111110111100110011101111011011111111
11111111111110001100111111111110111111001111011111111111011100101111001110011110111111111111111110111100110011101110011011111111
11111111111110001100111111111110111111001111011111111111011101101111001110011110111111111111101110111100110111101110011110111111
11111111111110001100111111111111111111001111011111111111011101101111001110011111111111111111101111111100110111101110011110111111
11111111011110001100111111111111111111001111011111111111111101101111001110011111111111111111101111111100110111001110011110111111
11111111011110001101111111111111111111001111110111110111111101101111001110010111111111111111101111111100110111001110011110111111
11111111011110001101111111111111111111001111110111110111111101101111001110110111111111111111101111111100110111001110011110111111
11111111011110001101111111101111111111001111110111110111111101101111001110110111111111111111101111111100100111001110011110111111
11111111011110001101111111101111111111001111110111110111111101101011001110110111111111111111101111111101100111001110011110111111
11111111011110001101111111101111111111001111110111110111111101101011001110110111111111111011101111111101100111001110010110111111
11111111011110001101111111101111111111011111110111110111111001111011001110110111111111111011111111111101100111001110010111111111
11111111010110001001111111101111111111011111110111110111111001111011011110110111111111111011111111111101100111001110010111111111
11111111110110001001111111111111111011011111111111110111111001111011011110111101111101111011111111111001100111001110010111111111
11111111110110011001111011111111111011011111111111110111111001111011011100111101111101111011111101111001100111001110010111111111
11111111110110011001111011111111111011011111111111111111111001111011011100111101111101111011111101111001100111001110110111111111
11111111110110011001111011111111111011011111111111111111111001111010011100111101111101111011111101111001100111001110110111111111
11111111110100011001111011111111111011011111111111111111111001111110011100111101111101111011111101111001100111011110110111111111
11111111110100011001111011111111111011011110111111111111111001111110011100111101111101111111111101111001100111011100110111111111
11111111110100011001111011111101111010011110111111111111111001111110011100111101111101111111111101111001100111011100111101111111
11111111110100011001111011111101111110011110111111111110111001111110011100111101111101111111111101111001100110011100111101111111
11111111111100011001111111111101111110011110111111111110111011011110011100111111111111111111011101111001101110011100111101111111
11111111111100011001111111111101111110011110111111111110111011011110011100111111111111111111011111111001101110011100111101111111
11111110111100011001111111111101111110011110111111111110111011011110011100101111111111111111011111111001101110011100111101111111
11111110111100011001111111111101111110011110111111111110111011011110011100101111111111111111011111111001001110011100111101111111
11111110111100011001111111111101111110011110101111101111111011011110011100101111111111111111011111111001001110011100111101111111
11111110111100011001111111011111111110011111101111101111111011011110011100101111111111111111011111111001001110011100111101111111
11111110111100011011111111011111111110011111101111101111111011010110011101101111111111111111011111111011001110011100111101111111
11111110111100011011111111011111111110011111101111101111111011010110011101101111111111110111011111111011001110011100101111111111
11111110111100011011111111011111111110011111101111101111111011110110011101101111111111110111111111110011001110011100101111111111
11111110111111111111111111011111111110011111101111101111110011110110111101101111111111110111111111110011001110011100101111111111
11111110101111111111111111111111111110111111101111101111111011110110111101101011111111110111111111110011001110011100101111111111
11111110101111111111111111111111111111111111111111101111110011110110111101111011111011110111111111110011001110011100101111111111
10111110101110000111110111111111111111111111111111111111111011110110111001111011111011110111111011110011001110011101101111111111
10111111101111101111111111111000011111111111111111111111111111110111111111111011111011111111111011110011001110011101101011111111
10111111101111101111011101111111011110100111100001111111111111110111111111111111111111111111111011110011001110011001101011111111
10111111101111111111011101111111011110111111111100111100011111110111111111111111111111111111111111110011001110111001101011111111
01111111111111111111101111111110111110111111111101111111101111111111111011111111111111111111111111111111111110111101111011111111
01111111111110111111100011111111111110111111111111111111111111111111110011111110111110001111111111111111111111111111111011111111
11111111111111111111111101111111111111101111111011111111111111111111111011111101111111110111110001111111111111111111111011111111
11111111111111111111111101111011111111110111111101111111101111111111111011111011111111110111101111111000011111111111111011111111
11111111111101111111111101111011111111111111111110111111011111111111111011111011111111111111101110111111101111110011111011111111
11111111111101111111011101111011111111111111111110111111111111111111111011110000111111101111101111111111101111100011111011111111
11111111111111111111001011111111111111110111111110111111111111111111111011110111111111011111100001111111101111111011111011111111
11111111111111111111111111111111111111101111111110111011111111111111111011111111011111111111100001111111101111111011111011111111
11111111111111111111111111111111111110111111001101111011111111111111111011101111011110111111111111111111011111111011111111111111
11111111111111111111111111111111111111111111111111111000011111111111111111111111011110111111011110111101111111111011111111111111
11111111111111111111111111111111111111111111111111111111111111111111111111110111111110111111011110111011111111111011111111111110