11111111111111111111111111111111111111111111111111111111111111111111111111111111111111111111111111111111111111111111111111111111
11111111111111111111111111111111111111111111111111111111111111111111111111111111111111111111111111111111111111111111111111111111
11111111111111111111111111111111111111111111111111111111111111111111111111111111111111111111111111111111111111111111111111111111
11111111111111111111111111111111111111111111111111111111111111111111111111111111111111111111111111111111111111111111111111111111
11111111111111111111111111111111111111111111111111111111111111111111111111111111111111111111111111111111111111111111111111111111
11111111111111111111111111111111111111111111111111111111111111111111111111111111111111111111111111111111111111111111111111111111
11111111111111111111111111111111111111111111111111101111111111111111111111111111111111111111111111111111111111111111111111111111
11111111111111111111111111111111111111110111111111111111111111111111110011110111111111111111111111111111111111111111111111111111
11111111111111111111111111111111111111111111111111111111111111111111111111111111111111111111111111111111111111111111111111111111
11111111111111111111111111111011111111110011111111111111111111111111111111111111111111111111111111111111111111111111111111111111
11111111111111110111111111111111111111110011111111111111111111111111111111111111111111111111111111111111111111111111111111111111
11111111111111110111001111111110111111111111111111111111111111111111111111111111111111111111111111111111111111111111111111111111
11111111111111010111001111111111111111111111111111111111111111111111111111111111111111111111111111111111111111111111111111111111
11111111111111111111101111111111111111111111111111111111111111111111111111111111111111111111101111111111011111111111111111111111
11111111111111111111111111111111111111111111111111111111111111111111111111111110011001111111000111111111111111111111111111111111
11111111111111111111111111111111111111111111111111111111111111111111111111011110011001111111000101111111111111111111111111111111
11111111111111111111111111111111111111111111111101111100010111011011101111001110011001111111100101111111111111111111111111111111
11111111111111111111111111111111111111011111011100111000010101011011101111001110011001111111100101111011111111111111111111111111
11111111111111111101101111111111111111011110011100111000010101011011101111000110011001111111100101111010111111111111111111111111
11111111111110000000001111011111111111011110011100111000010101011111101111000110011001111111100101111010111111111111111111111111
11111111111110000000001111011111111111001110011100111000010101011111101111000110001001111111100101111010111111111111111111111111
11111111111110000000001111011011111111001110011100111000010001111111101111000110001001111111100101111010111111111111111111111111
11111111111110000000001111011011011111001110011100111000010001111111101111100110001000111111100101111110111111111111111111111111
11111111111110000000001111011011011100001110011100110000010111111111111111100111001000110111100101111110111111111111111111111111
11111111111110000000000111011011011100001110011100110000011111111111111111100111001100110101100001111110101111111111111111111111
11111111111110000000000111011011011101001110011100110000011111111111111111100111001100110101100011111111101111111111111111111111
11111111111110000000000111011011011101001110001100110000011111111111111111100111001100110101100011111111111111111111111111111111
11111111111110000000000111011011011101001110001100010000011000001111111111100111001100110101100011111111111111111111111111111111
11111111111110000000000111011011011101001110001100010000011000101101111111100111001100110101100011111111111111111111111111111111
11111111111110000000000111011011011101001110001100010000011000101101111111100111001100110101100001111111111111111111111111111111
11111111111110000000000111011011011100001111001100010000000000001101111111100011000000110101100001111101111111111111111111111111
11111111111110000000000111011011011100001111001100010000000000001101111111100011000000110101100000111101111111111111111111111111
11111111111110000000000111011011011110001111001100010000000000001101110111100011000100111101100000111101111111111111111111111111
11111111111111000000000111011011011110001111001100000000000000001101110111100011000100111101100000111101011111111111111111111111
11111111111111000000000111111011011110001111001100000000000000001101110111100011000100111111110000111111010111111111111111111111
11111111111111000000000111111111011110001111001100000000000000001101110111100011000100111111110000111111010111111111111111111111
11111111111111000000000111111111011110001111001100000000000000001101110111110011000000111111110000111111000111111111111111111111
11111111111111000000000111111111111110001111001100000000000000001101111111110011000000111111110000111111010111111111111111111111
11111111111111000000000111111111111110001111001100000000000000001101111111110011000000011111110000111111010111111111111111111111
11111111111111000000000011111111111110001111001100000000000000001101111111110011000000011000110000111111010111111111111111111111
11111111111111000000000011111111111110001111001100000000000000001101111111110011000000011000110000111110010111111111111111111111
11111111111111000000000011101111111110000111001110000000000000001111111111110011000000011000110000011110000111111111111111111111
11111111111111000000000011101101111110000111001110000000000000001111111111110011000000011000110000011110000111111111111111111111
11111111111111000000000011101101101110000111001110000000000000001111111111110011100000011000110000011110000111111111111111111111
11111111111111000000000011101101101110000111001110000000000000001111111011110011100000011000110000011110000111111111111111111111
11111111111111000000000011101101101110000111001110000000000000000111111011110011100000011100110000011110000111111111111111111111
11111111111111000000000011101101101110000111000110000000000000000111111011110011100000011100111000011110000111111111111111111111
11111111111111000000000011101101101110000111000110000000000000000110111011110011100000011100111000011110000111111111111111111111
11111111111111000000000011101101101110000111000110000000000000000110111011110001100000011100111000011110000111111111111111111111
11111111111111000000000011101101101110000111000110000000000000000110111011110001100000011100111000011110000011111111111111111111
11111111111111000000000011101101101110000111000110000000000000000110111011110001100000001100111000011110000011111111111111111111
11111111111111000000000011101101101110000111000110000000000000000110111011110001100000001100111000011111000011111111111111111111
11111111111111000000000011111101101110000111000110000000000000000110111011110001100000001100111000011111000011111111111111111111
11111111111111100000000011111111101110000111000110000000000000000110111011110001100000001100111000011111000011111111111111111111
11111111111111100000000011111111101110000111100110000000000000000110111011110001100000001100111000011111110011111111111111111111
11111111111111100000000011111111111110000111100110000000000000000111111011110001110000001100111000011111110011111111111111111111
11111111111111100000000011111111111110000111100110000000000000000111111011111001110000001100011000011111000011111111111111111111
11111111111111100000000011111111111111000111100111000000000000000111111111111001110000001100011000001111000011111111111111111111
11111111111111100000000011111110110111000111100111000000000000000111111111111001110000001100011000001111000011111111111111111111
11111111111111100000000011111110110111000111100011000000000000000111111111111001110000001100011000001111000011111111111111111111
11111111111111100000000011111110110111000111100011000000000000000111111111111000110000001100011000001111000011111111111111111111
11111111111111100000000001111110110111000111100011000000000000000111111111111000110000001100011000001111000011111111111111111111
11111111111111100000000001111110110111000111100011000000000000000111111101111000110000001110011000001111000011111111111111111111
11111111111111100000000001110110110111000011100011000000000000000111111101111000110000001110011100001111000011111111111111111111
11111111111111100000000001110110110111000011100011000000000000000111111101111000110000001110011100001111000001111111111111111111
11111111111111100000000001110110110111000011100011000000000000000011111101111000110000001110011100001111000001111111111111111111
11111111111111100000000001110110110111000011100011000000000000000011011101111000110000001110011100001111000001111111111111111111
11111111111111100000000001110110110111000011100011000000000000000011011101111000110000000110001100001111000001111111111111111111
11111111111111100000000001110110110111000011100011000000000000000011011101111000110000000110001100001111100001111111111111111111
11111111111111100000000001110110110111000011100011000000000000000011011101111000110000000110001100001111100001111111111111111111
11111111111111100000000001110110110111000011100011000000000000000011011101111000110000000110001100001111100001111111111111111111
11111111111111100000000001110110110111000011100011000000000000000011011101111000110000000110001100001111100001111111111111111111
11111111111111100000000001110110110111100011100011000000000000000011011101111000110000000110001100001111100001111111111111111111
11111111111111100000000001110110110111100011100011000000000000000011011101111000111000000110001100001111100001111111111111111111
11111111111111100000000001110110110111100011100011000000000000000011111101111100111000000110001100000111100001111111111111111111
11111111111111100000000001110110110111100011100011000000000000000011111101111100111000000111001100000111100001111111111111111111
11111111111111100000000001110110110111100001110011000000000000000011111111111100111000000111001100000111100000111111111111111111
11111111111111100000000001111011110111100001110011000000000000000001101111111100111000000111001100000111100000111111111111111111
11111111111111100000000001111011110111100001110011100000000000000001101111111100011000000111001100000111100000111111111111111111
11111111111111100000000001111011011011100001110001100000000000000001101111111100011000000111001100000111110000111111111111111111
11111111111111110000000001111011011011100001110001100000000000000001101110111100011000000111001110000111110000111111111111111111
11111111111111110000000001111011011011100001110001100000000000000001101110111100011000000111001110000111110000111111111111111111
11111111111111110000000000111011011011100001110001100000000000000001101110111100011000000111001110000111110000111111111111111111
11111111111111110000000000111011011011100001110001100000000000000001101110111100011000000111001110000111110000111111111111111111
11111111111111110000000000111011011011100001110001100000000000000001101110111100011000000011000110000111110000111111111111111111
11111111111111110000000000111011011011100001110001100000000000000001101110111100011100000011000110000011110000111111111111111111
11111111111111110000000000111011011011100001110001100000000000000001101110111110011100000011000110000011110000111111111111111111
11111111111111110000000000111011011011100001110001100000000000000001101110111110011100000011000110000011110000111111111111111111
11111111111111110000000000111011011011100001110001100000000000000001101111111110011100000011000110000011110000111111111111111111
11111111111111110000000000111011011011100001110001100000000000000001101111111110011100000011000110000011110000111111111111111111
11111111111111110000000000111011011011100001111001100000000000000001101111111110011100000011000110000011110000111111111111111111
11111111111111110000000000111011011011100001111001110000000000000001101111111110011100000011100111000011110000011111111111111111
11111111111111110000000000111011011011100001111001110000000000000001111111011110011100000011100111000011110000011111111111111111
11111111111111110000000000111011011011100001111001110000000000000001111111011110011100000011100111000011110000011111111111111111
11111111111111110000000000111011011111100001111001110000000000000001111111011110001100000011100011000011110000011111111111111111
11111111111111110000000000111011011111110001111001110000000000000000110111011110001100000001100011000011111000011111111111111111
11111111111111110000000000111011011111110000111001110000000000000000110111011110001100000001100011000011111000011111111111111111
11111111111111110000000000111011011111110000111001110000000000000000110111011110001100000001100011000011111000011111111111111111
11111111111111110000000000011011011111110000111001110000000000000000110111011110001100000001100011000011111000011111111111111111
11111111111111110000000000011001011111110000111000110000000000000000110111011110001100000001100011000011111000011111111111111111
11111111111111110000000000011001111101110000111000110000000000000000110111011110001100000001100011000011111000011111111111111111
11111111111111110000000000011101101101110000111000110000000000000000110111011110001100000001100011000001111000011111111111111111
11111111111111110000000000011101101101110000111000110000000000000000110111011110001100000001100011000001111000001111111111111111
11111111111111110000000000011101101101110000111000110000000000000000110111011111001110000001100011000001111000001111111111111111
11111111111111110000000000011101101101110000111000110000000000000000111111011111001110000001100011000001111000001111111111111111
11111111111111110000000000011101101101110000111000110000000000000000111111111111000110000001100011000001111110001111111111111111
11111111111111110000000000011101101101110000111000110000000000000000111011111111000110000001100011100111111110001111111111111111
11111111111111111000000000011101101101110000111000110000000000000000111011111111000110011001111111111111111110001111111111111111
11111111111111111000000000011101101101110000111000110000000000000000111011111111111111111111111111111111111110001111111111111111
11111111111111111000000000011101101101110000111000110000000000000000111111111111111111111111111111111111100111001111111111111111
11111111111111111000000000011101101101110000111100111001111111110001111111111111111111111111011111111111110111001111111111111111
11111111111111111000000000011101101111111110111111111111111111110001111111111110111110111111111111011111110111001111011111111111
11111111111111111000000000011111111111111111111111111111111111110001111011111100111110111110111111101111111111111111111111111111
11111111111111111000111111111111111111111111111111111111111111110001111001111100111110111110111111111111111111111111111111111111
11111111111111111000111111111111111111111111011111010111110111110001111001111110111111111110111111110111111111111111111111111111
11111111111111111000111111111101111110011111011111011111110111110001111001111111111111111111111111111111110111111111111111111111
11111111111111111000110001111000111110111110011111011111100011111111111111111111111111011111001111111111111111111111111111111111
11111111100111111000111001111000111110111111001111011111101111111111111111111110111110111111011111111111111111111111111111111111
11111111100111111000111011111000111110111111101111011111101111111111111001111101111111111111111111111111111111111111111111111111
11111111000011111000111011111000111110111111101111011111110011111111111111111111111111111111111111111111111111111111111111111111
11111111000011111100111011111000111111111111101111100111111111111111111111111111111111111111111111111111111111111111111111111111
11111111100111111111111011111000111111111111111111111111111111111111111111111111111111111111111111111111111111111111111111111111
11111111110111111111111111111100111111111111111111111111111111111111111111111111111111111111111111111111111111111111111111111111
11111111110111111111111111111111111111111111111111111111111111111111111111111111111111111111111111111111111111111111111111111111
11111111111111111111111111111111111111111111111111111111111111111111111111111111111111111111111111111111111111111111111111111111
11111111111111111111111111111111111111111111111111111111111111111111111111111111111111111111111111111111111111111111111111111111
11111111111111111111111111111111111111111111111111111111111111111111111111111111111111111111111111111111111111111111111111111111
11111111111111111111111111111111111111111111111111111111111111111111111111111111111111111111111111111111111111111111000000111111