11111111111111111111111111111111111111111111111111111111111111111111111111111111111111111111111111111111111111111111111111111111
11111111111111111111111111111111111111111111111111111111111111111111111111111111111111111111111111111111111111111111111111111111
11111111111111111111111111111111111111111111111111111111111111111111111111111111111111111111111111111111111111111111111111111111
11111111111111111111111111111111111111111111111111111111111111111111111111111111111111111111111111111111111111111111111111111111
11111111111111111111111111111111111111111111111111111111111111111111111111111111111111111111111111111111111111111111111111111111
11111111111111111111111111111111111111111111001110111111101111111111111111011111110011101110111111100111111111111111111111111111
11111111111111111111111111100110101111111111101110011111111111111101110111011111111011001110111101110111111101111111111111111111
11111111111111111111111111100110001111111111111110010011101110011101111111101101111111001111111101110110011001111111111111111111
11111111111111111111111111111110001111111011111101011111111111111101111111101111111111010111011101111011111000111111111111111111
11111111111111111111111111111111101111111111111111011111111111111101111111111111111111111111111111111111111101111111111111111111
11111111111111111111111111111111111111111111111111111111111111111111111111111111111111111111111111111111111111111111111111111111
11111111111111111111111111111111111111111111111111111111111111111111111111111111111111111111111111111111111111111111111111111111
11111111111111111111111111111001111111111111111101100110000111000001111001101101111001110011110000111101111111111111111111111111
11111111111111111111111111000000001101101011111001100110000111000001111001101101110001100001110000111100111111111111111111111111
11111111111111111111111111000000001101101011111001100110000111000001111001101101110000100001110000111100111111111111111111111111
11111111111111111111111111000000001101101011111001100110000111000001111001101101110000100001110000111100111111111111111111111111
11111111111111111111111111000000001101101011111001100110000111000001111001101101110000100001110000111100111111111111111111111111
11111111111111111111111111000000001101101011111001100110000111000001111001101101110000100001110000111100111111111111111111111111
11111111111111111111111111000000001101101011111001100110000111000001111001101101110000100001110000111100111111111111111111111111
11111111111111111111111111000000001101101011111001100110000111000001111001101101110000100001110000111100111111111111111111111111
11111111111111111111111111000000001101101011111001100110000111000001111001101101110000100001110000111100111111111111111111111111
11111111111111111111111111000000001101101011111001100110000111000001111001101101110000100001110000111100111111111111111111111111
11111111111111111111111111000000001101101011111001100110000111000001111001101101110000100001110000111100111111111111111111111111
11111111111111111111111111000000001101101011111001100110000111000001111001101101111000110001110000111100111111111111111111111111
11111111111111111111111111000000001101101011111001100110000111000001111001101101111000110001110000111100111111111111111111111111
11111111111111111111111111000000001101101011111001100110000111000001111001101101111000110001110000111100111111111111111111111111
11111111111111111111111111000000001101101011111001100110000111000001111001101101111000110001110000111100111111111111111111111111
11111111111111111111111111000000001101101011111001100110000111000001111001101101111000110001110000111100111111111111111111111111
11111111111111111111111111000000001101101011111001100110000111000001111001101101111000110001110000111100111111111111111111111111
11111111111111111111111111000000001101101011111001100110000111000001111001101101111000110001110000111100111111111111111111111111
11111111111111111111111111000000001101101011111001100110000111000001111001101101111000110001110000111100111111111111111111111111
11111111111111111111111111000000001101111011111001100110000111000001111001101101111000110001110000111100111111111111111111111111
11111111111111111111111111000000001101111011111001100110000111000001111001101101111000110001110000111100111111111111111111111111
11111111111111111111111111000000001101111011111001100110000111000001111001101101111000110001110000111100111111111111111111111111
11111111111111111111111111000000001101111011111001100110000111000001111001101101111000110001110000111100111111111111111111111111
11111111111111111111111111000000001101111011111001100110000111000001111001101101111000110001110000111100111111111111111111111111
11111111111111111111111111000000001101111011111001100110000111000001111001101101111000110001110000111100111111111111111111111111
11111111111111111111111111000000001101111011111001100110000111000001111001101101111000110001111000111100111111111111111111111111
11111111111111111111111111000000001101111011111001100110000111000001111001101101111000110001111000111100111111111111111111111111
11111111111111111111111111000000001101111011111001100110000111000001111001101101111000110001111000111100111111111111111111111111
11111111111111111111111111000000001101111011111001100110000111000000111001101101111000110001111000111100111111111111111111111111
11111111111111111111111111000000001101111011111001100110000111000000111001101101111000110001111000111100111111111111111111111111
11111111111111111111111111000000001101111011111001100110000111000000111001101101111000110001111000111100111111111111111111111111
11111111111111111111111111000000001101111011111001100110000111000000111001101101111000110001111000111100111111111111111111111111
11111111111111111111111111000000001101111011111001100110000111000000111001111101111000110001111000111100111111111111111111111111
11111111111111111111111111000000001101111011111001100110000111000000111001111101111000110001111000111100111111111111111111111111
11111111111111111111111111000000001101111011111001100110000111000000111001111101111000110001111000011100111111111111111111111111
11111111111111111111111111000000001101111011111001100110000111000000111000111101111000110001111000011100111111111111111111111111
11111111111111111111111111000000001101111011111001100110000111000000111000111111111000110001111000011100111111111111111111111111
11111111111111111111111111000000001101111011111001100110000111000000111000111111111000110001111000011100111111111111111111111111
11111111111111111111111111000000001101111011111001100110000111000000111000111111111000110001111000011100111111111111111111111111
11111111111111111111111111000000001101111011111001100110000111000000111000111111111000110001111000011100111111111111111111111111
11111111111111111111111111000000011101111011111001100110000111000000111000111111111000110001111000011100111111111111111111111111
11111111111111111111111111000000011101111011111001100110000111000000111000111111111000110001111000011100111111111111111111111111
11111111111111111111111111000000011101111011111001100110000111000000111000111111111000110001111000011100111111111111111111111111
11111111111111111111111111000000011101111011111001100110000111000000111000111111111000110001111000011100111111111111111111111111
11111111111111111111111111000000011101111011111001100110000111000000111000111111111000110001111000011100111111111111111111111111
11111111111111111111111111000000011101111011111001100110000111000000111000111111111000110001111000011100111111111111111111111111
11111111111111111111111111000000011101111011111001100110000111000000111000111111111000110001111000011100111111111111111111111111
11111111111111111111111111000000011101111011111001100110000111000000111000111111111000110001111000011100111111111111100000011111
11111111111111111111111111000000011101111011111001100110000111000000111000111111111000110001111000011110111111111111100000000000
11111111111111111111111111000000011101111011111001100110000111000000111000111111111000110001111000011110111111111111100000000000
11111111111111111111111111000000011101111011111001100110000111000000111000111111111000110001111000011110111111111111100000000000
11111111111111111111111111000000011101111011111001100110000111000000111000111111111000110001111000011110111111111111100000000000
11111111111111111111111111000000011101111011111001100110000111000000111000111111111000110001111000011110111111111111100000000000
11111111111111111111111111000000011101111011111001100110000111000000111000111111111000110001111000011110111111111111100000000000
11111111111111111111111111000000011101111011111001100110000111000000111100111111111000110001111000011110111111111111000000000000
11111111111111111111111111000000011101111011111001100110000111000000111100111111111000110001111000011110111111111111000000000000
11111111111111111111111111000000011101111011111001100110000111000000111100111111111000110001111000011110111111111111000000000000
11111111111111111111111111000000011101111011111001100110000111000000111100111111111000110001111000011110111111111111000000000000
11111111111111111111111111000000011101111011111001100110000111000000111100111111111000110001111000011110111111111111000000000000
11111111111111111111111111000000011101111011111001100110000111000000111100111111111000110001111000011110111111111111100000000000
11111111111111111111111111000000011101111011111101100110000111000000111100111111111000110001111000011110111111111111100000000000
11111111111111111111111111000000011101111011111101100110000111000000111100111111111000110001111000011110111111111111111111111111
11111111111111111111111111000000011101111011111101100110000111000000111100111111111000110001111000011110111111111111111111111111
11111111111111111111111111000000011101111011111101100110000111000000111100111111111000110001111000011110111111111111111111111111
11111111111111111111111111000000011101111011111101100110000111000000111100111111111000110001111000011110111111111111111111111111
11111111111111111111111111000001011101111011111101100111010111000000111100111111111000110111111111111110111111111111111111111111
11111111111111111111111111011111111111111111111111111111111111110011111111111111111111111111111111111110111111111111111111111111
11111111111111111111111111011111111111111111111111111111111111110011111111111111111111111111111111111110111111111111111111111111
11111111111111111111111111011111111111111111111111111111111111110011111111111111111111111111111111111110111111111111111111111111
11111111111111111111111111011111111001111111111111111011111111110011110111110111111111111111111111111110111111111111111111111111
11111111111111111111111111011111111001111111111111111111111111111111110111110111111111111111111111101111111111111111111111111111
11111111111111111110111111111111111111111111111111111111111111111111111111111111111111111111111111111111111111111111111111111111
11111111111111111111111111111111111111111111111111111111111111111111111111111111111111111111111111111111111111111111111111111111
11111111111111111111111111111111111111111111111111111111111111111111111111111111111111111111111111111111111111111111111111111111
11111111111111111111111111111111111111111111111111111111111111111111111111111111111111111111111111111111111111111111111111111111
11111111111111111111111111111111111111111111111111111111111111111111111111111111111111111111111111111111111111111111111111111111
11111111111111111111111111111111111111111111111111111111111111111111111111111111111111111111111111111111111111111111111111111111
11111111111111111111111111111111111111111111111111111111111111111111111111111111111111111111111111111111111111111111111111111111
11111111111111111111111111111111111111111111111111111111111111111111111111111111111111111111111111111111111111111111111111111111
11111111111111111111111111111111111111111111111111111111111111111111111111111111111111111111111111111111111111111111111111111111
11111111111111111111111111111111111111111111111111111111111111111111111111111111111111111111111111111111111111111111111111111111
11111111111111111111111111111111111111111111111111111111111111111111111111111111111111111111111111111111111111111111111111111111
11111111111111111111111111111111111111111111111111111111111111111111111111111111111111111111111111111111111111111111111111111111
11111111111111111111111111111111111111111111111111111111111111111111111111111111111111111111111111111111111111111111111111111111
11111111111111110111111011111111111111111101111111111111101111111111111111111111111111111111111111111111111111111111111111111111
11111111111111111111011001111111101111111101111111111111111111111101111101111111111111111111111111111111111111111111111111111111
11111111111111111111111011111111101110111111111111111111111111111111111111111111111111111111111111111111111111111111111111111111
11111111110011110000111011111111101110111111110001111111111111111111111111110111111111100111000111100111111111101111110111111111
11111111111111111111111011111111111110111111111111111111011111111111111111111111111111111111111111111111111111111111111111111111
11111111111111111111111011001111111111111111101110111111111111111111111111111111111111111111111111111111111111110111111111111111
11111111111111111111111011101111111111111111111111111111111111111111111111111111111111111111111111111111111111111111111111111111
11111111110001110000011011101111111101110111110101111111111111111111111111111111111111110111010111001111111111011111111101111111
11111111111111111111111111111111111111111111111111111111111111111111111111111111111111111111111111111111111111111111111111111111
11111111111111111111111111111111111111111111111111111111111111111111111111111111111111111111111111111111111111111111111111111111
11111111111111111111111111111111111111111111111111111111111111111111111111111111111111111111111111111111111111111111111111111111
11111111111111111111111111111111111111111111111111111111111111111111111111111111111111111111111111111111111111111111111111111111
11111111111111111111111111111111111111111111111111111111111111111111111111111111111111111111111111111111111111111111111111111111
11111111111111111111111111111111111111111111111111111111111111111111111111111111111111111111111111111111111111111111111111111111
11111111111111111111111111111111111111111111111111111111111111111111111111111111111111111111111111111111111111111111111111111111
11111111111111111111111111111111111111111111110111111111111111111111111111111111111111110000001111111111111111111111111111111111
11111111111111111111111111111111111001111111110111111111111111111110111111111111111111111111111111111111111111111111111111111111
11111111111111111111111111111111111111101101111111111111111111111111111111111111111111111111111111111111111111111111111111111111
11111111111111111111111111111111111111111101111101111111111111110011101111111111111111111111111111111111111111111111111111111111
11111111111111111111111111111111111001111000011100111111111111110011101111111001111111111011111111111111111111111111111111111111
11111111111111111111111111111111111111111101111111111111111111110111101111111001111111111011111111111111111111111111111111111111
11111111111111111111111111111111111111111101111111111111111111111111101111111001111111111111111111111111111111111111111111111111
11111111111111111111111111111111111111111101111111111111111111111111111111111111111111111111111111111111111111111111111111111111
11111111111111111111111111111111001111111101101111111111111111111111111111011111111111111111111111111111111111111111111111111111
11111111111111111111111111111111111011111101111111111111111111111111111111111111111111111111111111111111111111111111111111111111
11111111111111111111111111111111111111111111111111111111111111111111111111111111111111111111111111111111111111111111111111111111
11111111111111111111111111111111111111111111111111111111111111111111111111111111111111111111111111111111111111111111111111111111
11111111111111111111111111111111111111111111111111111111111111111111111111111111111111111111111111111111111111111111111111111111
11111111111111111111111111111111111111111111111111111111111111111111111111111111111111111111111111111111111111111111111111111111
11111111111111111111111111111111111111111111111111111111111111111111111111111111111111111111111111111111111111111111111111111111
11111111111111111111111111111111111111111111111111111111111111111111111111111111111111111111111111111111111111111111111111111111
11111111111111111111111111111111111111111111111111111111111111111111111111111111111111111111111111111111111111111111111111111111