11111111111111111111111111111111111111111111111111111111111111111111111111111111111111111111111111111111111111111111111111111111
11111111111111111111111111111111111111111111111111111111111111111111111111111111111111111111111111111111111111111111111111111111
11111111111111111111111111111111111111111111111111111111111111111111111111111111111111111111111111111111111111111111111111111111
11111111111111111111111111111111111111111111111111111111111111111111111111111111111111111111111111111111111111111111111111111111
11111111111111111111111111111111111111111111111111111111111111111111111111111111111111111111111111111111111111111111111111111111
11111011111111111111111111111111111111111111111111111111111111111111111111111111111111111111111111111111111111111111111111111111
11111111111111111111101111111111111111111111111111111111111111111111111111111111111111111111111111111111111111111111111111111111
11111111111111111111111111111111111111111111111111101111111111111111111111111111111111111111111111111111111111111111111111111111
11111111111111111111111011111111111111111111111111111111111111111111111111111111111111111111111111111111111111111111111111111111
11111011111111111111111111111111111111111111111111111111111111111111111111111111111111111111111111111101111111111111111111111111
11111111111111111111111111111111111111111111111111111111111111111111111111111111011111111111111111111111111110111111111111111111
11111111111111111111111111111111111111111111111111111111111111111111111111111111111111111111111111111111111111111111111101111111
11111111111111111111111111111111111111111111111111111111111111111111111111111111111111111111111111111111111111111000111111111111
11111111111111111111111111111111111111111111111111111111111111111111111111111111111111111111111111111111111111111111111111111111
11111111111110101100110011111111110111111001111110111111111111111111111111111111111111111111111111111111111111111111111111111111
11111111111110101100110011111111110111111011111110111001111110111111111111111111111111111111111111111111111111111111111111111111
11111111111110101100110111101111110111111011111110111001111110111111111111111111111111111111111111111111111111111111111111111111
11111111111110101100110111101111110111111011111110111001111110111111111111111111111111111111111100110110011111111111111111111111
11111111111110101100110111101111110111111011111110111001111110110111111111111111111111111111111100110110011101110111000111111111
11111111111111101100110111101111111111111011111110111001111110110111111111111111111111111111111100111100011101110111000111111111
11111111111111101100110111101111111111111011111110111001111110111111111111011111111111111111111100110100011111110111000111111111
11111111111111101100110111101111111111111011110110111001111110111111111111011111111101111111111100111110011111110110001111111111
11111111111111101100110111101111111111111011110110111011111110111111111111011111111111111111011100111110011111110111001111111111
11111111111111101000110111101111111111011011110110111011111110111111111111011111111111111111011100111100011111110110001111111111
11111111111111101000110111101111111111011011110100111011011110111101111111011111111101111111011100111100011111110110001111111111
11111111111111111000110111101111111111111011110100111011011110111101111111011111111101111111011100111100011111110110001111111111
11111111111111111000110111101111111111011011110100111011011110111101111111011111111101111111011100111100011111110110001111111111
11111111111111111000110111101111111111011011111100111011011110111101111111010111111101111111011100111100011111110110101111111111
11111111111111111000110111101111111111011011111100111011011110111101111111110111111101111111111100111100011111110110101111111111
11111111111111111000110111111101111111011011111100111011011110111101111111110111111101111111111100111100011111111110101111111111
11111111111111111000110111111101111111011011111100111011011110111111111111110111111101111111111100111100011011111110001111111111
11111111111111111000110111111101111111011011111100111011111110111111011111110111111111111111111100111100011011110110101111111111
11111111111111111000110111111101111111011011111100111011111110111111011111110111111111011111111100111100011011111110101111111111
11111111111111111000110111111101111111111011111100111011111110111111011111110111111111011111111100111100011011111110101111111111
11111111111111111000110111111101111111111011111100111011111110111111011111110111111111011111111000111100011011111110101111111111
11111111111111111000110111111101111111111011111100111011111110111111011111111111111111011111111000111100111011111110001111111111
11111111111111111001110111111101111111111011111100111011111100111111011111111110111111011111111000111100011011111110001111111111
11111111111111111001110111111101101111110011111100111011111100111111011111111110111111011111111000111100011011111110101111111111
11111111111111111001110111111101101111110011111100111011111100111111011111111110111111011111111000111100011011111110101111111111
11111111111111111001110111111111101111110011111101111011111100111111111111111110111111011111111000111100011011111110101111111111
11111111111111111001100111111111101111110011111101111011111100111111111111111110111111011111111000111100111011111110101111111111
11111111111111111001100111111111101111110011111101110011111100111111111111111110111111011111111000111100111011111110101111111111
11111111111111111001100111111111101111110011111101110011111100111111111111111110111111111111111001111100111011111110001111111111
11111111111111111001100111111111101111110011111101110011111100111111111111111110111111111111111001101100111011111110001111111111
11111111111101111001100111111111101111110011111101110011111101111111111111111110111111111111111001101100111011111110101111111111
11111111111101111001100111111111101111110111111101110011111101111111111111111110111111111111111001101100111011101111101111111111
11111111111101111001101111111111101111110111111101110011111101111111111111111111111111111111111001101100111011101111101111111111
11111111111101111001100111111111101111110111111101110011111101101111111111111111111111111111111001101100111011101110001111111111
11111111111101111001101111111111101111110111111101110011111101101111111111111111111111111111111001111100111011111111001111111111
11111111111101111001101111111111101111110111111101110011111101101111111111111111111111111111111001101100111111101110111111111111
11111111111101111001101111111111111111110111111101110111111101101111111110111111111111111111111001101000111111101111111111111111
11111111111101011001101111011111101111110111111101110111111101111111111110111111111111111111111001101100111111101110111111111111
11111111111101011001101111011111111111110111101101110111111101111111111110111111111111111111111001111000111111101111111111111111
11111111111101011001101111011111111111110111101101110111111101111111111110111111111111111110111001111000111111101111111111111111
11111111111101011001101111011111111110110111101001110110111101111011111110111111111011111110111001111000111111101111011111111111
11111111111101011001101111011111111110110111101001110110111101111011111110111111111011111110111001111000111111101111111111111111
11111111111101011001101111011111111110110111101001110110111101111011111110111111111011111110111001111000111111101111111111111111
11111111111111011001101111011111111110110111101001110111111101111011111111101111111011111110111001111000111111101111111111111111
11111111111111011001101111011111111110110111111001110111111101111111111111101111111011111110111001111000111111101101111111111111
11111111111111011001101111011111111110110111111001110111111101111111111111101111111011111110111001111000111111101101111111111111
11111111111111010001101111011111111110110111111001110111111101111110111111101111111010111111111001111000111111101101011111111111
11111111111111010001101111011111111110110111111001110111111101111110111111101111111010111111111001111000111111101101111111111111
11111111111111110001101111011011111110110111111001110111111101111110111111101111111110111111111001111000111111101101111111111111
11111111111111110001101111111011111110110111111001110111111101111110111111101111111110111111110001111000110111101101111111111111
11111111111111110001101111111011111110110111111001110111111101111110111111111111111110111111110001111000110111101101011111111111
11111111111111110001101111111011111111110111111011110111111101111111111111111101111110111111110001111000111111111100011111111111
11111111111111110001101111111011111111110111111011110111111001111111111111111101111110111111110001111000110111111101011111111111
11111111111111110001101111111011111111100111111011110111111001111111111111111101111110111111110001111000110111111101011111111111
11111111111111110001101111111011111111100111111011110111111001111111111111111101111110111111110001111001110111111101011111111111
11111111111111110001101111111011011111100111111011100111111001111111111111111101111110111111110001111001110111111101011111111111
11111111111111110001101111111111011111100111111011100111111001111111111111111101111111111111110001111001110111111101011111111111
11111111111111110001101111111111011111100111111011100111111011111111111111111101111111111111110001111000110111111100011111111111
11111111111111110001101111111111011111100111111011100111111011111111111111111101111111111111110001111001110111111101011111111111
11111111111111110001101111111111011111100111111011100111111011111111111111111101111111111111110001011001110111111101011111111111
11111111111111110001101111111111011111100111111011100111111011111111111111111101111111111111110001011001110111111101011111111111
11111111111111110011001111111111011111100111111011100111111011011111111111111101111111111111110011011001110111111101011111111111
11111111111111110011101111111111011111101111111011100111111011011111111111111111111111111111110011011001110111111111011111111111
11111111111111110011001111111111011111101111111011100111111011011111111111111111111111111111110011011001110111111111011111111111
11111111111111110011001111111111011111101111111011100111111011011111111101111111111111111111110011011001110111011111011111111111
11111111111111110011001111111111011111101111111011100111111011111111111101111111111111111111110011011001110111111111011111111111
11111111111111110011001111111111011111101111111011100111111011110111111101111111111111111111110011011001110111111111011111111111
11111111111111110011001111111111011111101111111011101111111011110111111101111111110111111111110011011001111111011101111111111111
11111111111111110011011111111111111111101111011011101101111011110111111101111111110111111101110011110001111111011111111111111111
11111111111111110011011111111111111111101111011011101101111011110111111101111111110111111101110011110001111111011111011111111111
11111111111111110011011111111111111111101111010011101101111011110111111101111111110111111101110011110001111111011111111111111111
11111111111011110011011110111111111111101111010011101101111011111111111111011111110111111101110011110001111111011110111111111111
11111111111011110011011110111111111111101111010011101101111011111111111111011111110111111101110011110001111111011111111111111111
11111111111011110011011110111111111101101111010011101101111011111101111111011111110111111101110011110001111111011111111111111111
11111111111110110011011110111111111101101111110011101101111011111101111111011111110111111101110011110001111111011111111111111111
11111111111010110011011110111111111101101111110011101111111011111101111111011111110101111111110011110001111111111111111111111111
11111111111010110011011110111111111101101111110011101111111011111101111111011111110101111111110011110001111111111111111111111111
11111111111010110011011110111111111101101111110011101111111011111101111111011111110101111111110011110001111111111111111111111111
11111111111010110011011110111111111101101111110011101111111011111101111111111111111101111111100011110001111111111011111111111111
11111111111010110011011110111111111101101111110011101111111011111101111111111111111101111111100011110001111111011011111111111111
11111111111010110011011110110111111101101111110011101111110011111111111111111011111101111111100011110001111111111011111111111111
11111111111010110011011110110111111111101111110011101111110011111101111111111011111101111111100011110001111111111011111111111111
11111111111010110011011110110111111111101111110111101111110011111111111111111011111101111111100011110011101111111011111111111111
11111111111010110011011111110111111111001111110111101111110011111111111111111011111101111111100011110011101111111010111111111111
11111111111110110011011111110111111111001111110111001111110011111111111111111011111111111111100011110011101111111010111111111111
11111111111110110011011111110111111111001111110111001111110011111111111111111011111111111111100011110011101111111010111111111111
11111111111110100011011111110111111111001111110111001111110011111111111111111011111101111111100011110011101111111010111111111111
11111111111111100011011111110111111111001111110111001111110111111111111111111011111111111111100010110011101111111010111111111111
11111111111111100011011111110111111111001111110111001111110110111111111111111011111111111111100010110011101111111010111111111111
11111111111111111111011111110110111111001111110111001111110110111111111111111111111111111111100111110011101111111110111111111111
11111111111111111111111111111111111111011111110111001111110110111111111111111111111111111111100111110011101111111010111111111111
11111111111111111111111111111111111111111111111111111111110110111111111011111111111111111111100110110011111111111110111111111111
11111111111111111111111111111111111111111111111111111111111110111111111111111111111111111111100110110011101111111110111111111111
11111111111111111111111111111111111111111111111111111111111111111111111111111111111111111111111111110011111111111110111111111111
11111111111111111111111111111111111111111111111111111111111111111111111111111111111111111111111111111111111111111110111111111111
11111111111111111111111111111111111111111111111111111111111111101111111111111111111111111111111111111111111111111111111111111111
11111111111111111111111111111111111111111111111111111111111111101111111111111111111111111111111111111111111111111111111111111111
11111111111111111111111111111111111111111111111111111111111111101111111111111111111111111111111111111111111111111111111111111111
11111111111111111111111111111111111111111111111111111111111111111111111111111011111101111111111111111111111111111111111111111111
11111111111111111111111111111111111111111111111111111111111111111111111111111111111111111111111111111111111111111111111111111111
11111111111111111111111111111111111111111111111111111111111111111111111111111111111111111111111111111111111111111111111111111111
11111111111111111111111111111111111111111111111111111111111111111111111111111111111111111111111111111011111111111111111111111111
11111111111111111111111111111111111111111111111111111111111111111111111111111111111111111111111111111111111111111111111111111111
11111111111111111111111111111111111111111111111111111111111111111111111111111111111111111111111111111111111111111111111111111111
11111111111111111111111111111111111111111111111111111111111111111111111111111111111111111111111111111111111111111111111111111111
11111111111111111111111111111111111111111111111111111111111111111111111111111111111111111111111111111111111111111111111111111111
11111111111111111111111111111111111111111111111111111111111111111111111111111111111111111111111111111111111111111111111111111111
11111111111111111111111111111111111111111111111111111111111111111111111111111111111111111111111111111111111111111111111111111111
11111111111111111111111111111111111111111111111111111111111111111111111111111111111111111111111111111111111111111111111111111111
11111111111111111111111111111111111111111111111111111111111111111111111111111111111111111111111111111111111111111111111111111111
11111111111111111111111111111111111111111111111111111111111111111111111111111111111111111111111111111111111111111111111111111111
11111111111111111111111111111111111111111111111111111111111111111111111111111111111111111111111111111111111111111111111111111111
11111111111111111111111111111111111111111111111111111111111111111111111111111111111111111111111111111111111111111111111111111111
11111111111111111111111111111111111111111111111111111111111111111111111111111111111111111111111111111111111111111111111111111111