11111111111111111111111111111111111111111111111111111111111111111111111111111111111111111111111111111111111111111111111111111111
11111111111111111111111111111111111111111111111111111111111111111111111111111111111111111111111111111111111111111111111111111111
11111111111111111111111111111111111111111111111111111111111111111111111111111111111111111111111111111111111111111111111111111111
11111111111111111111111111111111111111111111111111111111111111111111111111111111111111111111111111111111111111111111111111111111
11111111111111111111111111111111111111111111111111111111111111111111111111111111111111111111111111111111111111111111111111111111
11111111111111111111111111111111111111111111111111111111111111111111111111111111111111111111111111111111111111111111111111111111
11111111111111111111111111111111111111111110111111111111111101111111111111111111111111110111111111111111111111111111111111111111
11111111111111111111111111111110111111111111111111111111111111111111111111111111111111111111111111111111111111111111111111111111
11111111111111111111111111111111111111111111111111111111111111111111111111111111111111111111111111111111111111111111111111111111
11111111111111111111111111111111111111111111111111111111111111111111111111111001111001111111111111111111110111111111111111111111
11111111111111111111111111111111101111111111111111111111111111111111111111111111111111111111111011111111111111111111111111111111
11111111111111111111111111111111111111111111111111111111111111111111111111111111111111111111111111111011111111111111111111111111
11111111111110011110111101011111111111111111111111111111111111111111111111111111111111111111111111111111111111111111111111111111
11111111111111111111111111111111111111111111111111111111111111111111111111111111111111111111111111111111111111111111111111111111
11111111111111111111111111111111111111111111111111111111111111111111111111111111111111111111111111111111111111111111111111111111
11111111111111111111111111111111111111111111111111111111111111111111111111111111111111111111111111111111111111111111111111111111
11111111111111111111111111111111111111111111111111111111111111111111111111111111111111111111111111111111111111111111111111111111
11111111111111111111111111111111111111111111111111111111111111111111111111111111111111111111111111111111111111111111111111111111
11111111111111111111111111111111111111111111111111111111111111111111111111111111111111111111111111111111111111111111111111111111
11111111111111110011111111111111111111111111111111111111111111111111111111111111111111111111111111111111111111111111111111111111
11111111111011110011101111111111111111110110001101110011110111111111111111111111111111100110011111111001111111001111111111111111
11111111111011110011101111011111111111110110001101110011110110111111111111111111111111100110011111111001111111001111111111111111
11111111111011110011101111011111111111110110001101110011110110111111111111111111111111100110011111111001111111001111111111111111
11111111111011110001101111011111111111110110001101110011110110111111111111111111111111100110011111111001111111001111111111111111
11111111111011110001101111011111111111110110001101110011110110111111111111111111111011100110011111111001111111001111111111111111
11111111111011110001101111011111111111110110001101110011110110111111111111111111111011100110011111111001111111001111111111111111
11111111111011110001101111011111111111110110001101110011110110111111111111111111111111100110011111111001111111001111111111111111
11111111111011110001101111111111111111110110001101110011110110111111111111111111111011100110011111111001111111001111111111111111
11111111111011110001101111111111111111110110001101110011110110111111111111111111111011100110011111111001111111001111111111111111
11111111111011110001101111111111111111110110001101110011110110111111111111111111111011100110011111111001111111001111111111111111
11111111111011110001101111111111111111110110001101110011110110111111111111111111111011100110011111111001111111001111111111111111
11111111111011110001101111111111111111110110001101110011110111111111111111111111111011100110011111111001111111001111111111111111
11111111111111110001101111111111101111110110001101110011110111111111111111111111111011100110011111111001111111001111111111111111
11111111111111110001101111111111101111110110001101110011110111111111111111111111111011100110011111111001111111001111111111111111
11111111111111110001101111111111111111110110001101110011110111111111111111111111111011100110011111111001111111001111011111111111
11111111111111110001101111111111111111110110001101110011110111111111111111111111111011100110011111111001111111001111011111111111
11111111111111110001101111111111111111110111001101110011110111111111111111111111111011100110011111111001111111001111011111111111
11111111111111110001101111111111111111110111001101110011110111111111111111111111111011100110011111111001111111001111011111111111
11111111111111110001101111111111111111110111001101110011110111111111111111111111111011100110011111111001111111001111111111111111
11111111111111110001101111111111111111110111001101110011110111111111111111111111111111100110011111111001111111001111111111111111
11111111111111110001101111111111111111110111001101110011110111111111111111111111111111100110011111111001111111001111111111111111
11111111111111110001101111111111111111110111001101111011110111111111111111111111111111100110011111111001111111001111111111111111
11111111111111110001101111111111111111110111001101111011110111111111111111111111111111100110011111111001111111001111111111111111
11111111111111110001101111111111111111110011001101111011110111111111111111111111111111100110011111111001111111001111111111111111
11111111111111110001101111111111111111110011001101111011110111111111111111111111111011100110011111111001111111001111111111111111
11111111111111110001101111111111111111110011001101111011110111111111111111111111111011100110011111111001111111001111111111111111
11111111111111110001101111111111111111110011001101111011110111111111111111111111111111100110011111111001111111001111111111111111
11111111111111110001101111111111111111110011001101111011110111111111111111111111111011100110011111111001111111001111111111111111
11111111111111110001101111111111111111110011001101111011110111111111111111111111111011100110011111111001111111001111111111111111
11111111111111110001101111111111111111110011001101111011110111111111111111111111111011100110011111111001111111001111111111111111
11111111111111110001101111111101111111110011001101111011110111111111111111111111111111100110011111111001111111001111111111111111
11111111111111110001100111111101111111110011001100111011110111111111111111111111111111100110011111111001111111001111111111111111
11111111111111110001100111111101111111110011001100111011110011111111111111111111111111100110011111111001111111001111111111111111
11111111111111111001100111111101111111110011001100111011110011111111111111111111111111100110011111111001111111001111111111111111
11111111111111111001100111111101111111110011001100111011110011111111111111111111111111100110011111111001111111001111111111111111
11111111111111111001100111111101111111110011001100111011110011111111111111111111111111100110011111111001111111001111111111111111
11111111111111011001100111111101111111110011001100111011111011111111111111111111111111100110011111111001111111001111111111111111
11111111111111011001100111111101111111110011001100111011111011111111111111111111111111100110011111111001110111001111111111111111
11111111111111011001100111111111111111111011001100111011111011111111111111111111111111100110011111111001110111001111111111111111
11111111111111011001100111111111111111111011001100111011111011111111111111111111111111100110011111111001110111001111111111111111
11111111111111011001100111111111111111111011001100111011111011111111111111111111111111100110011111111001110111001111111111111111
11111111111111011001100111111111111111111011001100111011111011111111111111111111111111100110011111111001110111001111111111111111
11111111111111011001100111111111111111111011001100111011111011111111111111111111111111100110011111111001110111001111111111111111
11111111111111011001100111111111111111111011001110111011111011111111111111111111111111100110011111111001110111001111111111111111
11111111111111011001100111111111111111111011001110111011111011111111111111111111111111100110011111111001110111001111111111111111
11111111111101011001100111111111111111111011001110111011111011111111111111111111111111100110011111111001110111001111111111111111
11111111111101011001100111111111111111111011001110111011111011111111111111111111111111100110011111111001110111001111111111111111
11111111111101111001100111111111111111111011001110111011111011111111111111111111111111100110011111111001110111001111111111111111
11111111111101111001100111111111111111111011001110111011111011111111111111111111111111100110011111111001110111001111111111111111
11111111111101111001100111111111111111111011000110111011111011111111111111111111111111100110011111111001110111001111111111111111
11111111111101111000100111111111111111111011000110111011111011111111111111111111111111100110011111111001111111001111111111111111
11111111111101111000100111111111111111111011000110111011111011111111111111111111111111100110011111111001111111001111111111111111
11111111111101111000100111111111111111111011000110111011111011111111111111111111111111100110011111111001111111001111111111111111
11111111111101111000100111111111111111111011000110111011111011111111111111111111111111100110011111111001111111001111111111111111
11111111111111111000100111111111111111111011000110111011111011111111111111111111111111100110011111111001111111001111111111111111
11111111111111111000100111111111111111111011000110111011111011111111111111111111111111100110011111111001111111001111111111111111
11111111111111111000100111111111111111111011000110111011111011111111111111111111111111100110011011111001111111001111111111111111
11111111111111111000110111111111111111111011000110111011111011111111111111111111111111100110011011111001111111001111111111111111
11111111111111111000110111111111111111111011000110111011111011111111111111111111111111100110011111111001111111001111111111111111
11111111111111111000110111111111111111111011000110111011111011111111111111111111111111100110011111111001111111001111111111111111
11111111111111111000110111111111111111111011000110111011111011111111111111111111111111100110011011111001111111001111111111111111
11111111111111111000110111111111111111111011000110111011111011111111111111111111111111100110011011111001111111001111111111111111
11111111111111111000110111111111111111111011000110111011111011111111111111111111111111100110011011111001111111001111111111111111
11111111111111111000110111111111111111111011000110111011111011111111111111111111111111100110011011111001111111001111111111111111
11111111111111111000110111111111111111111011000110111011111011111111111111111111111111100110011011111001111111001111111111111111
11111111111111111000110111111111111111111011000110111011111011111111111111111111111111100110011011111001111111001111111111111111
11111111111111111000110111111111111111111011000110111011111011111111111111111111111111100110011011111001111110001111111111111111
11111111111111111000110111111111111111111011000110111011111011111111111111111111111111100110011011111001111110001111111111111111
11111111111111111000110111111111111111111011000110111011111011111111111111111111111111100110011011111001111110001111111111111111
11111111111111111000110111111111111111111011000110111011111011111111111111111111111111100110011011111001111110001111111111111111
11111111111111111000110111111111111111111011000110111011111011111111111111111111111111100110011011111001111110001111111111111111
11111111111111111000110111111111111111111011000110111001111011111111111111111111111111100110011011111001111110001111111111111111
11111111111111111000110111111111111111111011000110111001111011111111111111111111111111100110011011111001111110001111111111111111
11111111111111111100110111111111111111111011000110111001111011111111111111111111111111100110011011111001111110001111111111111111
11111111111111101100110111111111111111111011000110111001111011111111111111111111111111100110011011111001111110001111111111111111
11111111111111101100110111111111111111111011000110111001111011111111111111111111111111100110011011111001111110001111111111111111
11111111111111101100110011111111111111111011000110111001111011111111111111111111111111100110011011111001111110001111111111111111
11111111111111101100110011111111111111111011000110111001111011111111111111111111111111100110011011111001111110001111111111111111
11111111111111101100110011111111111111111011000110111001111011111111111111111111111111100110011011111001111110001111111111111111
11111111111111101100110011111111111111111011000110111001111011111111111111111111111111100110011011111001111110001111111111111111
11111111111111101100110011111111111111111001100110111001111011111111111111111111111011100110011011111001111110001111111111111111
11111111111111101100110011111111111111111001100110111001111011111111111111111111111011100110011011111001111110001111111111111111
11111111111111101100110011111111111111111001000110111001111011111111111111111111111011100110011011111001111110001111111111111111
11111111111111101100110011111111111111111001100110111001111011111111111111111111111011100110011011111001111110001111111111111111
11111111111111101100110011111111111111111001100110111001111011111101111111111111111011100110011011111001111110001111111111111111
11111111111111101100110011111111111111111001100110111001111011111101111111111111111011100110011011111001111110001111111111111111
11111111111111101100110011111111111111111001100110111001111011111101111111111111111011100110011011111001111110001111111111111111
11111111111111101100110011111111111111111001100110111001111011111101111111111111111111100110011111111011111111111111111111111111
11111111111111101100110011111111111111111011100110111111111111110101111111111111111111111111111111111111111111111111111111111111
11111111111110111111111111111111111111111111111111111111111111110101111111111111111111111111111111111111111111111111111111111111
11111111111110111111111111111111111111111111111111111111111111110101110000111111111110001111111011111111111011111111111111111111
11111111111110111110000011111011111000001111000111110111101101110101111110111111111110111111011111111011111111111111111111111111
11111101111110111111111011111111111111101110111111100111111111110101111111111111101110111111111101111111111011111111111111111111
11111110111110111111111111101111111111111110111111111111111110110101111111111111111110111111111101111111111000111111111111111111
11111110111110111111111111111111111111111111010111111111111110111111111111111100011111111111011111111111111111111111111111111111
11111110111111111111101111110001111110111111000111111111111110111111111011111111111111110111100011111111111111111111111111111111
11101110111111111111111111111111111111111111111111111111111110111111111111111011111111110111111011110000111111111111111111111111
11111001111111111111111111111110111111111111111011111111111110111111111111111011111111111111110111111111111111111111111111111111
11111101111111111111011111111110111101111111111011111111111111111111111111111111101111101111111111111111111001111111111111111111
11111111111111111111111111101111111101111110111111111111111101111111111111111110111111111111111111111111111111111111111111111111
11111111111111111111011111110001111111111111111111111111111111111111111111111111111111111111111111111111111111111111111111111111
11110111111111111111111111111111111111111111111111111111111111111111111111111111111111111111111111111111111111111111111111111111
11111111111111111111111111111111111111111111111111111111111111111111111111111111111111111111111111111111111111111111111111111111
11111111111111111111111111111111111111111111111111111111111111111111111111111111111111111111111111111111111111111111111111111111
11111111111111111111111111111111111111111111111111111111111111111111111111111111111111111111111111111111111111111111111111111111
11111111111111111111111111111111111111111111111111111111111111111111111111111111111111111111111111111111111111111111111111111111
11111111111111111111111111111111111111111111111111111111111111111111111111111111111111111111111111111111111111111111111111111111
11111111111111111111111111111111111111111111111111111111111111111111111111111111111111111111111111111111111111111111111111111111