11111111111111111111111111111111111111111111111111111111111111111111111111111111111111111111111111111111111111111111111111111111
11111111111111111111111111111111111111111111111111111111111111111111111111111111111111111111111111111111111111111111111111111111
11111111111111111111111111111111111111111111111111111111111111111111111111111111111111111111111111111111111111111111111111111111
11111111111111111111111111111111111111111111111111111111111111111111111111111111111111111111111111111111111111111111111111111111
11111111110111111111111111111111111111111111111111111111111111111111111111111111111111111111111111111111111111111111111111111111
11111111111111111111011111111111111111111111111111111111111111111111111111111111111111111111111111111111111111111111111111111111
11111111111111111111011111111111111111111111111111111111111111111111011111111111111111111111111111111111111111111111111111111111
11111111111111011111111111111111111111111111111111111111111111111111111111111111111111111111111111111111111111111111111111111111
11111111111111111111111111111111110111111111111111011111111111111111111111111111111111111111111111111111111111111111111111111111
11111111111111111111111111111111111111111111111111111111111111111111111111111111111111111111111111111111111111111111111111111111
11111111111111111111111111111111111111111111111111111111111111111111111111111111111111111111111111111111111111111111111111111111
11111111111111111111111111111111111111111111111111111111111111111111111111111111111111111111111111111111111111111111111111111111
11111111111111111111111111111111111111111111111111111111111111111111111111111111111111111111111111111111111111111111111111111111
11111111111111111111111111111111111111111111111111111111111111111111111111111111111111111111111111111111111111111111111001111011
11111111111111111111111111111111111111111111111111111111111111111111111111111111111111111111111111111111111111111111111111111101
11111111111111100110011111111111111111111111111111111111111111111111111111111111111111111111111111111111111111111111111111111101
11111111111111100110011111111111111111100111111101110111111111111111111111111111111111111111111111111111111111111111111111111111
11111111111111100110011111111111111111100111111001110111111100111111111111111111111111111111111111111111111111111111111111111111
11111111111111100110011111111111111111100111111001110111111100111111111111111111111110011111111111111111111111111111111111111111
11111111111111100110011111111111111111100111111001110111111100111111011111111111111110011111101110111111111111111111111111111111
11111111111111100110011111111111111111100111111001110111111100111111011111110111111100011111001110110111111111111111111111111111
11111111111111000110011111111111111111101111111001110111111100111111011111110111111100011111001110110111111111111111111111111111
11111111111111000110011111111111111111101111111001110110111100111111111111110111111100011111001110111111111111111111111111111111
11111111111111000110011111111111111111101111111001110110111100111111111111110111111100011111001110111111111111111111111111111111
11111111111111000110011111111111111111101111111001110110111101111111111111110111111100011111001110111111111111111111111111111111
11111111111111000110111111111111111111101111111001110110111101111111111111110111111100011111001110111111111111111111111111111111
11111111111111000110111111111111111111101111111001110110111101111111111111111111111100011111001110111111111111111111111111111111
11111111111111000110111111110111111111101111111001110110111101111111111111111111111100011111001110111111111111111111111111111111
11111111111111000110111111110111111111101111111001110110111101111111111111111111111100011111011110111111111111111011111111111111
11111111111111000110111111110111111111101111111001110111111101111111111111111111111100011111011110111111111111111011111111111111
11111111111111000110111111110111111111101111111001110111111101111111111111111111111100011111011110111111111111111011111111111111
11111111111111000110111111110111111111101111111011110111111101101111111111111111111100011111011110111111111111111011111111111111
11111111111111000110111111110111111111101111111011110111111101101111111111111111111100011111011110111111111111111011111111111111
11111111111111000110111111110111111111101111111011110111111101101111111111111111111100011111011110111111111111111011111111111111
11111111111111000110111111110111111111101111111011110111111101101111111111111111111100011111011110111111111111111111111111111111
11111111111111000110111111110111111111101111111011110111111101101111111111111111111100111111011110111111111111111110111111111111
11111111111111000110111111110111111111101111111011110111111101111111111111111111111100111111011110111111101111111110111111111111
11111111111111000110111111110111111111101111111011110111111101111111111111111111111100111111011110111111101111111110111111111111
11111111111111000110111111111111111101101111111011110111111101111111111111111111111100111111011110111111101111111110101111111111
11111111111111000110111111111111111101101111111011110111111101111111111111111111111100111111011110111111101111111110101111111111
11111111111111000110111111111111111101101111111011110111111101111111111111111111111100111111011100111111111111111110101111111111
11111111111111000110111111111111111101101111111011110111111101111111111111111111111100111111011100111111111111111110101111111111
11111111111111000110111111111111111101101111111011110111111101111111111111111111011100111111011100111111111111111110101111111111
11111111111111000110111111111111111111101111111011110111111101111011111111111111011100111111011100111111111111111111101111111111
11111111111111000110111111111111111111101111111011110111111101111011111111111111011100111011011100111111111011111111101111111111
11111111111111000110111111111111111111101111111011100111111101111011111111111111011100111011011101111111111011111111101111111111
11111111111111000110111111111111111111101111111011100111111101111011111111111111111100111011011101111111111111111111101111111111
11111111111111000110111111111111111111101111011011100111111101111111111110111111111100111011011101111111111111111111111111111111
11111111111111000110111111111111111111101111011011100111111101111111111110111111111100111111011101111111111111111111111111111111
11111111101111000110111111111111111111101111011011100111111101111111111110111111111100111111011101111111111111111111111111111111
11111111101111000110111111111111111111101111011011100111111101111111111111111111111100111111011101101111111111111111111111111111
11111111101111000110111111111111111111101111011011100111111001111111111111111111111100111111011101101111111111111111111111111111
11111111101111000110111111111111111111101111111011100111111001111111111111111111111100111111011101101111111111111111111111111111
11111111101111000110111111111111111111001111111011100111111001111111111111111111111100111110011101101111111111111111111111111111
11111111101111001110111111111110111111001111111011100111111001111110111111111111111100111110011101111111111111111111111111111111
11111111101111000110111111111110111111001111111011100111111001111110111111101111111100111110011101111111111111111111111111111111
11111111101111001110111101111110111111001111111011101111111001111110111111101111111000111110011101111111111111111111111111111111
11111111101111001110111101111110111111001111111011101111111001111111111111101111111000111110011101111111111111111111111111111111
11111111101111001110111101111110111111001111111011101111111001111111111111101111111000111110011101111111111111111111111111111111
11111111101111001110111101111110111111001111111011101111111001111111111111101111111000111110011101111111111111111111111111111111
11111111101111001110111101111111111111001111111011101111111011111111111111111111111000111110111101111111111111111111111111111111
11111111101111001110111101111111111111001111111011101111111011111111111111111111111000111110111101111111111111110111111111111111
11111111101111001110111101111111111111001111111011101111111011111111111111111111111000111110111101111111111111110111111111111111
11111111101111001110111101111111111111001111110011101111111011111111111111111111111000111110111101111111111111111111111111111111
11111111101111001110111101111111111111001111110011101111111011111111111111111111111000111110111101111111111111111111111111111111
11111111111111001100111111111111111111001111110011101101111011111111111111111111111000111110111101111111111111111111111111111111
11111111111111001110111111111111111111001111110011101101111011111111111111111111111001111110111101111111111111111101111111111111
11111111111111001100111111111111111111011111110011101101111011111111111111111111111001111110111101111111011111111101111111111111
11111111111111001100111111111111111111011111110011101101111011111111111111111111111001111110111101111111011111111101111111111111
11111111111111001100111111111111111111011111110011101111111011011111111111111111111001111110111101111111011111111101111111111111
11111111111111001100111111111111111111011111110011101111111011011111111111111111111001111110111001111111011111111101011111111111
11111111111111001100111111111111111111011111110011101111111011011111111111111111111001111110111001111111111111111101011111111111
11111111111111001100111111111111111111011111110011101111111011011111111111111111111001111110111001111111111111111101011111111111
11111111111111001100111111111111111111011111110011101111111011111111111111111111111001111110111001111111111111111101011111111111
11111111111111001100111111111111111111011111110111101111111011111111111111111111111001111110111001111111111111111111011111111111
11111111111111001100111111111111111111011111110111101111111011111111111111111111111001111110111001111111110111111101011111111111
11111111111011001100111111111111111111011111110111101111111011111111111111111110111001110110111011111111110111111111011111111111
11111111111011001100111111111111111111011111110111101111111011111111111111111110111001110110111011111111110111111111011111111111
11111111111011001100111111111111111111011111110111101111111011111111111111111111111001110110111011111111111111111111111111111111
11111111111011001100111111111111111111011111110111101111111011111111111111111111111001110110111011111111111111111111111111111111
11111111111011001100111111111111111111011111110111101111111011111111111101111111111001111110111011111111111111111111111111111111
11111111111011001100111111111111111111011111110111101111111011110111111101111111111001111110111011111111111111111111111111111111
11111111111011001100111111111111111111011111110111101111111011110111111101111111111001111110111011011111111111111111111111111111
11111111111011001100111111111111111111011111110111101111111011110111111111111111111001111110111011011111111111111111111111111111
11111111111011001100111111101111111111011111110111101111111011111111111111111111111001111100111011111111111111111111111111111111
11111111111011001100111111111111111111011111110111101111111011111111111111111111111001111100111011111111111111111111111111111111
11111111111111001100111111101111111111011111110111101111111011111111111111111111111001111100111011111111111111111111111111111111
11111111111111001100111111101111111111011111110111101111111011111111111111111111111001111100111011111111111111111111111111111111
11111111111111001100111111101111111011011111110111001111111011111101111111111111111001111100111011111111111111111111111111111111
11111111111111001101111111101111111011011111110111001111111011111101111111111111110001111100111011111111111111111111111111111111
11111111111111001101111111111111111011011111110111001111111011111101111111011111110001111100111011111111111111111111111111111111
11111111111111001101111111111111111011011111110111001111110011111101111111011111110001111100111011111111111111101111111111111111
11111111111111001101111111111111111011011110110111001111110011111101111111111111110001111100111011111111111111101111111111111111
11111111111111001101111111111111111011011111110111001111110011111111111111111111110001111101111011111111111111111111111111111111
11111111111110001101111111111111111111011110110111001111110011111111111111111111110001111101111011111111111111111111111111111111
11111111111110001101111111111111111111011110110111001111110011111111111111111111110001111101111011111111111111111111111111111111
11111111111110001101111111111111111111011110110111001111110011111111111111111111110001111101111011111111111111111111111111111111
11111111111110001101111111111111111111011110110111001111110011111111111111111111110001111101111011111111111111111011111111111111
11111111111110001101111111111111111111011110110111011111110011111111111111111111110011111101111011111110111111111011111111111111
11111111111110001101111111111111111111011111110111011111110111111111111111111111110011111101111011111110111111111011111111111111
11111111111110001101111111111111111111011111110111011111110111111111111111111111110011111101110011111111111111111111111111111111
11111111111110001101111111111111111111011111110111011111110111111111111111111111110011111101110011111111111111111111111111111111
11111111111110001101111111111111111110011111110111011111110111111111111111111111110011111101110011111111111111111111111111111111
11111111111110001101111111111111111110011111110111011111110111111111111111111111110011111101110011111111111111111110111111111111
11111111111110001101111111111111111110011111110111011111110111111111111111111111110011111101110011111111111111111111111111111111
11111111111110001101111111111111111110011111100111011011110110111111111111111111110011111101110011111111111111111111111111111111
11111111111110001101111111111111111110011111100111011011110110111111111111111101110011111101110011111111111111111111111111111111
11111111111110001101111111111111111110011111100111011011110110111111111111111101110011111101110111111111111111111111111111111111
11111111111110001101111111111111111110011111100111011011110110111111111111111101110011101101110111111111111111111111111111111111
11111111111110001101111111111111111110011111100111011111110110111111111111111111110011111101110111111111111111111111111111111111
11111111111110001101111111111111111110011111100111011111110111111111111111111111110011111101110110111111111111111111111111111111
11111111111110001101111111111101111110011111100111011111110111111111111111111111110011111101110110111111111111111111111111111111
11111111111111111111111111111111111111111111100111011111110111111111111011111111110011111101110110111111111111111111111111111111
11111111111111111111111111111111111111111111111111111111111111111111111111111111110011111001110111111111111111111111111111111111
11111111111111111111111111111111111111111111111111111111111111111111111111111111111111111111111111111111111111111111111111111111
11111111111111111111111111111111111111111111111111111111111111111111111111111111111111111111111111111111111111111111111111111111
11111111111111111111111111111111111111111111111111111111111111111111111111111111111111111111111111111111111111111111111111111111
11111111111111111111111111111111111111111111111101111111111111101111111111111111111111111111111111111111111111111111111111111111
11111111111111111111111111111111111111111111111111111111111111101111111111111111111111111110111111001111111111111111111111111111
11110111111111111111111101111111111111101111111111111111111111111111111111111111111111111110111111111111111111111111111111111111
11111111111111111111111111111111111111111111111111111111111111111111111111111111111111111110111111111111111111111111111111111111
11111111111111111111111111111111111111111111111111111111111111111111111111111111111111111111111111011111111111111111111111111111
11111111111111111111111111111111111111111111111111111111111111111111111111111111111111111111111111111111111111111111111110111111
11111111111111111111111111111111111111111111111111111111111111111111111111111111111111111111111111111111111111111111111111111111
11111111111111111111111111111111111111111111111111111111111111111111111111111111111111111111111111111111111111111111111111111111
11111111111111111111111111111111111111111111111111111111111111111111111111111111111111111111111111111111111111111111111111111111
11111111111111111111111111111111111111111111111111111111111111111111111111111111111111111111111111111111111111111111111111111111
11111111111111111111111111111111111111111111111111111111111111111111111111111111111111111111111111111111111111111111111111111111