11111111111111111111111111111111111111111111111111111111111111111111111111111111111111111111111111111111111111111111111111111111
11111111111111111111111111111111111111111111111111111111111111111111111111111111111111111111111111111111111111111111111111111111
11111111111111111111111111111111111111111111111111111111111111111111111111111111111111111111111111111111111111111111111111111111
11111111111111111111111111111111111111111111111111111111111111111111111111111111111111111111111111111111111111111111111111111111
11111111111111111111111111111111111111111111111111111111101111111111111111111101111111111111111111111111111111111111111111111111
11111111111111111111111111111111111111111111111111111111111111111111111111111111111111111111111111111111111111111111111111111111
11111111111111111111110111111111111111111111111111111111111111111101111111111111111111111111111111101111111111011111111111111111
11111111111111111111110111111111111111111111101111001111111110011111111111111111111111111111111111111111111111111111111100111111
11111111111111111111111111111111111111111111111111111111111111111111111111111111111111111111111111111111111111111111111111111111
11111111111111111111111101111111111111111111111111111111111111111111111111111111111111111111111111111111111111111111111111111111
11111111111111111111111111111111111111111111111111111111111111111111111111111011111111111111111111111111111111111111111111111111
11111111111111111111111111111111111111111111111111111111111111111111111111111111111111111111111111111111111111111111111111111111
11111111111111111111111111111111111111111111111111111111111111111111111111111111111111111111111111111111111111111111111111111111
11111111111111111111111111111111111111111111111111111111111111111111111111111111111111111111111111111111111111111111111111111111
11111111111111111111111111111111111111111111111111111111111111111111111111111111111111111111111111111111111111111111111111111111
11111111111111111111111111111111111111111111111111110111000111111111111001111100011111111100111111111001100111111101111111111111
11111111111111111100110111111111111111111011111111100011000111111111111001111100011111111100011111111001100111111101111111111111
11111111111111111100110111111111111111111011111111100011000111111111111001111100011111111100011111111001100111111101111111111111
11111111111111111100110111111111111111111011111111100011000111111111111001111100011111111100011111111001100111111111111111111111
11111111111111111100110111111111111111111011111111100011000111111111111001111100011111111100011111111001100111111111111111111111
11111111111111111100110111111111111111111011111111100011000111111111111001111100011111111100011111111001100111111101111111111111
11111111111111101100110111111111111111111011111111100011000111111111111001111110011111111100011111111001100111111111111111111111
11111111111111101100110111111111111111111011111111100011000111111111111001111110011111111100011111111001100110111111111111111111
11111111111111111100110111111111111111111011111111100011000111101111111001111110011111111100011111111001100111111111111111111111
11111111111111101100110111111111111111111011111111100011000111101111111001111110011111111100011111111001100111111111111111111111
11111111111111101100110111111111111111111011111111110011000111101111111001111110011111111100011111111001100111111111111111111111
11111111111111101100110111111111111111011011111111110011000111101111111001111110011111111100011111111001100110111111111111111111
11111111111111101100110111111111111111011011111111110011000111101111111001111110011111111100011111111001100111111111111111111111
11111111111111101100110111111111111111011011111111110011000111101111111001111110011111111100011111111001100111111111111111111111
11111111111111101100110111111111111111111011111111110011000111101111111001111110011111111100011111111001100111111111111111111111
11111111111111111100110111111111111111111011111111110011000111111111111001111110011111111100011111111001100111111111111111111111
11111111111111111100110111111111111111111011111111110011000111111111111001111110011111111100011111111001100111111111111111111111
11111111111111111100110111111111111111111011111111110011000111111111111001111110011111111100011111111001100111111111111111111111
11111111111111111100110111111111111111111011111111110011000111111111111001111110011111111100011111111001100111111111111111111111
11111111111111111100110111111111111111111011111111110011000111111111111001111110011111111100011111111001100010111111111111111111
11111111111111111100110111111111111111111011111111110011000111111111111001111110011111111100011111111001100010111111111111111111
11111111111111111100110111111111111111111011111111110011000111111111111001111110011111111100011111111001100011111111111111111111
11111111111111111100110111111111111111111011111111110011000111111111111001111110011111111100011111111001100010111111111111111111
11111111111111111100110111111111111111111011111111110011000111111111111001111110011111111100011111111001100010111111111111111111
11111111111110111100110111111111111111111011111111110011000111111111111001111110011111111100011111111000100011111111111111111111
11111111111110111100110111111111111111111011111111110011000111111111111001111110011111111100011111111000100011111111111111111111
11111111111110111100110111111111111111111011111111110011000110111111111001111110011111111100011111111000100011111111111111111111
11111111111110111100110111111111111111111011111111110011000110111111111001111110011111111110011111111000100011111111111111111111
11111111111110111100110111111111111111111011111111110011000110111111111001111110011111111110011111111000100011111111111111111111
11111111111110111100110111111111111111111011111111110011000111111111111001111110011111111110011111111000100011111111111111111111
11111111111110111100110111111111111111111011111111110011000111111111111001111110011111111110011111111000100011111111111111111111
11111111111110111100110111111111111111111011111101110011000111111111111001111110011111111110011111111000100011111111111111111111
11111111111110111100110111111111111111111011111101110011000111111111111001111110011111111110011111111000100011111111111111111111
11111111111110111100110011111111111111111011111101110011000111111111111001111110011111111110011111111000100011111111111111111111
11111111111110111100110011111111111111111011111111110011000111111111111001111110011111111110011111111000110011111111111111111111
11111111111110111100110111111111111111111011111111110011000111111111111001101110011111111110011111111000110011111111111111111111
11111111111110111100110111111111111111111011111111110011000111111111111000101110011111111110011111111000110011111111111111111111
11111111111110111100110011111111111111111011111111110011000111111111111001111110011111111110011111111000110011111111111111111111
11111111111110111100110011111111111111111011111111110011000111111111111001111110011111111110011111111000110011111111111111111111
11111111111111111100110011111111111111111011111111110011000011111111111000111110011111111110011111111000110011111111111111111111
11111111111111111100110011111111110111111011111111110011000011111111111000111110011111111110011111111000110011111111111111111111
11111111111111111100110011111111111111111011111111110011000011111111111000111110011111111110011111111000110011111111111111111111
11111111111111111100110011111111111111111011111111110011000011111111111000111110011111111110011111111000110011111111111111111111
11111111111111111100110011111111111111111011111111110011000011111111111000111110011111111110011111111000110011111111111111111111
11111111111111111100110011111111111111111011110111110011000011111111111000111110011111111110011111111000110011111111111111111111
11111111111111111100110011111111111111111011110111110011000011111111111000111110011111111110011111111000110011111111111111111111
11111111111111111100110011111111111111111011110111110011000011111111111000111110011111111110011111111000110011111111111111111111
11111111111111111100110011111111111111111011110111110011000011111111111100111110011111111110011111111000110011111111111111111111
11111111111111111100110011111111111111111011110111110011000011111111111100111110011111111110011111111000110011111111111111111111
11111111111111111100110011111111111111111011111111110011000011111111111100111110011111111110011111111000110011111111111111111111
11111111111111111100110011111111111111111011111111110011000011111111111100111110011111111110011111111000110011111111111111111111
11111111111111111100110011111111111111111011111111110011000011111111111100111110011111111110011111111000110011111111111111111111
11111111111111111100110011111111111111111011111111110011000011111111111100111110011111111110011111111100110011111111111111111111
11111111111111111100111011111111111111111011111111110011000011111111111100111110011111111110011111111000110011111111111111111111
11111111111111111100111011111111111111111011111111110011000011111111111100111110011111111110011111111100110011111111111111111111
11111111111111111100111011111111111111111011111111110011000011111111111100111110011111111110011111111100110011111111111111111111
11111111111111111100111011111111111111111011111111110011000011111111111100111110011111111110011111111100110011111111111111111111
11111111111111111100111011111111111111111011111111110011000011111111111100111110011111111110011111111100110011111111111111111111
11111111111111111100111011111111111111111011111111110011000011111111111100111110011111111110011111111100110011111111111111111111
11111111111111111100111011111110111111111011111111110011000011111111111100111110011111111110011111111100110011111111111111111111
11111111111111111100111011111110111111111011111111110011000011111111111100111110011111111110011111111100110011111111111111111111
11111111111111111100111011111110111111111011111111110011000011111111111100111110011111111110011111111100110011111110111111111111
11111111111111111100111011111110111111111011111111110011000011111111111100111110011111111110011111111100110011111110111111111111
11111111111111111100011011111110111111111011111111110011000011111111111100111110011111111110011111111100110011111110111111111111
11111111111111111100011011111110111111111011111111110011000011111111111100111110011111111110011111111100110011111110111111111111
11111111111111111100011011111110111111111011111111110011000011111111111100111110011111111110011111111100110011111111111111111111
11111111111111111100011011111110111111111011111111110011000011111111011100111110011111111110011111111100110011111111111111111111
11111111111111111100011011111110111111111011111111110011000011111111111100111110011111111110011111111100110011111110111111111111
11111111111111111100011011111111111111111011111111110011000011111111111100111110011111111110011111111100110011111110111111111111
11111111111111111100011011111111111111111011111111110001000011111111011100111110011111111110011111111100110011111110111111111111
11111111111111111100011011111111111111111011111111110001100011111111011100111110011111111110011111111100110011111110111111111111
11111111111111111100011011111111111111111011111111110001100011111111011100111110011111111110011111111100110011111110111111111111
11111111111111111100011011111111111111111011111111110001100011111111011100111110011111111110011111111100110011111110111111111111
11111111111111111100011011111111111111111011111111110001100011111111111100111110011011111110011111111100110011111110111111111111
11111111111111111100011011111111111111111011111111110001100011111111111100111110011111111110011111111100110011111110111111111111
11111111111111111100011011111111111111111011111111110001100011111111111100111110011111111110011111111100110011111110111111111111
11111111111111111100011011111111111111111011111111110001100011111111111100111110011011111110011111111100110011111110111111111111
11111111111111111100011011111111111111111011111111110001100011111111111100111110011111111110011111111100110011111010111111111111
11111111111111111100011011111111111111111001111111110001100011111111111100111110011111111110011111111100110011111110111111111111
11111111111111111100011011111111111111111001111111110001100011111111111100111110011111111110011111111100110011111110111111111111
11111111111111111100011011111111111111111001111111110001100011111111111100111110011111111110011111111100110011111110111111111111
11111111111111111100011011111111111111111001111111110001100011111111111100111110011111111110011111011100110011111110111111111111
11111111111111111100011011111111111111111001111111110001100011111111111100111110001111111110011111011100110011111110111111111111
11111111111111111100011011111111111111111001111111110001100011111111111100111110001111111110011111011100110011111110111111111111
11111111111111111100011011111111111111111001111111110001100011111111111100111110001111111110011111011100110011111110111111111111
11111111111111111100011011111111111111111001111111110001100011111111111100111110001111111110011111011100110011111110111111111111
11111111111111111100011011110111111111111001111111110001100011111111111100111110001111111110011111011100110011111110111111111111
11111111111111111100011011110111111111111001111111110001100011111111111100111110001111111110011111011100110011111110111111111111
11111111111111111100011011110111111111111001111111110001100011111101111100111110001111111110011111011100110011111110111111111111
11111111111111111100011011110111111111111001111111110001100011111101111100111110001111111110011101011100110011111110111111111111
11111111111111111100011011110111111111111001111111110001100011111111111100111110001111111110011111011100110011111110111111111111
11111111111111111110011011110111111111111001111111110001100011111101111100111110001111111110011111011100110011111110111111111111
11111111111111111110011011110111111111111001111111110001100011111101111100111110001111111110011111011100110011111110111111111111
11111111111111111110011011110111111111111001111111110001100011111101111100111110001111111110011111011100110011111110111111111111
11111111111111111110011011110111111111111001111111110001100011111101111100111110001111111110011111011100110011111110111111111111
11111111111111111110011011110111111111111001111111110001100011111101111100111110001111111110011111011100110011111110111111111111
11111111111111110110011011110111111111111101111111110001100011111101111100111110001111111111011111111111111111111110111111111111
11111111111111110110011011111111111111111111111111111111111111111101111111111111111111111111111111111111111111111110111111111111
11111111111111110111111111111111111111111111111111111111111111111101111111111111111111111111111111111111111111111110111111111111
11111111111111110111111111111111111111111111111111111111111111111101111111111111111111111111111111111111111111111110111111111111
11111111111111110111111111111111111111111111111111111111111111111101111111111111111111111111101111110011111101111110111111111111
11111111111111110111111111111111111111111111111111111111111011111101110011111011111111011111111111111111111111111110111111011111
11111101111111110110000111111111111110111111111111111111111111111101111111111111111111011111111111111111111111111110111111111111
11111111111111110111110111101111111110111111111111111111111011111111111111111011111111111111111011110111111111111110111111110111
11111111011111110111111111101111111111111111111111111011111011110111110011111111111111011111111011111111111010111111111111110111
11111111011111110111111111110011111111111111111111111011111111111111111111111111111111101111111011111101111110111111111111101111
11111111111111111111111111111111111111111111101111111011111111111111111101111111111111101111111111111101111111111111111111011111
11111100111111111111111111111101111111111111101111111011111111111111111111111111111111101111111111111111111111111111111111111111
11111110111111111111011111111101111111111111111111111111111101111111111111111111111111111111000111110111111111111111111111111111
11111111111111111111011111111101111111111111011111011111111011111111111111111111111111111111111111111111111111111111111111111111
11111111111111111111111111110111111111111111111111111111111111111111111111111111111111111111111111111111111111111111111111111111
11111111111111111111111111111111111111111111111111111111111111111111111111111111111111111111111111111111111111111111111111111111
11111111111111111111111111111111111111111111111111111111111111111111111111111111111111111111111111111111111111111111111111111111