11111111111111111111111111111111111111111111111111111111111111111111111111111111111111111111111111111111111111111111111111111100
11111111111111111111111111111111111111111111111111111111111111111111111111111111111111111111111111111111111111111111111111111100
11111111111111111111111111111111111111111111111111111111111111111111111111111111111111111111111111111111111111111111111111111100
11111111111111111111111111111111111111111111111111111111111111111111111111111111111111111111111111111111111111111111111111111100
11111111111111111111111111111111111111111111111111111111111111111111111111111111111111111111111111111111111111111111101111111100
11111111111111111111111111111111111111111111111111111111111111111111111111111111111111111111111111111111110111111111111111111100
11111111111111111111111111111111111111111111111111111111111111111111111111111111111111111111111111111111110111111111111111111100
11111111111111111111111111111111111111111111111111111111111111110111111111111111111111111111111111111111111111110111111111111100
11111111111111111111111111111111111111111111111111111111111111110111111111101111111111111111111111111111111111111111111111111100
11111111111111111111111111111111111111111111111111111111111111111111111111111111111111111111111111111111111111111111111111111100
11111111111111111111111111111111111111111111011111111111111111111111111111111111111111111111111111111111111111111111111111111100
11111111111111111111111111111111111111111111111111111111111111111111111111111111111111111111111111111111111111111111111111111100
11111111111111111111111101111111111111111111111111111111111111111111111111111111111111111111111111111111111111111111111111111100
11111111111111111111111111111111111111111111111111111111111111111111111111111111111111111111111111111111111111111111111111111100
11111111111111111111111111111111111111111111111111111111111111111111111111111111111111111111111111111111111111111111111111111100
11111111111111111111111111111111111111111111111111111111111111111111111111111111111111111111111111001100111111111111111111111100
11111111111111111111111111111111111111111111111111111111111111111111100111011101101101110111011111001100111001111111111111111100
11111111111111111111111111111111111111111111111101110010111001010111100111011101101101110111011111001100111001111111111111111100
11111111111111111111111111111111111111111111111101110010111001010111100111011101101101110111011111001100111001111111111111111100
11111111111111111111001101111111111111111111111101110010111001010111100111011101101101110111011111001100111001111111111111111100
11111111111111111111001101111111111111111111111101110010111001010111100111011101101101110111011111001100111000111111111111111100
11111111111111111111001101111111111111111101111101110010011001110111100111011101101101110111011011001100111000111111111111111110
11111111111111111111001101111111111111111101111101110010011001110111100111011101101101110111011011001100011000111111111111111110
11111111111111111111001101111111111111111101111101110010011001111111100111011101101101110111011011001100011010111111111111111110
11111111111111111111001101111111111111111101111101110010011001111111100111011101101101110111011011001100011010111111111111111110
11111111111111111111001101111111111111111101111100110011011001111111100111011101101101110111011011001100011010101111111111111110
11111111111111111111001101111111111011111101111100110011011001111111100111011101101101110111011011001100011010101111111111111110
11111111111111111111001101111111111011111101111100110011011001111111100111011101101100110111011011001100011010101111111111111110
11111111111111111111001101111111111011111101111100110011011001111111100111011101101101110111011011001100011000101111111111111110
11111111111111111111001101111111111011111101111100110011011001111111100111011101101101110111011011001100011000101111111111111110
11111111111111111111001101111111111011111101111100110011011001111111100111011101101100110111011011001100011000101111111111111110
11111111111111111111001101111111111011111101111100110011011001111111100111011101101100110011011011001100011000101111111111111110
11111111111111111111001101111111011011111101111110111011011001111111100111011101100100110011011011000100011000101111111111111110
11111111111111111111001101111111011011111101111110111011011001111111100111011101100100110011011011100100011000101111111111111110
11111111111111111111001101111111011011111101111110111011011001111111100111001101100100110011011011100100011000101111111111111110
11111111111111111111001101111111011011111101111110111011011001111111100111001100100100110011001011100100011000101111111111111110
11111111111111111111001111111111011011111101111110111011011001111111100111001100100100111011001011100100011000101111111111111110
11111111111111111111001111111111011011111101111110111011011001111111100111001100100100111011001111100100011000101111111111111110
11111111111111111111001111111111011011111101111110111011011001111111100111001100100100111011101111100100011000101111111111111110
11111111111111111111001110111111011111111101111110111011011001111110100111001100100100111011101111100110011100101111111111111110
11111111111111111111001110111111011111111101111110111011011001111110100111001100100100111011101111100110011100101111111111111110
11111111111111111111001110111111011111111101111110111011011001101110100111001110110100111011101111100110011100101111111111111110
11111111111111111111001110111111011111111101111110111011011001101010100111001110110100111011101111100110011100101111111111111110
11111111111111111101001110111111011111111101111110111011011001101010100111001110110100111011101111100110011100001111111111111110
11111111111111110101001110111111011111111101111110111011011001101010100011001110110100111011101111100110011100001111111111111110
11111111111111110101001110111111011111111101111110111011011001101010100011001110110100111011101111100110011100001111111111111110
11111111111111110101001110111111111111111101111110111011011001101010100011001110110100111011101111100110011100111111111111111110
11111111111111110101000110111111111111111101111110111011011001101010100011001110110100111011101111100110011100111111111111111111
11111111111111110101000110111111111111111101111110111011011101101010100011001110110100111011101111100110011100111111111111111110
11111111111111110101000110111111111111111101111110111011011101101010100011001110110110111011101111100110011100111111111111111111
11111111111111110101000110111111111111111101111110111011011101101010100011001110110110111011101111100110011100111111111111111111
11111111111111110101000110111111111111111101111110111011011101101110100011001110110110111011101111100110011100110111111111111111
11111111111111110101000110111111111111111101111110111011001100101110100011001110110110111011101111100110011100110111111111111111
11111111111111110101000110111111111111111101111110111011001100111110110011101110110110111011101111100110011100110111111111111111
11111111111111110101000110111111111111111100111110111011001100111111110011101110110110111011101111100110011100110111111111111111
11111111111111110101000110111111111111111100111010111011001100111111110011101110110110111011101111100110011100110111111111111111
11111111111111110101000110111111111111111100111010111011101100111111100011101110110110111001101111100110011100000111111111111111
11111111111111110101000110111111111111111100111010011001101100111111100011101110110110111001101111100110011100000111111111111111
11111111111111110101100110111111111111111100111010011001101100111111110011101110110110111001101111100110011100010111111111111111
11111111111111111101100110111111111111111100111010011001101100111111110011101110010110111001101111100010001100010111111111111111
11111111111111110101100110111111111111111100111010011001101100111111110011101110010110111001100111100010001100010111111111111111
11111111111111110101100110111111111111111100111010011001101100111111110011101110010110111001100101100010001100010111111111111111
11111111111111110101100110111111111111110100111010011001101100111111110011101110010110111001100101100010001100010111111111111111
11111111111111111111100110111111111111110100111010011101101100111111110011101110010110111001100101100010001100010111111111111111
11111111111111111111100110111111111111110100111011011101101100111111110011101110010110111001100101100011001110010111111111111111
11111111111111111111100110111111111111110100111011011101101100111111110011101110010110111001110101100011001110010111111111111111
11111111111111111101100110111111111111110100111011011101101100111111110011101110010110011001110101100010001110010111111111111111
11111111111111111111100110111111111111110100111011011101101100111111110011101110010110011001110101100011001110010111111111111111
11111111111111111111100110111111101111110100111011011101101100111111110011101110010110011001110101100011001110010111111111111111
11111111111111111111100110111111101111110110111111011101101100111111110011101110010110011001110101100011001110011111111111111111
11111111111111111111100110111111101111110110111111011101101100111111110011101110010110011001110101100011001110011111111111111111
11111111111111111111100110111111101111110110111111011101101100111111110011101110010110011001110101110011001110011111111111111111
11111111111111111111100110111111101111110110111111011101101100111111110011101110010110011001110101110011001110011111111111111111
11111111111111111111100110111111101111110110111111011101101100111111110001101110010010011001110101110011001110011111111111111111
11111111111111111111100110111111101111110110111111011101101100111111110001100110010010011101110101110011001110011111111111111111
11111111111111111111100110111111101111110110111111011101101100111111110001100110010011011101110101110011001110000111111111111111
11111111111111111111100110111111101111111110111111011101101100111111110001100110010011011101110111110011001110000111111111111111
11111111111111111111100110111101101101111110111111011101101100111111110001100110010011011101110111110011001110000111111111111111
11111111111111111111100110011101101111111110111111011101101100111111010001100110010011011101110111110011001110011111111111111111
11111111111111111111100110011101101111111110111111011101101100111111110001100110010011011101110111110000001110111111111111111111
11111111111111111111100110011101101111111110111111011101101100111111010001100110010011011101110111110000001111111111111111111111
11111111111111111111100110011101101111111110111111011101101100111111110001100110010011011101110111110001001111111111111111111111
11111111111111111111100110011101111111111110111111011101101100110111111001110110011011011101110111110001001111111111111111111111
11111111111111111111100110011101111111111110111111011101101100010111111001110111011011011101110011110001001110111111111111111111
11111111111111111111100110011101111111111110111111011101101100010111111001110111011011011101110011110001001110111111111111111111
11111111111111111111100110011101111111111110111111011101101100010111111001110111011011011101110010110001001110111111111111111111
11111111111111111111100110011101111111111110111111011101100100010111111001110111011011011101110010110001001110111111111111111111
11111111111111111111100110011101111111111110111111011101100100010111111001110111011011011101110010110001000110111111111111111111
11111111111111111111100110011101111111111110111101011100100100010111111001110111011011011101110010110001000110101111111111111111
11111111111111111111100010011101111111111110111101011100100100010111111001110111011011011101110010110001000110101111111111111111
11111111111111111111100010011101111111111110111101011100100100010111111001110111011011011101110010110001000110101111111111111111
11111111111111111111100010011101111111111110111101011100100100010111111001110111011011011101110010110001000110101111111111111111
11111111111111111111100010011101111111111110111101011100100100010111111001110111011011001101110010110001000110101111111111111111
11111111111111111111100010011101111111111110111101011100100100010111111001110111011011001100110010110001000110101111111111111111
11111111111111111111100010011101111111111110111101011100100110010111111001110111011011001100110010110001000110101111111111111111
11111111111111111111100010011111111111111110111101011100100110010111111001110111011011001100110010110001000110101111111111111111
11111111111111111111100010011111111111111110111101011100100110011111111001110111011011001100110010111001000110101111111111111111
11111111111111111111100010011111111111111110111101011110100110011111111001110111011001001100110010111001000111101111111111111111
11111111111111111111100011011111111111111110111101011110100110011111111001110111001001001100110010111001000111101111111111111111
11111111111111111111100011011111111111111110111101011110110110011111111001110111001001001100110010111001000111101111111111111111
11111111111111111111110011011111111111111110111101011110110110011111111001110111001001101110110011111001100111111111111111111111
11111111111111111111100011011111111111111110111101011110110110011111111001110011001001101110110011111001100111111111111111111111
11111111111111111111110011011111111111111110111101011110110110011111111001110011001001101110111011111001100111111111111111111111
11111111111111111111110011011111111111111110111111001110110110011111111001110011001001101110111011111001100111111111111111111111
11111111111111111111110011011111111111111111111111001110110110011111111001110011001001101110111011111001100111111111111111111111
11111111111111111111110011011111111111111111111111001110110110011111111001110011001001101110111011111001100111111111111111111111
11111111111111111010110011011111111111111111011111001110110110011111111001110011001001101110111011111001100111111111111111111111
11111111111111111010110011011111111111111111011111001110110110011111111001110011001001101110111011111001100111111111111111111111
11111111111111111010110011011111111111111111011111001110110110011111101001111011001001101110111011111001100111111111111111111111
11111111111111111111110011011111111111111111011111001110110110011011101001111011101001101110111011111001100111110111111111111111
11111111111111111111110011011111111111111011011111001110110110011010101001111011101101101110111011111001100111110111111111111111
11111111111111111111110011011111111111111111011111001110110110011010101101111011111111111111111111111111111111110111111111111111
11111111111111111111110011011110111110111111011111101110110111111010111111111111111111111111111111111111111111110111111111111111
11111111111111111111110011011111111111111111111111111111111111111010111111111111111111111111111111111111111111110101111111111111
11111111111111111111110011011111111111111111111111111111111111111010111111111111111111111111111111111111111111110101111111111111
11111111111111111111111111111111111111111111111111111111111111111010111111111111111111111111110111111111111111110101111111111111
11111111111111111111111111111111111111111111111111111111111111111010111111111111011111111111111111111111111111110111111111111111
11111111111111111111111111111111111111111111111111110111111111111010111111111111111111111111111111111111111111111111111111111111
11111111111111111111111111111111111111111111111111111111111111111010111111111111111111111111111111111111111111111111111111111111
11111111111111111111111111111111111111111111111111111111111011111111111111111111111111111111111111111111111111111111111111111111
11111111111111111111111111111110111111111111111111111111111111111111111100111111111111111111111111111111111111111111111111111111
11111111111111111111111111111111111111111111111111111111111111111111111111111111111111111111111111111111111111111111111111111111
11111111111111111111111111111111111111111111111111111111111111111111111111111111111111111111111111111111111111111111111111111111
11111111111111111111111111111111111111111111111111111111111111111111111111111111111111111111111111111111111111111111111111111111
11111111111111111111111111111111111111111111111111111111111111111111111111111111111111111111111111111111111111111111111111111111
11111111111111111111111111111111111111111111111111111111111111111111111111111111111111111111111111111111111111111111111111111111
11111111111111111111111111111111111111111111111111111111111111111111111111111111111111111111111111111111111111111111111111111111
11111111111111111111111111111111111111111111111111111111111111111111111111111111111111111111111111111111111111111111111111111111