11111111111111111111111111111111111111111111111111111111111111111111111111111111111111111111111111111111111111111111111111111111
11111111111111111111111111111111111111111111111111111111111111111111111111111111111111111111111111111111111111111111111111111111
11111111111111111111111111111111111111111111111111111111111111111111111111111111111111111111111111111111111111111111111111111111
11111111111111111111111111111111111111111111111111111111111111111111111111111111111111111111111111111111111111111111111111111111
11111111111111111111111111111111111111111111111111111111111111111111111111111111111111111111111111111111111111111111111111111111
11111111111111111111111111111111111111111111111111111111111111111111111111111111111111111111111111111111111111111111111111111111
11111111111111111111111111111111111111111111111111111111111111111111111111111111111111111111111111111111111111111111111111111111
11111111111111111111111111111111111111111111111111111111111111111111111111111111111111111111111111111111111111111111111111111111
11111111111111111111111111111111111111111111111111111111111111111111111111111111111111111111111111111111111111111111111111111111
11111111111111111111111111111111111111111111111111111111111111111111111111111111111111111111111111111111111111111111110111111111
11111111111111111111111111111111111111111111111111111111111111111111111111111111111111111111111111011111111111111111111011111111
11111111111111111111111111111111111111111110011111111111111111110111111111111111111111111111101111011101111110111111111111111111
11111111111111111111110111111111111111111110011111111111111111111111111111101111111111111111101111111111111111110011111111111111
11111111111111111111110011111111111111111110011111111111111111111111111111100111001111111111011111111011111101111111111111111111
11111111111111111111110011111111110111111111101111111111111111111101111111110111110111111111111101111111111111111111111111111111
11111111111111111111111111111111111111111111101111111111111111111111111111111111111111111111111101111101111111111111111111111111
11111111111111111111111111111111111111111111111111111111111111111111111111111111111111111111111111111111111111111111111111111111
11111111111111111111111111111111111111111111111111111111111111111111111111111111111111111111111111111111111111111111111111111111
11111111111111111111111111111111111111111111111111111111111111111111111111111111111111111111111111111111111111111111111111111111
11111111111111111111111111111111111111111111111111111111111111111111111111011111101101111111111001111100100110101111111111111111
11111111111111111111011111111111111111111011111111100111111011111101000110000011000001110011111000011100000110101111111111111111
11111111111111100010001101111111110111111011110011100111111011010100000110000011000001110011111000001100000110001111111111111111
11111111111111100010001101111111110111111011110011100111111011010100000110000011000001110011111000001100000110001111111111111111
11111111111111100000001101111111110111111011110011100111111011010100000110000011000001110011111000001100000110001111111111111111
11111111111111100010001101111111110111111011110011100111111011010100000110000011000001110011111000001100000110101111111111111111
11111111111111100010001101111111110111111011110011100111111011010100000110000011000001110011111000001100000110101111111111111111
11111111111111100010001101111111110111111011110011100110111001010100000110000011000001110011111000001100000110101111111111111111
11111111111111100000001101111111110111111011110011100110111001010100000110000011000001110011111000001100000110101111111111111111
11111111111111100010001101111111110111111011110011100110111001010100000110000011000001110011111000001100000110101111111111111111
11111111111111100010001101111111110111111011110011100110111001010100000110000011000001110011111000001100000110101111111111111111
11111111111111100010001101111111111111111011110011100110111001010100000110000011000001110011111000001100000110001111111111111111
11111111111111100000001101111111111111111011110011100110111001010100000110000011100001110011111000001100000110001111111111111111
11111111111111100000001101111111111111111011110011100110111001010100000110000011100001110011111000001100000110001111111111111111
11111111111111100000001101111111111111111011110001100110111001010000000110000011100001110011111000001100000110001111111111111111
11111111111111100000001101111111111111111011110001100010111001010000000110000011100001110011111000001100000110001111111111111111
11111111111111100000001101111111111111111011110001100010111001010000000110000011100000110001111000001100000110001111111111111111
11111111111111100000001101111111111111111011110001100010111001010100000110000011100000110001111000001100000110001111111111111111
11111111111111100000001101111111111111111011110001100010111001010100000110000011100000110001111000001100000110001111111111111111
11111111111111100000001101111111111111111011110001100110111001010000000110000011100000110001111000001100000110001111111111111111
11111111111111100000001101111111111111111011110001100010111001010000000110000011100000110001111000001100000111001111111111111111
11111111111111100000001101111111111111111011110001100010111001000100000110000011100000110001111000001100000111001111111111111111
11111111111111100000001101111111111111111011110001100010111001010100000110000011100000110001111000001100000111001111111111111111
11111111111111100000001101111111111111111011110001100010111001010100000110000011100000110001111000001100000111001111111111111111
11111111111111100000001101111111111111111011110001100010111001010100000111000011100000110001111000001100000111001111111111111111
11111111111111100000001101111111111111111011110001100010111001010100000111000011100000110001111000001100000111001111111111111111
11111111111111100000001101111111111111111011110001100010111001010100000111000011100000110001111000001100000111001111111111111111
11111111111111100000001101111111111111101011110001100010111001010100000111000011100000110001111000001100000111001111111111111111
11111111111111100000001101111111111111101011110001100011111000010100000111000011100000110001111000001100000011001111111111111111
11111111111111100000001101111111111111101011110001100011111000010100000111000011100000110001111000001100000011001111111111111111
11111111111111100000001101111111111111101011110001100011111000010100000111000011100000110001111000001100000011001111111111111111
11111111111111100011001101111111111111101011110001100011111000010100000111000011100000110001111000001110000011001111111111111111
11111111111111100011001101111111111111101011110001100011111001110100000111000011100000110001111100001110000011001111111111111111
11111111111111100011001101111111111111101001110001100011111001110100000111000001100000110001111100001110000011000111111111111111
11111111111111100011001101111111111111101001111001100011111001110100000111000001100000110001111100001110000011000111111111111111
11111111111111100011001101111111111111101001111001100011111001110100000111000001100000110001111100001110000011000111111111111111
11111111111111100011001101111111111111101001111001110011111001110100000111000011100000110001111100001110000011000111111111111111
11111111111111100011001101111111111111101001111001110011111001110100000111000011100000110001111100001110000011000111111111111111
11111111111111100011001101111111111111101001111001110011111001110110000111000011100000110001111100001110000011000111111111111111
11111111111111100000001101111111111111101001111001110011111101110111100111000011100000110001111100000110000011000111111111111111
11111111111111100011001101111111111111101001111001110011111101110111100111000011100000110001111100000110000011000111111111111111
11111111111111100011001101111111111111101001111001110011111101110111100111000011100000110001111100000110000011000111111111111111
11111111111111100000001101111111111111101001111001110011111101111111100111000001100000110001111100000110000011000111111111111111
11111111111111100011001101111111111111101001111001110011111101111111100111000001100000110001111100000110000011000111111111111111
11111111111111110011001101111111111111101001111001110011111101111111100111000001100000110001111100000110000011000111111111111111
11111111111111110011001101111111111111101001111001110011111101111111100111000001100000110001111100000110000011000111111111111111
11111111111111110011001101111011111111101001111001110011111101111111100111000001100000110001111100000110000011000111111111111111
11111111111111110011001101111011111111101001111001110011111101111110000011000001100000111001111100000110000011000111111111111111
11111111111111110011001101111011111111111001111001110011111101111110000011000001100000111001111100000110000011000111111111111111
11111111111111110011001101111011011111111001111001110011111101111110000011000001100000111001111100000110000011000111111111111111
11111111111111110011001101111011011111111001111001110011111101101110000011000001100000111001111100000110000011000111111111111111
11111111111111110011001101111011011011111001111001110011111101101110000011000001100000111001111100000110000011000111111111111111
11111111111111110011001101111011011011111001111001110011111101101110000011000001100000111001111100000110000011000111111111111111
11111111111111110011001101111011011011111001111001110011111101101110100011000001100000111001111100000110000011000111111111111111
11111111111111110011001101111011011011111001111001110011111100101110100011000001100000111001111100000110000011000111111111111111
11111111111111110011001101111011011011111001111001110011111100101110100011000001100000111001111100000110000011000111111111111111
11111111111111110011001101111011011011111001111001110011111100101110100011000001110000111001111100000110000011000111111111111111
11111111111111110011001101111011011011111001111001110011111100101110100011000001110000111001111100000110000011000111111111111111
11111111111111110011001101111011011011111001111001110011111100101110100011000001110000111001111100000110000011000111111111111111
11111111111111110011001101111011011011111101111001110011111100101110100011000111110000111000111100000110000011100111111111111111
11111111111111110011001101111011011011111101111001110011111100101110100011000111110000011000111100000110000011100111111111111111
11111111111111110011000101111011011011111101111001110011111100101010100011000111110000011000111100000110000011100111111111111111
11111111111111110011000101111011011011111101111001110011111100101010100011100111110000011000111100000110000011100111111111111111
11111111111111110011000101111011011011111101111001110011111100101010100011100111110000011000111100000110000011100111111111111111
11111111111111111111000101111011011011111101111001110001111100101010000011100111110000011000111100000110000011100111111111111111
11111111111111111111000101111011011011111101111001110001111100101010100011100111110000011000111100000110000011100111111111111111
11111111111111111111000101111011011011111101111001110001111100101010100011100111110000011000111100000110000011110111100000000000
11111111111111111111000101111011011111111101111001110001111100101010000011100111110000011000111100000111000011110111100000000000
11111111111111111111000101111011011111111101111001110001111100101010110011100110110000011000111100000111000011110111100000000000
11111111111111111111000101111011011011111101111001110001111100101010110011100111110000011000111100000111000011110111100000000000
11111111111111111111000101111011011111111101111001110001111100101010110011100111110000011000111100000111000011110111100000000000
11111111111111110011000101111011011111111101111001110001111100101010110011100110110000011000111100000111000011110111100000000000
11111111111111111111000101111011011111111101111001110001111100101010110011100110110000011000111100000111000011110111100000000000
11111111111111111111000101111011011111111101111001110001111100101011110011100110110000011000111100000111000011110111100000000000
11111111111111111111000101111011011111111101111001110001111100101011110011100110110000011000111100000111000011110111100000000000
11111111111111111111000101111011011111111101111001110001111100101011110011100000110000011000111100000111000011110111100000000000
11111111111111111111000101111011011111111101111001110001111100101011110011100000110000011000111100000111000011110111000000000000
11111111111111111111000100111011011111111101111001110001111110101011110011100000110000011000111100000111000011110111000000000000
11111111111111111111000100111011011111111101111001110001111110101011110011100000110000011000111100000111000011111111100000000000
11111111111111111111000100111011011111111101111001110001111110101011110011100000110000011000111100000111011011111111100000000000
11111111111111111111000100111011011111111101111001110001111110101111110011100000110000011000111100000111011011101111100000000000
11111111111111111111000100111011011111111101111001110001111110101111110011100000110000011000111100000111011011101111100000000000
11111111111111111111000100111011011111111101111001110001111110101111110011100000110000011000111100000111011011101111100000000000
11111111111111111111000100111011011111111101111011110001111110101111110011100010110000011000111100000111000011100111100000000000
11111111111111111111000100111011011111111101111011110001111110101111110011100000110000011000111100000111000011101111100000000000
11111111111111111111000100111011011111111101111001110001011110101111110011100000110000011000111100000111000011101111111111111111
11111111111111111111000100111011011111111101111011110001111110101111110011100000110000011000111100000111000011101111111111111111
11111111111111111111000100111011011111111101111011110001111110111111110011100000110000011000111100000111000011101111111111111111
11111111111111111111000100111011011111111101111001110001111110111111110011100010110000011000111100000111011011101111111111111111
11111111111111111111000100111011011111111101111001110001111110111111110011100010110000011000111100000111011011101111111111111111
11111111111111111111000100111011011111111101111001110001111110111111110011100010110000011000111110000111011011101111111111111111
11111111111111111111000100111011111111111101111011110001111110111111110011100110110111011111111110011111111111101111111111111111
11111111111111111111001111111111111111111111111111111111111111111111111111111111111111111111111111111111111111101111111111111111
11111111111111110011111111111111111111111111111111111111111111111111111111111111111111111111111111111111111111101111111111111111
11111111111111110011111111111111111111111111111111111111111111111111111111111111111111111111111111111111111111101111111111111111
11111111111111111111111111111111111111111111111111111111111111111111111111111111111111111111111111111111111111101111111111111111
11111111111111111111111111111111111111111111111111111111111111111111111111111111111111111111111111111111111111101111111111111111
11111111111111111111111111111111111111111111111111111111111111111111111111111111111111111111101111111111111111111111111111111111
11111111111111111111111111111011111111111111111111111111111111111111111111111111111111111111111111111111111111111111111111111111
11111111111111111111111111111111111111111111111111111111111111111111111111111110111111111111111111111111111111111111111111111111
11111111011111111111111111111111111111111111111111111111111111111111111111111111111111111111111111111111111111111111111111111111
11111111111111111111111111111111111111111111111111111111111111111111111111111111111111111111111111111111111111111111111111111111
11111111111111111111111111111111111111111111111111111111111111111111111111111111111111111111111111111111111111111111111111111111
11111111111111111111111111111111111111111111111111111111111111111111111111111111111111111111111111111111111111111111111111111111
11111111111111111111111111111111111111111111111111111111111111111111111111111111111111111111111111111111111111111111111111111111
11111111111111111111111111111111111111111111111111111111111111111111111111111111111111111111111111111111111111111111111111111111
11111111111111111111111111111111111111111111111111111111111111111111111111111111111111111111111111111111111111111111111111111111
11111111111111111111111111111111111111111111111111111111111111111111111111111111111111111111111111111111111111111111111111111111
11111111111111111111111111111111111111111111111111111111111111111111111111111111111111111111111111111111111111111111111111111111