11111111111111111111111111111111111111111111111111111111111111111111111111111111111111111111111111111111111111111111111111111111
11111111111111111111111111111111111111111111111111111111111111111111111111111111111111111111111111111111111111111111111111111111
11111111111111111111111111111111111111111111111111111111111111111111111111111111111111111111111111111111111111111111111111111111
11111111111111111111111111111111111111111111111111111111111111111111111111111111111111111111111111111111111111111111111111111111
11111111111111111111111111111111111111111111111111111111111111111111111111111111111111111111111111111111111111111111111111111111
11111111111111111111111111111111111111111111111111111111111111111111111111111111111111111111111111111111111111111111111111111111
11111111111111111111111111111111111111111111111111111111111111111111111111111111111111111111111111111111111111111111111111111111
11111111111111111111111111111111111111111111111111111111111111111111111111111111111111111111111111111111111111111111111111111111
11111111111111111111111111111111111111111111111111111111111111111111111111111111111111111111111111111111111111111111111111111111
11111111111111111111111111111101111111111111111111111111111111111111101111111111111111111111111111111111111111111111111111111111
11111111111111111111111111111111111111111111111111111111111111111111111111111111111111111111111111111111111111111111111111111111
11111111111111111111111111111111111111111111111111111111111111111111111111111111111111111111111111111111111111111111111111111111
11111111111111111111111111111111111111111111111111111111111111111111111111111111111111111111111111111111111111111111111111111111
11111111111111111111111111111111111111111111111111111111111111111111111111111111111111111111111111111111111111111111111111111111
11111111111111111111111111111111111111111111111111111111111111111111111111111111111111111111111111111111111111111111111111111111
11111111111111111111111111111111111111111111111111111111111111111111111111111111111111111111111111111111111111111111111111111111
11111111111111111111111111111111111111111111111111111111111111111111111111111111111111111111111111111111111111111111111111111111
11111111111111111111011111111111111111111111111111111111111111111111111111111111111111111111111111111111111111111111111111111111
11111111111111111111001101111111111111111111011111111111111111111111111111111111111111111111111111111111111111111111111111111111
11111111111111111110001101111111111111111111011111111000111011111111110111011111111111111111111111111111111111111111111111111111
11111111111111111111001101111111111111111111011111111000111011111111110111011011111110111001111111110001111111111111111111111111
11111111111111111110001101111111111111111111011111111000111011111111110111011011111110111001111111110001111111111111111111111111
11111111111111111110001101111111111111111111011111111000111011111111110111011011111110111001111111110001111111111111111111111111
11111111111111111110001101111111111111111111011111111000111011111111110111011111111110111001111111110001111111111111111111111111
11111111111111111110001101111111111111111111011111111001111011111111110111011111111110111001111111110001111111111111111111111111
11111111111111111110001101111111111111111111011111111001111011111111110111011111111110111001111111110001111111111111111111111111
11111111111111111110001101111111111111111111111111111001111011111111110111011111111110111001111111110001111111111111111111111111
11111111111111111110001101111111111111111111111111111001111011111110110111011111111110111001111111110001111111111111111111111111
11111111111111111110011101111111111111111110011111111001111011111111110111011111111110111001111111110001111111111111111111111111
11111111111111111110011101111111011111111110111111111001111011111111110111011111111110111001111111110001111111111111111111111111
11111111111111111110011101111111011111111110111111111001111011111111110111011111111110111001111111110011111111111111111111111111
11111111111111111110011101111111111111111110111111111001111011111111110111011111111110111001111111110001111111111111111111111111
11111111111111111110011101111111111111111110111111111001111011111111110111011111111110111001111111110011111111111111111111111111
11111111111111111110011101111111111111111110111111111001111011111111110111011111111110111001111111110001111111111111111111111111
11111111111111111110011101111111111111111110111111111001111011111111110111011111111110111001111111110011111111111111111111111111
11111111111111111110011101111111111111111110111111111001111011111111110111011111111110111011111111110011111111111111111111111111
11111111111111111110011101111111111111111110111111111001111011111111110111011111111110111011011111110011111111111111111111111111
11111111111111111110011101111111111111111110111111111001111011111111110111011111111110111011011111110011111111111111111111111111
11111111111111111110011101111111111111111110111111111001111011111111110111011111111110111011011111110011111111111111111111111111
11111111111111111110011101111111111111111110111111111001111011111111110111011111111110111011011111110011111111111111111111111111
11111111111111111110011001111111111111111110111111111001111011111111100111011111111110111011011111110011111111111111111111111111
11111111111111111110011001111111111111111110111111111001111011111111100111011111111110111011111111110011111111111110111111111111
11111111111111111110011001111111111111111110111111111001111011111111100111011111111110111011111111110011111111111111111111111111
11111111111111111110011011111111111011111110111111111001110011111111100111011111111110111011111111110011111111111111111111111111
11111111111111111110011011111111111011111110111111111001110011111111100111011111111110111011111111110011111111111110111111111111
11111111111111111110011011111111111011111110111111111001110011111111100111011111111110111011111111110011111111111110111111111111
11111111111111111110011011111111111111111110111111111001110011111111100111011111111110111011111111110011111111111110111111111111
11111111111111111110011011111111111111111110111111111001110011111111100111011111111110111011111111110011111111111110111111111111
11111111111111111110011011111111111111111110111111111001110011111111100111011111111110111011111111110011111111111110111111111111
11111111111111111110011011111111111111111110111111111001110011111111100111011111110110111011111111110011111111111110111111111111
11111111111111011110011011111111111111111110111111111001110011111111101111011111110110111011111111110011111111111110111111111111
11111111111111011110011011111111111111111110111111111001110111111111101111011111110110111011111111110011111111111110111111111111
11111111111111011110011011111111111111111110111111111001110111111111101111011111110110111011111111110011111111111110111111111111
11111111111111111110011011111111111111111110111111111001110111111111101111011111110110111011111111110011111111111110111111111111
11111111111111111110011011111111111111111110111110111001110111111111101111011111110110111011111111110011111111111110111111111111
11111111111111111110011011111111111111111110111111111001110111111111101111011111110110111011111111110011111111111110111111111111
11111111111111111110011011111111111111111110111111111001110111111111101111011111110110111011111111110011111111111110111111111111
11111111111111111110011011111111111111111110111111111001110111111111101111011111111110111011111111110011111111111110111111111111
11111111111111111110011011111111111111111110111111111001110111111111101111011111111110111011111111110011111111111110111111111111
11111111111111111110011011111111111111111110111111111001110111111111101111011111111110111011111111110011111111111110111111111111
11111111111111111110011011111111111111111110111111111001110111111111101111011111111110111011111111110011111111111110111111111111
11111111111111111110011011111111111111111110111111111001110111111111101111011111111110111011111111110011111111111111111111111111
11111111111111111110011011111111111111111110111111111001110111111111101111011111111100111011111111110011111111111111111111111111
11111111111111111110011011111111111111111110111111111001110111111111101111011111111100111011111111110011111111111111111111111111
11111111111111111110011011111111111111111110111111111001110111111111101111011111111100111011111111110011111111111111111111111111
11111111111111111110011011111111111111111110111111111001110111111111101111011111111100111011111111110011111111111111111111111111
11111111111111111110011011111111111111111110111111111001110111111111101111011111111100111011111111110011111111111111111111111111
11111111111111111110011011111111111111111110111111111001110111111111101111011111111100111011111111110011111111111111111111111111
11111111111111111100011011111111111111111110111111111001110111111111101111011111111100111011111111110011111111111111111111111111
11111111111111111100011011111111111111111110111111111001110111111111101111011111111100111011111111110011111111111111101111111111
11111111111111111100011011111111111111111110111111111001110111111111101110011111111100111011111111110011111111111111111111111111
11111111111111111100011011111111111111111110111111111001110111111111101110011111111100111011111111110011111111111111111111111111
11111111111111111100011011111111111111111110111111111001110111111111101110011111111100111011111111110011111111111111111111111111
11111111111111111100011011111111111111111110111111110001110111111111101110011111111100111011111111110011111111111111111111111111
11111111111111111100011011111111111111111110111111110001110111110111101110011111111100111011111111110011111111111111101111111111
11111111111111111100111011111111111111111110111111110001110111111111101110011111111100111011111111110011111011111111101111111111
11111111111111111100111011111111111111111110111111110001110111111111101110011111111100111011111111110011111011111111101111111111
11111111111111111100111011111111111111111110111111110001110111110111101110011111111100111011111111110011111011111111101111111111
11111111111111111100111011111111111111111100111111110001110111110111101110011111111100111011111111110011111011111111101111111111
11111111111111111100111011111111111111111100111111110001110111110111101110011111111100111011111111110011111011111111101111111111
11111111111111111100111011111111111111111100111111110001110111110111101110111111111100111011111111110011111011111111101111111111
11111111111111111100111011111111111111111100111111110001110111110111101110110111111100111011111111110011111011111111101111111111
11111111111111111100111011111111111111111100111111110011110111110111101110110111111101111011111111110011111011111111111111111111
11111111111111111100110011111111111111111100111111110011110111111111101110110111111101111011111111110011111011111111111111111111
11111111111111111100110011111111111111111100111111110011110111111111101110110111111101111011111111110011111011111111111111111111
11111111111111111100110011111111111111111100111111110011110111111111101110110111111101111011111111110011111011111111111111111111
11111111111111111100110011111111111111111100111111110011110111111111101110110111111101111011111111110011111111111111111111111111
11111111111111111100110011111111111111111101111111110011110111111111101110110111111101111011111111110011111011111111111111111111
11111111111111111100110011111111111111111101111111110011110111111101101110110111111101111011111111110011111011111111111111111111
11111111111111111100110111111111111111111101111111110011110111111101101110110111111101111011111111110011111111111111111111111111
11111111111111111100110111111111111111111101111111110011110111111101101110110111111101111011111111110011111111111111111111111111
11111111111111111100110111111111111111111101111111110011110111111101101110110111111101111011111111110011111111111111111111111111
11111111111111111100110111111111111111111101111111110011110111111101101110111111111101111011111111110011111111111111111111111111
11111111111111111100110111111111110111111101111111110011110111111101101110111111111101111011111111110011111111111111111111111111
11111111111111111100110111111111110111111101111111110011110111111101101110111111111101111011111111110011111110111111111111111111
11111111111110111100110111111111111111111101111111110011110111111111101110111111111101111011111111110011111111111111111111111111
11111111111110111100110111111111111111111101111111110011110111111111101110111111111101111011111111110011111110111111111111111111
11111111111111111100110111111111111111111101111111110011110111111111101110111111111101111011111111110011111110111111111111111111
11111111111111111100110111111111111111111101111111110011110111111111101110111111111101110011111111110011111110111111111111111111
11111111111111111100110111111111111111111101111111110011110111111111001110111111111101110011111111110011111110111111111111111111
11111111111111111100110111111111111111111101111111110011110111111111101110111111111101110011111111110011111110111111111111111111
11111111111111111100110111111111111111111101111111110011110111111111101110111111111101110011111111100011111110111111111111111111
11111111111111111100110111111111111111111101111111110011110111111111001110111111111101110011111111110011111110111111111111111111
11111111111111111100110111111111111111111101111111110011110111111111001110111111111101110011111111110011111110111111111111111111
11111111111111111100110111111111111111111101111111110011110111111111001110111111111101110011111111100011111110111111111111111111
11111111111111111100110111111111111111111101111111110011110111111111001110111111111101110011111111100011111110111111111111111111
11111111111111111100110111111111111111111101111111110011110111111111001110111111111101110011111111100011111110111111111111111111
11111111111111111100110111111111111111111101111101110011100111111111001110111111111101110011111111100011111110111111111111111111
11111111111111111100110111111111111111111101111101110011100111111111001110111111111101110011111111100011111110111111111111111111
11111111111111111111111111111111111111111101111101110011101111111111001110111111111101110011111111100011111110111111111111111111
11111111111111111111111111111111111111111111111111111111111111111111111110111111111101110011111111100011111110111111111111111111
11111011111111111111111111111111111111111111111111111111111111111111111111111111111111111111111111110011111110111111111111111111
11111111111111111111101111111111100011111111111111111111111111111111111111111111111111111111111111111111111111111111111111111111
11111111111111111111111111111111111111111110111111111111111011111111111111111111111111111111111111111111111111111111111111111111
11111111111111111111111110111111111111111111111101111111110011111111111101111111011111111111100011111111111111111111111111111111
11111111111111111111111111111111111111111111111111111111111111111111111111111111011111100111111101111111111111111111111111111111
11111110111111111111111111000111111111111111111111111111111111111111111111111111111111110111111111111111111111111111111111111111
11111101111111111111111111111111111111111111111111111111111111111111111111111110111111110111111111111111111111111111111111111111
11111101111111111101111111111011111111111111111111111111111111111111111111111111011111110111111111110111111110111111111111111111
11111111111111111111111111111011111111111111111111111111111111111111111111111111111111111111111111111111111110011111111111111111
11111111111111111111111111111011111111111111111111111111111011111111111111111111111111111111111111111110111101111111111111111111
11111111111111111111111111111111111111111111111111111111111011111111111111111111111111110111111111111110111111111111111111111111
11111111111111111111111111111111111111111111111111111111111011111111111111111111111111111111111111111111111111111111111111111111
11111111111111111111111111111111111111111111111111111111111111111111111111111111011111111111101111111111111111111111111111111111
11111111111111111111111111111111111111111111111111111111111111111111111111111111111111111111111111111111111111111111111111111111
11111111111111111111111111111111111111111111111111111111111111111111111111111111111111111111111111111111111111111111111111111111
11111111111111111111111111111111111111111111111111111111111111111111111111111111111111111111111111111111111111111111111111111111
11111111111111111111111111111111111111111111111111111111111111111111111111111111111111111111111111111111111111111111111111111111