11111111111111111111111111111111111111111111111111111111111111111111111111111111111111111111111111111111111111111111111111111111
11111111111111111111111111111111111111111111111111111111111111111111111111111111111111111111111111111111111111111111111111111111
11111111111111111111111111111111111111111111111111111111111111111111111111111111111111111111111111111111111111111111111111111111
11111111111111111111111111111111111111111111111111111111111111111111111111111111111111111111111111111111111111111111111111111111
11111111111111111111111111111111111111111111111111111111111111111111111111111111111111111111111111111111111111111111111111111111
11111111111111111111111111111111111111111111111111111111111111111111111111111111111111111111111111111111111111111111111111111111
11111111111111111111111111111111111111111111111111111111111111111111111111111111111111111111111111111111111111111111111111111111
11111111111111111111111111111111111111111111111111111111111111111111111111111111111111111111111111111111111111111111111111111111
11111111111111111111111111111111111111111111111111111111111111111111111111111111111111111111111111111111111111111111111111111111
11111111111111111111111111111111111111111111111111111111111111111111111111111111111111111111111111111111111111111111111111111111
11111111111111111111111111111111111111111111111111111111111111111111111111111111111111111111111111111111111111111111111111111111
11111111111111111111111111111111111111111111111111111111111111111111111111111111111111111111111111111111111111111111111111111111
11111111111111111111111111111111111111111111111111111111111111111111111111111111111111111111111111111111111111111111111111111111
11111111111111111111111111111111111111111111111111111111111111011111111111111111111111111111111111111111111111111111111111111111
11111111111111111111111111111111111111110110111111111111111111011111111111111111111111111111111101111111111111111111111111111111
11111111111111111111111111111111111111110010111111111111111111011111111111111111111111111111111101111111111111111111111111111111
11111111111111111111111111111111111111111100111111111111111111111111111111111110111111111111111101111111111111111111111111111111
11111111111111111111111111111111111111111111111111111111111111111111111111111111111111111111111111111111111111111111111111111111
11111111111111111111111101111111111111111111111111111111111111111111111111111111111111111111111111111111110111111111111111111111
11111111111111111111111111111111111111111111111111111111111111111111111111111111111110111111111111111111111111111111111111111111
11111111111111111111111111111111111111111111111111111111111111111111111111111111111111111111111111111111111111111111111111111111
11111111111111111111111111111111111111111111111111111111111111111111111111111111111111111111111111111111111111111111111111111111
11111111111111111111111111111111111111111111111111111111111111111111111111111111111111111111111111111111111111111111111111111111
11111111111111111111111111111111111111111111111111111111111111111111111111111111111111111111111111111111111111111111111111111111
11111111111111111111111111111111111111111111111111111111111111111111111111111111111111111111111111111111111111111111111111111111
11111111111111111111111111001100111111111111111100001111111001111111111111111111111111111111111111111111111111111111111111111111
11111111111111111111111111001100111111111111111100001010111001111011110101000111111110011111111111111011110011101111111111111111
11111111111111111111111111001100111111111111111100001010111001111011110101000111111110011111111100110011110011101110111111111111
11111111111111111111111111001100111111111111111100001010111001111011110101000111111110011111111100110011110011101110111111111111
11111111111111111111111111001100111111111111111100001010111001111011110101000111111110011111111100110011110011101110111111111111
11111111111111111111111111001100111111111111111100001010111001111011110101000111111110011111111100110011110011101110111111111111
11111111111111111111111111001101111111111111111100001010111001111011110101000111111110011111111100110011110011101110111111111111
11111111111111111111111111001101111111111111111100001010111001111011110101000111111110011111111100110010110011101110111111111111
11111111111111111111111111001101111111111111111100001010111001111011110101000111111110011111111100110010110011101110011111111111
11111111111111111111111111001101111111111111111100001010111001111011110101000110111110011111111100110010100011101110001111111111
11111111111111111111111111001101111111111111111100001010110001111011110101000110101110011111111100110000100011101110001111111111
11111111111111111111111111001101111111011111111100001010110001111011110101000110101110011111111100110000100011101110001111111111
11111111111111111111111111001101111111011111111100001010110001111011110101000110101110011111111100110000000011101110000111111111
11111111111111111111111111001101111111011111111100001010110001111011110101000110101110011111111100110000000011101110001111111111
11111111111111111111111111001101111111011111111100001010110001111011110101000110001110011111111100110000000011101110001111111111
11111111111111111111111111001101111111011111111100001010110001111011110101000110101110011111111100110000000011101110000111111111
11111111111111111111111111001101111111011111111100001010110001111011110101000110101110000111111100110000000011101110000011111111
11111111111111111111111111001101111111011111111100001010110001111011110101000110101110000111111100110000000011101110000011111111
11111111111111111111111111001101111111011111111100001010110001111011110101000110101110000111110000110000000011101110001111111111
11111111111111111111111111001101111111011111111100001010110001111011110101000110101110000111110000110000000011101110001111111111
11111111111111111111111111001101111111011111111100001010110001111011110101000110101110000111110000110000000011101110001111111111
11111111111111111111101110001101111111011111111100001010110001111011110101000110001110000111110000110000000011101110001111111111
11111111111111111111101110001101111111011011111100001010110001111011110101000110001110010111110000110000000011101110001111111111
11111111111111111111101010001101111111011011111100001010110001111011110101000110101100010111110001110000000011001110001111111111
11111111111111111111101010001101111111011011111100001010110001111011110101000110101100010111110001110000000011001110001111111111
11111111111111111111111010001101111111111011111100001010110001111011110101000110101100010111110001110000000011001110001111111111
11111111111111111111111010001001111111111011111100001010110001110011110101000110101100010111110000110000000011001110001111111111
11111111111111111111111010001001111111111011111100001010110001110011110101000110101100010111110001110000000011001110001111111111
11111111111111111111111010001001111111111011111100011010110001110011110101000110101100000111110001110000000011001110000011111111
11111111111111111111111010001001111111111011111100011010110001110011110101000110101100000111110000110000000011001110000011111111
11111111111111111111111110001001111111111011111100011111110001110011110101000110101100000111110001110000000011001100001111111111
11111111111111111111111110001001111111111011111100011111110001110011110101000110101100000111110001110000000011001100001111111111
11111111111111111111111110001001111111111011111100011111110001110011111101000110101100000111110001110000000011001100000011111111
11111111111111111111111110001001111111111011111100011111110001110010111101001110101100000111110001110000000011001100000011111111
11111111111111111111111110001001111111111011111100011111110001110010110101001110001100000111110001110000000011001100000011111111
11111111111111111111111110001001111111111011111100011111110001110010110101001110101100000111110001110000000011001100000011111111
11111111111111111111111110001001111111111011111100011111110001110010100101001110101100000111110001110000000011001100000011111111
11111111111111111111111110001001111111111111111000011111110001110010100000001110101100000111110001110000000011001100001111111111
11111111111111111111111110001011111111111111111000011111110001110010100000001110101100000111110001110000000011001100001111111111
11111111111111111111111110001011111111111111101000011111110001110010100000001110001100000111110001110000000011001100001111111111
11111111111111111111111110001011111111111111101000011111110001110010101100001110001100000111110001110000000011001100001111111111
11111111111111111111111110001011111111111111111000011111110001110010101100001110001100000111110001110000000011001100001111111111
11111111111111111111111110011011111111111111101000011111110001110010101111001110001100000111110001110000000011001100001111111111
11111111111111111111011110011011110111111111101000011111110001110010101100001110001100000111110001110000000011001100001111111111
11111111111111111111010100011011110111111111101000011111110001110010101111001110101100000111110001110000000011001100001111111111
11111111111111111111010100011011110111111111101000011111110001110010101111001110101100000111110001110000000011001100001111111111
11111111111111111111010100011011110111111111111000011111110001110000101111001110001100000111100001110000000011001100001111111111
11111111111111111111010100011011110111111111111000011111110011110010101111001110001100000111100001110000000011001100001111111111
11111111111111111111010100011011110111111111111000011111110011110010101111001110001100000111100001110000000011001100001111111111
11111111111111111111010100011011110111111111111000011111110011110010101111001110001100000111100001110000000011001100001111111111
11111111111111111111010100011011110111111111111000010111110011110010101100001110001100000111100001110000000011001100001111111111
11111111111111111111010100011011111110111111111000010111110011110010101100001110001100000111100001110000000011001100001111111111
11111111111111111111110100011011111110111111111000010111110011110010100000001110011100000111100001110000000011001100001111111111
11111111111111111111110100011011111111111111111000010111110011110010101000001110011100000111100001110000000011001100001111111111
11111111111111111111110100010011111111111111111000010101110011110010101000001110011100000111100001110000000011001100001111111111
11111111111111111111110100010011111111111111111000010101100011110010101000001110011100000111100001110000000011001100001111111111
11111111111111111110110100010011111111111111111000010101100011110010101000001110011100000111100001110000000011001100001111111111
11111111111111111110110000010011111111111111111000010101100011110010101000001110011100000111100001110000000011001100001111111111
11111111111111111110111100010011111111111111111000010101100011110010101000001110011100000111100001110000000011001100001111111111
11111111111111111110111100010011111111110111111000010101100011110010101010001110011100000111100001110000000011001100001111111111
11111111111111111110111100010011111111110111111000110101100011110010101010001110011100000111100001110000000011001100001111111111
11111111111111111110111100110011111111111111111000110101100011110010101010001110011100000111100001110000000011001100001111111111
11111111111111111110101100110011111111111111111000110101100011110010101010001110011100000111100001110000000011001100001111111111
11111111111111111110101000110011111111111111110000110111100011110010101010001110011100000111100001110000000011001100001111111111
11111111111111111110101000110111111111111111010000111111100011110010101010001110011100000111100001110000000011001100001111111111
11111111111111111110101000110111111111111111010000111111100011110010100010001110011100000111100001110000000011001100001111111111
11111111111111111111101000110111111111111111010000111111100011110010101010001110011100000111100001110000000011001100001111111111
11111111111111111111101000110111101111111111010000111111100011110010101000001110011100000111100001110000000011001100001111111111
11111111111111111111101000100111101101111111010000111111100011110010101000001111111100000111100001110000000011001100001111111111
11111111111111111111111000100111111101111111010000111111100011110110101010001111111100000111100001110000000011001100101111111111
11111111111111111101111000100111111101111111010000111111100011110110101010001111111100000111100001110000000011001100101111111111
11111111111111111101111000100111111101111111010000111111100011110110101010001110011100000111100001110000000011001100101111111111
11111111111111111101000000100111111101111111010000111111100011110110101010001110011100000111100001110000000011001100101111111111
11111111111111111101000000100111111101111111010000111111100011110110001010001110011100000111100001110000000011001100101111111111
11111111111111111101000000100111111101111111010000101111100011100111101010001110011100001111100001110000000011001100101111111111
11111111111111111100000000000111111101101111010000101011100011100111100010001110011100001111100001110000000011001100001111111111
11111111111111111100000000000111111101101111010000101011100111100111100000001110011100001111100001110000000011001100001111111111
11111111111111111111010000001111111111101111110000101011100111100111100000001100011100001111100001110000000011001100001111111111
11111111111111111111000000001111111111101111110000101011100111100001111010001100011000001111100001110000000011001100101111111111
11111111111111111011010000001111011111101111110000101011100111100001111010011101011000001111100001100000000011001100101111111111
11111111111111111010110001101111011111101111110000101011100111100111111110011101011100001111100001100000000011001100101111111111
11111111111111111010111011111111111111111111110001111111100111111111111111011111111100111111111101110111100111011100101111111111
11111111111111111010111011111111111111111111111011111111111111111111111111111111111111111111111111111111111111111111111111111111
11111111110111111010111000001111111111100001110000111110011111101111111111100111111001111100001111111111111111111111111111111111
11111111110111111010111111001110110111111101111100111101101111111011100111011011110111111110001111101111110111111001111111111111
11111011110111111110111111011110110111111101111100111011110110111011100111111111110111111111011111001111111111110001111111111111
11111101110111111111111110111110000111111011111101111011110111111011111111111101110011111110011111111111101111111101101111111111
11111110001111111111111111111110000111111111111101111011110111111011111110111101111101111110011111111111111111111101111111111111
11111111011111111111111111111111110111111111111111111011110111111011111110111101111110111111101111111111111011111101111111111111
11111111111111111111111111111101110111111111111111011011111111111011111110111111111110111111101111111111011011111101111111111111
11111111111111111111111011111101110111101111111111011011111111111011111111111111111110111111101111111111100001111101111111111111
11111111111111111111111111111110110111101111111110111011101110111011111111111111111101111111101111111111111011111101111111111111
11111111111111111111111111111111111111111111110001111100011111000111111111100111110011111100111111111111111011111111111111111111
11111111111111111111111111111111111111111111111111111111111111111111111111111111111111111111111111111111111111111111111111111111
11111111111111111111111111111111111111111111111111111111111111111111111111111111111111111111111111111111111111111111111111111111
11111111111111111111111111111111111111111111111111111111111111111111111111111111111111111111111111111111111111111111111111111111
11111111111111111111111111111111111111111111111111111111111111111111111111111111111111111111111111111111111111111111111111111111
11111111111111111111111111111111111111111111111111111111111111111111111111111111111111111111111111111111111111111111111111111111
11111111111111111111111111111111111111111111111111111111111111111111111111111111111111111111111111111111111111111111111111111111
11111111111111111111111111111111111111111111111111111111111111111111111111111111111111111111111111111111111111111111111111111111
11111111111111111111111111111111111111111111111111111111111111111111111111111111111111111111111111111111111111111111111111111111
11111111111111111111111111111111111111111111111111111111111111111111111111111111111111111111111111111111111111111111111111111111
11111111111111111111111111111111111111111111111111111111111111111111111111111111111111111111111111111111111111111111111111111111