11111111111111111111111111111110111111111111111011111111111111111111111111111111111111111111011111101111111111111111111111111111
11111111111111111111111111111110111111111111111011111111111111111111111111111111111111111111011111101111111111111111111111111111
11001111000011111001111111111110000111111111110011111100111111011111000111111111111010111110011111000111111111111111111111111111
11001111000011111001111111111110000111111111110011111100111111011111000111111111111010111110011111000111111111111111111111111111
11001111000001111001111111111100000111111111110001111100111110011111000011111111110000011100001110000111111111111111111111111111
11001111000001111001111111111100000111111111110001111100111110011111000011111111110000011100001110000111111111111111111111111111
11001111000001111001111111111100000111111111110001111100111110011111000011111111110000011100001110000111111111111111111111111111
11000111000001111001111111111100000111111111110001111000111110001111000011111111110000011100001110000111111111111111111111111111
11000111000001110001111111111100000111111111110001111000011110001111000011111111110000011100001110000111111111111111111111011111
11000111000001110001111111111100000111111111110001111000011110001111000011111111110000011100001110000111111111111111111111011111
11000111000001110000111111111100000111111111110001111000011110001111000011111111110000011100001110000111111111111111111111011111
11000111000001110000111111111100000111111111110001111000011110001111000011111111110000011100001110000111111111111111111111011111
10000111100001110000111111111110000111111111110001111000011100001111000011111111111000011100001110000111111111111111111111011111
10000111100001110000111111111110000111111111110001111000011100001111000011111111111000011100001110000111111111111111111111011111
10000111100001110000111111111110000111111111110001111010011100001111000011111111111000011100011111000111111111111111111111011111
10000111100001110000111111111110000111111111110001111010011100001111000011111111111000011100011111000111111111111111111111011111
10000111100001110000111111111110000111111111110111111010011100001111110011111111111110011100111111000111111111111111111111011111
10000111110001110000111111111110100111111111110111111011011101101111110011111111111110011100111111100111111111111111111111011111
10000111110001110000111111111110100111111111110111111011011101101111110011111111111110011100111111100111111111111111111111011111
10010111111001110000111111111111100111111111110111111011011111101111110011111111111110011101111111100111111111111111111111011111
10110111111001110100111111111111100111111111110111111011011111101111110011111111111110011101111111110111110111111111111110111111
10110111111001110100111111111111100111111111110111111011011111101111110011111111111110011101111111110111110111111111111110111111
10110111111001110110111111111111100111111111110111111011011111101111110011111111111110011101111111110111110111111111111110111111
10110111111001110110111111111111100111111111110111111011011111101111110011111111111110011101111111110111110111111111111110111111
10110111111001110110111111111111100111111111111111111011011111101111110011111111111110011101111111110111110111111111111110111111
10110111111001110110111111111111100111111111111111111011011111101111110011111111111110111101111111110111110111111111111110111111
10110111111001110110111111111111100111111111111111111011011111101111110011111111111110111101111111110111110111111111111110111111
10110111111001110110111111111111100111111111111111111111011111101111110011111111111110111101111111110111110111111111111110111111
10110011111001110110111111111111100111111111111111111111011111101111110011111111111110111101111111110111110111111111111110111111
10110011111001110110111111111111100111111111111111111111011111101111110011111111111110111101111111110111110111111111111110111111
10110011111001110110111111111111100111111111111111111111011111101111110011111111111110111101111111111111110111111111111110111111
10110011111001110110111111111111100111111111111111111111011111101111110011111111111110111101111111111111110111111111111110111111
10110011111001110110111111111111100111111111110111111111011111101111110011111111111110111101111111101111110111111111111110111111
10110011111011110110111111111111100111111111110111111111011111101111110011111111111110111101111111101111110111111111111110111111
10110011111011110110111111111111100111111111110111111111011111101111110011111111111110111101111111101111110111111111111110111111
10110011111011110110111111111111101111111111110111111111011111101111110111111111111110111101111111101111110111111111111110111111
10111011111011110110111111111111101111111111110111111111011111101111110111111111111110111101111111101111110111111111111110111111
10111011111011110110111111111111101111111111110111111111011111101111110111111111111110111101111111101111110111111111111110111111
10111011111011110110111111111111101111111111110111111111011111101111110111111111111110111101111111101111110111111111111110111111
10111011111011110110111111111111101111111111110111110111011111101111110111111111111110111100111111101111110111111111111100111111
10111011111011110010111111111111101111111111110111110111011111101111110111111111111110111100111111101111110111111111111100111111
10111011111011110010111111111111101111111111110111110111011111101111110111111111111110111100111111101111110111111111111100111111
10111011111011110000111111111111101111111111110111110111011111101111110111111111111110111100111111101111110111111111111100111111
10111011111011110000111111111111101111111111110111110111011111101111110111111111111110111100111111101111111111111111111100111111
10111011111011110000111111111111101111111111110111110111111111101111110111111111111110111100111111101111111111111111111100111111
10111011111011110000111111111111101111111111110011110111111111101111110111111111111110111100111111101111111111111111111100111111
10111011111011110000111111111111101111111111110011110111111111101111110111111111111110111100111111101111111111111111111100111111
10111011111011110000111111111111101111111111110011110111111111101111110111111111111110111100011111101111111111111111111100011111
10111011111011110000111111111111101111111111110011110111111111101111110111111111111110111100011111101111101111111111111100011111
10111011111011110000111111111111101111111111110011110111111111101111110111111111111110111100011111101111101111111111111100011111
10110011111011110000111111111111101111111111110001110111111111101111110111111111111110111100011111101111101111111111111100011111
10110011111011110000111111111111101111111111110001110111111111101111110111111111111111111100011111101111101111111111111100011111
10110011110011110000111111111111101111111111110001110111111111101111111111111111111101111100011111100111101111111111111100011111
10110011110011110000111110011111101111001011110001110111111111101111111111110011111101111100011111100111101111111010111100011111
10110011110111110000111110011111101111001011110001110111111111101111111111110011111101111100011111100111101111111010111100011111
10110011110111110000111000011111001111000011110001110111111111101111111111100001111101111100011111100111101111111000111100011111
10110011110111110000111000011111011111000011110001110111111111101111101111100001111101111110011111100111101111110000111100001111
10110011110111110000111000011111011111000011111001110111111111101111101111100001111101111111011111100111101111110000111100001111
10010011110111110000111000011111011111000011111001110111111111001111101111100001111101111111001111100111101111110000011100001111
10010011110111110000111000011111011111000011111001110111111111001111101111100001111101111111001111100111101111110000011100001111
10010111110111110000111000001111011111000011111001110111111111011111101111100001111101111111001111100111101111110000011100001111
10000111110111110000111000001111011111000011111001110111111111011111101111100001111101111111001111100111101111110000011100001111
10000111110111110000111000001111011111000011111101110111111111011111101111100001111101111111001111100111101111110000011101001111
10000111110111110000111000001111011111000011111101110111111111011111101111100001111101111111001111100111101111110000011101001111
10000111110111110000111000001111011111000011111101110111111111011111101111100001111101111111101111110111101111110000011101101111
10000111110111110000111000001111011111000011111101110111111111011111101111100001111101111111101111110111101111110000011101101111
10000111110111110000111000001111011111000011111101110111111111011111101111100001111101111111101111110111101111110000011101101111
10000111110111110000111000001111011111000011111101110111111111011111101111100001111101111111101111110111101111110000011101101111
10000111110111110000111000001111011111000011111101110111111111011111101111100001111101111111101111110111101111110000111101101111
10000111110111110000111000001111011111000011111101110111111110011111101111100001111101111111101111110111101111110000111101101111
11000111110111110000111000001111011111000011111101110111111110011111101111100001111101111111101111110111101111111000111101101111
11000111110111110000111000001111011111000011111101110111111110011111101111100001111101111111101111110111101101111000111101101111
11000111110111110100111000011111011111100011111101110111111110011111101111110011111101111111101111110011101101111100111101101111
11000111110111110100111101111111011111111111111101110111111110011111101111111111111101111111101111110011101101111111111101101111
11000111110111110100111101111111011111111111111101110111111110011111101111111111111101111111101111110011101101111111111101101111
11000111110111110110111111111111011111111111111101110111111110111111101111111111111101111111101111110011101101111111111111101111
11000111110111110110111111111111011111111111111101110111111110111111101111111111111111111111101111111011101001111111111011101111
11000111110111110110111111111111011111111111111101110111111110111111101111111111111111111111101111111011101001111111111011101111
11000111111111110110111111111111011111111111111101110111111110111111101111111111111111111111101111111011101001111111111011101111
11000111111111110110111111111111011111111111111101110111111110111111101111111111111111111111101111111011101001111111111011101111
11000111111111110110111111111111011111111111111101110111111110111111101111111111111111111111101111111011100001111111111011101111
11000111111111110110111111111111011111111111111101110111111110111111101111111111111111111111101111111011100001111111111011111111
11000111111111110110111111111111011111111111111101110111111110111111101111111111111111111111101111111011100001111111111011111111
11100111111111110110111111111111111111111111111101110111111110111111101111111111111111111111101111111011100001111111111011111111
11100111111111110110111111111111111111111111111111110111111110111111101111111111111111111111101111111011100001111111111011111111
11100111111111110110111111111111111111111111111111110111111110111111101111111111111011111111101111111011100001111111111011111111
11100111111111110110111111111111111111111111111111110111111110111111111111111111111011111111101111111011100001111111111011111111
11100111111111110110111111111111111111111111111111110111111100111111111111111111111011111111101111111011100001111111111011111111
11100111111111110110111111111111111111111111111111110111111101111111111111111111111011111111101111111011100001111111111011111111
11100111111111110110111111111111111111111111111111110111111101111111111111111111111011111111101111111011100001111111111011111111
11100111111111110110111111111111111111111111111101110111011101111111111111111111111011111111101111111011100001111111111011111111
11100111111111110110111111111111111111111111111101110111011101111111111111111111111011111111101111111011100001111111111011111111
11101111111111110110111111111110111111111111111101110111011101111111111111111111111011111111101111111011100001111111111011111111
11101111101111110110111111111110111111111111111101110111011101111111111111111111111011111111101111111011100001111111111011111111
11101111101111110110111111111110111111111111111101110111011101111111111111111111111011111111101111111011100001111111111011111111
11101111101111110110111111111110111111111111111101110111011101111111111111111111111011111111101111111011100001111111111011111111
11101111101111110110111111111110111111111111111101111011011101111111111111111111111011111111101111111011100001111111111111111111
11101111101111110110111111111110111111111111111101111011011101111111111111111111111011111111101111111011111001111111111111111111
11101111101111110110111111111110111111111111111101111011011101111111111111111111111011111111101111111011111001111111111101111111
11101111101111110110111111111110111111111111111101111011011101111111111111111111111011111111101111111011111001111111111101111111
11101111101111110110111111111110111111111111111101111011011101111111111111111111111011111111101111111011111011111111111101101111
11101111101111110110111111111110111111111111111101111011011101111111111111111111111011111111001111111011111011111111111101101111
11101111101111110110111111111110111111111111111101111011011101111111111111111111111011111111001111111011111011111111111101101111
11101111101111110110111111111110111111111111111101111011011100111111111111111111111011111111001111110011111011111111111101101111
11101111101111110110111111111110111111111111111101111011011100111111011111111111111011111111001111110111111011111111111101101111
11101111101111110110111111111110111111111111111101111011011100111111011111111111111011111111001111110111111011111111111101101111
11001111101111110110111111111110111111111111111101111011011100111111011111111111111011111111001111110111111011111111111101101111
11001111101111110110111111111110111111111111111101111011011100111111011111111111111011111111011111110111111011111111111101101111
11001111101111110110111111111110111111111111111101111011011100111111011111111111111011111111011110110111111011111111111101101111
11001111101111110000111111111110111111111111111001111011011100011111011111111111111011111111011110110111111011111111111100101111
11001111101111110000111111111110111111111111111001111011011100011111011111111111111011111111011110110111111011111111111100101111
11001111101111110000111111111110111111111111111001111011011100001111011111111111111011111110011110000111111011111111111100001111
11001111101111110000111111111111111111111111110001111000011100001111111111111111111011111110011110000111111111111111111100001111
11011111101111110000111111111111111111111111110001111000011100001111111111111111111011111110011110000111111111111111111100001111
11011111101111110000111111111111111111111111110001111000011100001111111111111111111011111110011110000111111111111111111100001111
11011111101111110000111111111111111111111111110011111000011100001111111111111111111011111110011110000111111111111111111100001111
11011111101111110000111111111111111111111111110011111000011100001111111111111111111011111100011110000111111111111111111100001111
11011111101111110000111111111111111111111111110011111000011100001111111111111111111011111100011110000111111111111111111100001111
11011111101111110000111111111111111111111111110011111000011100001111111111111111111011111100011110000111111111111111111100011111
11011111101111110000111111111111111111111111110011111000011100001111111111111111111011111100011110000111111111111111111100011111
11011111111111110000111111111111111111111111110011111000111100001111111111111111111111111100011110000111111111111111111110011111
11011111111111111000111111111111111111111111110011111100111110001111111111111111111111111100111111001111111111111111111110011111
11011111111111111000111111111111111111111111110011111100111110001111111111111111111111111100111111001111111111111111111110011111
11011111111111111001111111111111111111111111110111111100111110101111111111111111111111111100111111001111111111111111111110011111
11111111111111111001111111111111111111111111110111111100111111111111111111111111111111111101111111001111111111111111111110011111
11111111111111111001111111111111111111111111110111111100111111111111111111111111111111111101111111001111111111111111111110011111
11111111111111111001111111111111111111111111111111111111111111111111111111111111111111111111111111011111111111111111111111111111
11111111111111111001111111111111111111111111111111111111111111111111111111111111111111111111111111011111111111111111111111111111