11111111111111111111111111111100111100011101111111111111111111111001111111111111110011110011110011110111110111111111111111111111
11111111111111111111111111111100111100011101111111111111111111111001111111111111110011110011110011110111110111111111111111111111
11111111111111111111111111111100111000011100111111110000111111111001111111111111110011110011110011100011110111000011111111111111
11111111111111111111111111111100111000011100111111110000111111111001111111111111110011110011110011100011110111000011111111111111
11111111111111111111111111111100111000011100111111110000111111111001111111111111110011110011110011100011100111000011111111101111
11111111111111111111111111111100111000011000111111110000111111111001111011111111110011110011110011100011100111000011111111101111
11111111111111111111111111111100111000011000111111110000111111111001111011111111110011110011110011100011100111000011111111101111
11111111111111111111111111111100111000011000111111110000111111110001111011111111110001110011100011100011100011000011111111101111
11111111111111111111111111111100111000011000111111110000111111110001111011111111110001110011100011100011100011000011111111101111
10111110011111111111111111111100111000011000111111110000111111110001111011111111110001100011100011100011100011000011111111101111
10011110011100111111111111111100011000011000111111110000111111110001111011111111110001100011100011100011100011000011111111101111
10011110011100111111111111111100011000011000111111110000111111110001111011111111110001100011100011100011100011000011111111101111
10011110011100011101011111111100011000011000111111110000111111110001111011111111110001100011100011100011100011000011111111101111
10011110011100011101011111111100011000011000111111110000111111110001111011111111110001100011100011100011100011000011111111101111
10011110011100011101011111111000011000011000111111110000111111110001111011111111110101100001100011100011100011000011111111101111
10011110011100011101011111111000011000011000111111111000111111110001111011111111110101100001100011100011100011100011111111101111
10011110011100011101011111111011011111011010111111111110111111110101111011111111110101101001101011100011100011111011111111101111
10011110011100011101011111111011011111011010111111111110111111110101111011111111110101101001101011100011100011111011111111101111
10011110011100011101011111111011011111011010111111111110111111110111111011111111110101101101101011110011101011111011111111101111
10011110011100011101011111111011011111011010111111111110111111110110111011111111110101101101101111111011101011111011111111101111
10011100011100011101011111111011011111011010111111111110111111110110110011111111110101101101101101111011101011111011111111101111
10011100011100011101011111111011011111011010111111111110111111110110110011111111110101101101101101111011101011111011111111101111
10011100011100011101011111111011011111011010111111111110111111110110110011111111110101101101101101111011101011111011111111101111
10011100011100011101011111111011011111011010111111111110111111110110110011111111111101101101101101111011101011111011111111101111
10011100011100011101011111111011011111011010111111111110111111110110110011111111101101101101101101111011101011111011111111101111
10011100011100011101011111111011011111011011111111111110111111110110110011111111101101101101101101111011101011111011111111101111
11011101011101011101011111111011011111111011111111111110111111110110110011111111101101111101101101111011101011111011111111101111
11011101011101011101011111111011011111111011111111111110111111110110110011111111101101111101101101111011101011111011111111101111
11011101111101011101011111111011011110111011111111111110111111110110110011111111101101111101101101111011101011111011111111101111
11111101111101011101011111111011011110111011111111111110111111110110110011111111101101111101101101111011101011111011111111101111
11111101111101011101011111111011011110111011111111111110111111110110110011111111101101111101101101111011101011111011111111101111
11111101111101111101011111111011011110111011111111111110111111110110110111111111101101111101101101111011101011111011111111101111
11111101111101111101011111111011011110111011111111111110111111110110110111111111101101111101101101110011101011111011111111101111
11111101111101111101011111111011011110111011111111111110111111110110110111111111101101111101101101110011101011111111111111101111
11111101111101101101011111111011011110111011111111111110111111110110110111111111101101111101101101110111101011110111111111101111
11111101111101101101011111111011011110111010111111111110111111110110110111111111101101111101101101110111101011110111111111101111
11111101111101101101011111111011011110111010111111111110111111110110110111111111101101111101101101110111101011110111111111101111
11111101111101101101011111111011011110111010111111111110111111110110110111111111101101111101101101110111101011110111111111101111
11111101111101101101011111111011011110111010111111111110111111110110110111111111101101111101101101110111101011110111111111111111
11111101111101101101011111111011011110111010111111111101111111110110110111111111101101111101101101110111101011110111111111111111
11111101111101101101011111111011011110111010111111111101111111110110110111111111101101111101101101110111101011110111111111011111
11111101111101101101011111111011011110111010111111111101111111110110110111111111101101111101101101110111101011110111111111011111
11111101111101101101011111111011011110111010111111111101111111110110110111111111101101111101101101110111101011110111111111011111
11111101111101101101111111111011011110111010111111111101111111110110111111111111101101111101101101110111101011110111111111011111
11111101111101101101111111111011011110111010111111111101111111110110111111111111101101111101101101110111101011110111111111011111
11111101111101101101111111111011011110111000111111111101111111110110111111111111101101111101101101110111100011110111111111011111
11111101111101101101111111111011011110111000111111111101111111110110111111111111101101111101101101110111100011110111111111011111
11111101111101101101111111111011011110111000111111111101111111110110111111111111101101111101101101110111100011110111111111011111
11111101111101101101111111111011011110111000111111111101111111110110111111111111101101111101101101110111100011110111111111011111
11011101111101111101011111111011011110111100111111111101111111110110111111111111101101111001101101110111100111110111111111011111
11011100111101111100011111111011011110111100111111111101111111110110111111111111101101111001101101110111100111110111111111011111
11011100111101111110011111111011011110111100111111111101111111110110111111111111101101111011101101110111100111110111111111011111
11011100111101011110011111111011011110111100111010111101111111110110111111111111101101111011101101110111100111110111101111011111
11011100111101011110011111111011011110111100111010111101111111110110111111111111101101111011101101110111100111110111001111011111
11011110111101011110011111111011011111111100111000111101110000110110111111110001101101111011101101110111100111110111000111011111
11011110111101011110011111111011011101111100111000111101110000110110111111110001101101111011101101110011100111110111000011011111
11111110111101011110011111111011011101111100111000111101110000110110111111110001101101111011101101110011100111110111000011011111
11111110111100011110011111111011011101111100111000111101110000110110111111110001101101111011101101110011100111110111000011011111
11111110111100011110011111111011011101111100111000111101110000110110111111110001101101111011101101110011100111110111000011011111
11111110111100011110011111111011011101111100111000111101110000110110111111110001101101111011101101110011100111110111000011011111
11111110011100011110011111111001011101111100111000111101110000110110111111110001101101111011101101110011100111110111000011011111
11111110011100011110011111111001011101111100111000111101110000110110111111110001101101111011101101110011100111111111000011011111
11111110011100011110011111111000011101111000111000111101110000110110111111110001101101111011101101110011100011101111000011010111
11111110011100011110111111111000011101111000111000111101110000110110111111110001101101111011101101110011100011101111000011010111
11111110011100011110111111111100011101111000111000111101110000110110111111110001101101111011101101111011100011101111000011010111
11011110011100011110111111111100011101111000111000111101110000110110111111110001101101110011101101111011100011101111000011010111
11011110011100011110111111111100011101111000111000111101110000110110111111110001101101110011101101111011100011101111000011010111
11011110011100011110111111111100011101111000111000111101110000110110111111110001101101110011101101111011100011101111000011010111
11011110011100011110111111111100011101111010111000111111110000110110111111110001101101110011101101111011100011101111000011010111
11011111011100011110111111111100011101111010111000111111110000110110111111110001101101110011101101111011101011101111000011010111
11011111011100011110111111111100011101111010111000111111110000110110111111110001101101110011101101111011101011101111000011010111
11011111011100011110111111111100011101111010111000111111110000110110111111110001101101110111101101111011101011101111000111010111
11011111011100011110111111111100011101111010111000111011110000110110111111110001101101110111101101111011101011101111000111010111
11011111011101011110111111111100011101111010111111111011111111110110111111110111101101110111101101111011101011101111111111010111
11011111011101011110111111111100011101111010111111111011111111110110111111111111101101110111101101111011101011101111111111010111
11011111011101011110111111111100011101111010111111111011111111110110111111111111101101110111101101111011101011101111111111010111
11011111011101011110111111111100011101111011111111111011111111110110111111111111101101110111101101111011101011101111111111010111
11011111011101001110011111111100011101111011111111111011111111110110111111111111101101110111101101111011101011101111111111010111
11011111011101101110011111111100011101111011111111111011111111110110111111111111101101110111101101111011011011101111111111010111
11011111001101101110011111111110111101111011011111111011111111110110111111111111101101110111101101111011011011101111111111010111
11011111001101101110011111111110111101111011011111111011111111110110111111111111101101110111101101111011011011101111111111010111
11011111001101101110011111111110111101111011011111111011111111110110111111111111101101110111101101111011011011101111111111010111
11011111001101101110011111111110111101111011011111111011111111110110111111111111101101110111101101111011011011101111111111000111
11011111101101101110011111111110111101111011011111111011111111110110111111111111101101110111101101111011011011101111111111000111
11011111101101101110011111111110111101111011011111111011111111110110111111111111101101110111101101111011011011101111111111000111
11011111101101101110011111111110111101111011011111111011111111110110111111111111101101100111101101111011011011101111111111000111
11011111101101101111011111111110111101111011011111111011111111110110111111111111101101100111101101111011011011101111111111000111
11011111101101101111011111111110111101111011011111111011111111110110111111111111101101100111101101111011011011101111111111000111
11011111101101101111011111111110111101111011011111111011111111110110111111111111101101100111101101111011011011101111111111000111
11011111101101101111011111111110111101111011011111111011111111110110111111111111101101101111101101111011011011101111111111000111
11011111101101101111011111111110111101111011011111111011111111110110111111111111101101101111101101111011011011101111111111000111
11111111101101101111011111111110111101111011011111111011111111110110111111111111101101101111101101111011011011101111111111000111
11111101101101101111011111111110111101111011011111111011111111110110111111111111101101101111101101111011011011101111111111000111
11111101101101101111011111111110111101111011011111111011111111110110111111111111101101101111101101111011011011101111111111000111
11111101101101101111011111111110111101111011011111111011111111110110111111111111101101101111101101111011011011101111111111000111
11111101101101101111011111111110111101111011011111111011111111110110111111111111101101101111101101111011011011101111111111000111
11111101101101101111011111111110111101111011011111111011111111110110111111111111101101101111101101111011011011101111111111000111
11111101101101101111011111111110111101111011011111111011111111110110111111111111101101101111101101111011011011101111111111000111
11111101101101101111011111111110111101111011011111111011111111110110111111111111101101101111101101111011011011101111111111100111
11111101101101101111011111111110111101111011011111111011111111110110111111111111101101101111101101111011011011101111111111110111
11111101101101101111011111111110111101111011011111111011111111110110111111111111101101101111101101111011011011101111111111110111
11111101101101101111011111111110111101111011011111111011111111110110111111111111101101101111101101111011011011101111111111110111
11111101101101101111011111111110111101111011011111111011111111110110111111111111101101101111101101111011011011101111111111110111
11111101101101101111011111111110111101111011011111111011111111110110111111111111101101101111101101111011011011101111111111110111
11011101111101011111011111111100111101111011011111111011111111110110111111111111101101101111101111111011011011101111111111110111
11011101011101011111011111111100111101111010011111111011111111110110111111111111101101101111101011111011011011101111111111110111
11011101011101011111011111111100111101111010111111111011111111110110111111111111101101101111101011111011011011101111111111110111
10011100011101011111011111111100111101111010111111111011111111110110111111111111101101101111101011111011001011101111111111110111
10011100011100011111011111111101111101111010111111111011111111110110111111111111111101101111101011111011001011101111111111110111
10011100011100011111011111111101111101111010111111111011111111110111111111111111111101101111101011101011001011101111111111110111
10011100011100011111011111111101111101111010111111111011111111110101111111111111110101100111101011100011000011101111111111110111
10011100011100011111011111111101111101111010111111111011111111110101111111111111110101100111101011100011100011101111111111110111
10011100011100011111011111111101111101111000111111111011111111110001111111111111110001100001100011100011100011101111111111110111
10011110011100011111011111111101111101111000111111111011111111110001111111111111110001100001100011100011100011101111111111110111
10011110011100011111011111111101111101111000111111111011111111110001111111111111110001100001100011100011100011101111111111110111
10011110011100011111011111111101111101111000111111111011111111110001111111111111110001100001100011100011100011101111111111110111
10011110011100011111011111111101111101111000111111111011111111110001111111111111110001100001100011100011100011101111111111110111
10011110011100011111011111111101111101111000111111111011111111110001111111111111110001100001100011100011100011101111111111110111
10011110011100011111011111111101111101111000111111111011111111110001111111111111110001100001100011100011100011101111111111110111
10011110011100011111011111111101111101111000111111111011111111111001111111111111110001100001100011100111100011101111111111110111
10011110011100011111011111111101111101111000111111111011111111111001111111111111110001100001100011100111100011101111111111110111
10011110011100011111011111111101111101111000111111111011111111111001111111111111110001100001110011100111100111101111111111110111
10011110011100011111011111111101111101111000111111111011111111111001111111111111110001100001110011100111100111101111111111110111
11111110011111111111011111111101111101111100111111111011111111111001111111111111110011100001110011100111100111101111111111110111
11111110111111111111111111111101111111111101111111111011111111111001111111111111110011111001110011100111100111101111111111111111
11111110111111111111111111111101111111111101111111111011111111111001111111111111110011111001110011100111100111101111111111111111
11111111111111111111111111111111111111111101111111111111111111111011111111111111111011111111110111100111100111111111111111111111
11111111111111111111111111111111111111111101111111111111111111111011111111111111111011111111110111100111100111111111111111111111