11111111111111111111111111111111111111111111111111111111111111111111111111111101111111111111111111111111111111111111111111111111
11111111111111111111111111111111111111111111111111111111111111111111111111111101111111111111111111111111111111111111111111111111
11111111111111111111111111111111111111111111111111111111111111111111111111111101111101111111111111111111111111111111111111111111
11111111111111111111111111111111111111111111111111111111111111111111111111111101111101111111111111111111111111111111111111111111
11111111111111111111111111111111111111111111111111111111111111111111111100111000111101111111111111111111111001111111111111111111
11111111111111111111111111111100111111011100111111111000011111111000111000111000111001111111111001111101111001111000111111111101
11111111111111111111111111111100111111011100111111111000011111111000111000111000111001111111111001111101111001111000111111111101
11111111111111111111111111111100111000011100111111111000011111111000111000111000111001111111111001111101111001110000111111111101
11111111111111111111111111111100111000011100111111111000011111111000111000111000111001111111111001111101111001110000111111111101
11111111111111111111111111111100111000011100111111111000011111111000111000111000111000111111111001111101111001110000111111111101
11111111111111111111111111111100111000011100111111111000011111111000111000111000111000111111111000111101111001110000111111111101
11111111111111111111111111111100111000011100111111111000011111111000111000111000111000111111111000111101111001110000111111111101
11111111111111111111111111111100111000011100111111111000011111111000111000111000111000111111111000111101111001110000111111111101
11111111111111111111111111111100011000011100111111111000011111111000111000111000111000111111111000111001111000110000111111111101
11111111111111111111111111111100011000011100111111111000011111111000111000111000111000111111111000111001111000110000111111111101
11111111111111111111111111111100011000011000111111111000011111111000111000111000111000111111111000111001111000110000111111111101
11111111111111111111111111111100011000011000111111111000011111111000111000111000111000111111111000111001111000110000111111111101
11011110011100111101111111111100011000011000111111111000011111111000111000111010111000111111111000111001111000110000111111111101
10011110011100111101111111111100011000011000011111111000011111111000111000111010111000111111111000111001110000110000111111111101
10011110011100111101111111111100011000011000011111111000011111111000111000111010111010111111111000111001110000110000111111111101
10011110011100011101111111111100011000011000011111111000011111111000111000111010111010111111111000111001110000110000111111111001
10011110011100011101111111111100011110011000011111111110011111111011111011111010111010111111111010111001110000111100111111111001
10011110011100011101111111111101011111011011011111111111011111111011111011111010111110111111111110111001110010111100111111111001
10011110011100011101111111111101011111011011011111111111011111111011111011111010111110111111111110111001110010111100111111111001
10011110011100011101111111111101011111011011011111111111111111111011111011111010111110111111111110111001110110111100111111111001
10011110011100011101111111111011011111011011011111111110111111111011111011111110111110111111111110111001110110111100111111111011
10011110011100011101111111111011011111011011011111111110111111111011111011111110111110111111111110111001110110111100111111111011
10011110011100011101111111111011011111011011011111111110111111111011111011111110111110111111111110111001110110111100111111111011
10011110011100011101111111111011011111011011011111111110111111111011111011111110111110111111111110111001110110111100111111111011
10011110011100011101111111111011011111011011011111111110111111111011111011111110111110111111111110111001110110111101111111111011
10011110011100011101111111111011011111011011011111111110111111111011111011111110111110111111111110111001110110111101111111111011
10011100011100011101111111111011011111011011011111111110111111111011111011111110111110111111111110111001110110111101111111111011
10011101011101011101111111111011011111011011011111111110111111111011111011111110111110111111111110111001110110111101111111111011
10011101011101011101111111111011011111011011011111111110111111111011111011111110111110111111111110111001110110111101111111111011
10011101011101011101111111111011011111011011011111111110111111111011111011111110111110111111111110111001110110111101111111111011
10011101011101011101111111111011011111011011011111111110111111111011111011111110111110111111111010111001110110111101111111111011
10011101001101011101111111111011011110011011011111111110111111111011111011110110111110111111111010111001110110111101111111111011
10011101101101011101111111111011011110111011011111111110111111111011111011110110111110111111111010111001110110111101111111111011
10011101101101111101111111111011011110111011011111111110111111111011111011110110111110111111111010111101110110111101111111111011
10011101101101111101111111111011011110111011011111111110111111111011111011110110111110111111111010111101110110111101111111111011
11011101101101111101111111111011011110111011011111111110111111111011111011110110111110111111111010111101110110111101111111111011
11011101101101111101111111111011011110111011011111111110111111111011111011110110111110111111111010111101110110111101111111111011
11011101101101111101111111111011011110111011111111111110111111111011111011110110111110111111111010111101110110111101111111111011
11011101101101101101111111111011011110111010111111111110111111111011111011110110111110111111111010111101110110111001111111111011
11011101101101101101111111111011011110111010111111111110111111111001111001110110111110111111111010111101110110111001111111111011
11011101111101101101111111111011011110111010111111111110111111111001111001110110111110111111111010111101110110111001111111111011
11011101111101101101111111111011011110111000111111111110111111111001111001110110111110111111111010111101110110111001111111111011
11011101111101101101111111111011011110111100111111111110111111111001111001110110111110111111111000111101110110111001111111111011
11011101111101101101111111111011011110111100111111111110111111111001111001110110111110111111111000111101110110111001111111111011
11011101111101101101111111111011011110111100111111111110111111111001111001110110111110111111111000111101110110111001111111110001
11011101111101101101111111111011011110111100111111111110111111111001111001110110111110111111111001111101110110111001111111110001
11011101111101101101111111111011011110111100111111111101111111111001111001110110111110111111111001111101110110111001111111110001
11011101111101101100111111111011011110111100111111111101111111111000111001110110111110111111111001111101110110111001111111110001
11011101111101101100111111111011011110111100111111111101111111111000111001110110111110111111111001111101110110111001111111110001
11011101111101101100111111111011011110111100111000111101111000111000111000110110111110111000111001111101110110111001110001110001
11011101111101101100111111111011011110111100111000111101111000111000111000110110111110111000111001111101110110111001110001110001
11011100111101101100111111111011011110111100111000011101111000011000111000110110111100110000111001111101110110111001110000110001
11011100111101001100111111111011011110111100111000011101111000011000111000110110111100110000111001111101110110111001110000110000
11111100111101001100111111111011011110111100111000011101111000011000111000110110111100110000111001111101110110111001110000110000
11111100111101001100111111111011011110111100111000011101111000011100111100110110011100110000111001111101110110111001110000110000
11111110111101001100111111111001011110111100111000011101111000011100111100110110011100110000111000111101110010111001110000110000
11111110111101001100111111111101011110111100111000011101111000011110111110110111011100110000111000111101110010111001110000110000
11111110111100001100111111111101011110111100111000011101111000011110111110110111011100110000111000111101110010111001110000110000
11111110111100011100111111111101011110111100111000011101111000011110111110110111011101110000111000111101110010111001110000110000
11111110111100011100111111111101011110111100111000011101111000011110111110110111011101110000111000111101110000111101110000110000
11111110111100011100111111111100011100111000111000011101111000011110111110110111011101110000111000111101110000111100110000110000
11111110111100011100111111111100011100111000111000011101111000111110111110110111011101110000111000111101111000111100110000110100
11111110011100011100111111111100011100111000111000011101111000111110111110110111011101110000111000111101111000111100110000110100
11111110011100011110111111111100011101111000111000011101111000111110111110110111011101110000111000111101111000111100110000110110
11111110011100011110111111111100011101111000011000011101111000111110111110110111011101110000111000111101111000111110110000110110
11111110011100011110111111111100011101111000011000011101111000111110111110110111011001110000111000111101111000111110110000110110
11111110011100011110111111111100011101111010011000011101111000111110111110110111011001110000111010111101111000111110110000110110
11111110011100011110111111111100011101111010011000011101111001111110111110110110011001111000111010111101111000111110110000110110
11111110011100011110111111111100011101111010011000011101111001111110111110110110011001111000110010111101111000111110110000110110
11111110011100011110111111111100011101111011011111111101111101111110111110110110011001111101110010111101111000111110111101110110
11111110011100011110011111111100011101111011011111111101111101111110111110110110011001111101110010111101111000111110111101110110
11111111011101011110011111111100011101111011011111111101111111111110111110110110011001111111110110111101111000111110111111110110
11111111011101011110011111111100011101111011011111111101111111111110111110110110011001111111110110111101111000111110111111110110
11111111011101001110011111111100011101111011011111111101111111111110111110110110011001111111110110111101111000111110111111110110
11111111011101001110011111111110011101111011011111111101111111111110111110110110011011111111110110111101111100111110111111110110
11111111011101001110011111111110011101111011011111111101111111111110111110110110011011111111110110111101111100111110111111110110
11111111011101001110011111111110011101111011011111111101111111111110111110110110111011111111110110111101111100111110111111110110
11111111011101001110011111111110011101111011011111111101111111111110111110110110111011111111110110111101111100111110111111110110
11111111011101001110011111111110011101111011011111111101111111111110111110110110111011111111110110111101111100111110111111110110
11111111011101101110011111111110011101111011011111111101111111111110111110110110111011111111110110111101111101111110111111110110
11011111011101101111011111111110011101111011011111111101111111111110111110110110111011111111110110111101111101111110111111110110
11011111011101101111011111111110011101111011011111111101111111111110111110110110111011111111110110111101111101111110111111110110
11011111011101101111011111111110111101111011011111111101111111111110111110110110111011111111110110111101111101111110111111110110
11011111011101101111011111111110111101111011011111111101111111111110111110110110111011111111110110111101111101111110111111110110
11011111011101101111011111111110111101111011011111111101111111111110111110110110111011111111110110111101111101111110111111110110
11011111101101101111011111111110111101111011011111111101111111111110111110110110111011111111110110111101111101111110111111110110
11011111101101101111011111111110111101111011011111111101111111111110111110110110111011111111110110111101111101111110111111110110
11011111101101101111011111111110111101111011011111111101111111111110111110110110111011111111110110111101111101111110111111110110
11011111101101101111011111111110111101111011011111111101111111111110111110110110111011111111110110111101111101111110111111110110
11011111101101101111011111111110111101111011011111111101111111111110111110110010111011111111110110111101111101111110111111110110
11011111101101101111011111111110111101111011011111111101111111111110111110111010111011111111110110111101111101111110111111110110
11011101101101101111011111111110111101111011011111111101111111111110111110111010111011111111110110111101111101111110111111110110
11011101101101101111011111111110111101111011011111111101111111111110111110111010111011111111110110111101111101111110111111110110
11011101101101101111011111111110111101111011011111111111111111111110111110111010111011111111110110111101111101111110111111110110
11011101101101101111011111111110111101111011011111111111111111111110111110111010111011111111110110111101111101111110111111110110
11011101101101101111011111111110111101111011011111111111111111111110111110111010111011111111110110111101111101111110111111110110
11011101101101101111011111111110111101111011011111111111111111111110111110111010111011111111110110111101111101111110111111110110
11011101101101101111011111111110111101111011011111111111111111111110111110111010111011111111110110111101111101111110111111110110
11011101101101101111011111111110111101111011011111111111111111111110111110111010111011111111110110111101111101111110111111110110
11011101001101101111011111111110111101111011011111111111111111111110111100111010111011111111110110111101111001111100111111110110
11011101001101101111011111111110111101111011011111111111111111111110111100111010111011111111110110111101111001111100111111110110
11011101001101001111011111111110111101111011011111111111111111111100111100111010111011111111110110111101111001110100111111110110
11011101001101001111011111111110111101111011011111111111111111111100111100111010111011111111110010111101111001110100111111110110
11011101001101001111011111111110111101111011011111111111111111111100111100111010111011111111110010111101111001110100111111110110
11011101001101001111011111111110111101111010011111111111111111111100111000111010111000111111110010111101111001110100111111110100
11011101011101001111011111111100111101111010011111111111111111111100111000111010111000111111110010111101111001110100111111110100
10011100011100011111011111111100111101111000011111111111111111111001111001111000111000111111110000111101111011110000111111110000
10011100011100011111011111111100111101111000011111111111111111111001111001111000111000111111111000111101111011110000111111110000
10011100011100011111011111111101111101111000011111111111111111111001111001111000111000111111111000111101111011110000111111110000
10011100011100011111011111111101111101111000011111111111111111111001111001111000111000111111111000111101111011110000111111110000
10011100011100011111011111111101111101111000011111111111111111111001111001111000111000111111111000111101111011110001111111110001
10011110011100011111011111111101111101111000111111111111111111111001111001111000111000111111111000111101111011110001111111111001
10011110011100011111011111111101111101111000111111111111111111111001111001111000111000111111111000111101111011110001111111111001
10011110011100011111011111111101111101111100111111111111111111111001111001111000111000111111111000111101111011110001111111111001
10011110011100011111011111111101111101111100111111111111111111111001111001111000111000111111111000111101111011110001111111111001
10011110011100011111011111111101111101111100111111111111111111111001111001111000111000111111111000111101111011110001111111111001
10011110011100011111011111111101111101111100111111111111111111111001111001111000111000111111111000111101111011110001111111111001
10011110011100011111011111111101111101111100111111111111111111111001111001111000111000111111111000111101111011110001111111111001
10011110011100011111111111111101111101111100111111111111111111111001111011111100111111111111111001111101111011110001111111111001
10011110011100111111111111111101111101111100111111111111111111111011111011111101111111111111111001111101111011111011111111111001
10011110011100111111111111111101111101111100111111111111111111111011111011111101111111111111111001111101111011111011111111111001
10111110111111111111111111111111111111111111111111111111111111111111111111111101111111111111111111111101111111111011111111111111
10111110111111111111111111111111111111111111111111111111111111111111111111111101111111111111111111111101111111111011111111111111