11111111111111111111111111111110011111011111111111111111111111111111111111111111111111111111111111111111111101111011111111111011
11111111111111111111111111111110011111011111111111111111111111111111111111111111111111111111111111111111111101111011111111111011
10111110111111111111111111111110011100011110111111111111011111111111111111111111111100111111111111111111111101111001111111111001
10111110111111111111111111111110011100011110111111111111011111111111111111111111111100111111111111111111111101111001111111111001
10111110111111111111111111111110011100011110111111111110011111111110111111111111111100111111111111111111111001111001111111111001
10111110111111111111111111111110011100011110111111111110011111111110111111111111111100111111111111111111111001111001111111111001
10011110011110111111111111111110011100011110011111111100011111111110111100111111111100111111111111111111111001111001111111111001
10011110011110111111111111111110011100001110011111111100011111111100111100111111111100111111111111111111111000111001111111111001
10011110011110111111111111111110011100001110011111111100011111111100111100111111111100111111111111111111111000111001111111111001
10011110011100011101111111111100011100001110011111111100011111111100111100111111111100111111111111111101111000111001111111111001
10011110011100011101111111111100011100001110011111111100011111111100111100111111111100111111111111111101111000111001111111111001
10011110011100011101111111111100011100001110011111111100011111111100111100011111111100111111111110111101111000111001111111110001
10011110011100011101111111111100011100001110011111111100011111111100111100011111111100111111111110111101111000111001111111110001
10011110011100011101111111111100001100001110011111111100011111111100111100011111111100111111111100111101111000111001111111110001
10011110011100011101111111111100001100001100011111111100011111111100111100011111111100111111111100111101111000111001111111110000
10011110011100011101111111111100001111001100011111111100011111111100111100011111111100111111111101111101111001111001111111110000
10011100011100011101101111111100001111001100011111111100011111111100111100011111111100111111111101111101111001111001111111110000
10011100011100011101101111111100001111001100011111111110011111111100111100011111111100111111111101111101111001111001111111110000
10011100011100011101101111111100001111001100011111111110011111111100111100011101111100111111111101111101111001111001111111110000
10011100011100011101101111111101001111001100011111111110011111111100111100011101111100111111111101111101111001111011111111110000
10011100011100001101101111111101101111001100011111111111011111111101111101011101111100111111111101111101111011111011111111110000
10011100011100001101101111111101101111001100011111111111011111111101111101011101111100111111111101111101111011111011111111110000
10011100011100001101101111111101101111001100011111111111011111111101111101011101111100111111111101111101111011111011111111110100
10011100011100001100101111111101101111001100011111111111011111111101111001011101111100111111111101111101111011111011111111110100
10011100011100001100101111111101101111001101011111111111011111111101111001011101111110111111111101111101111011111011111111110100
10111100111101001100101111111101101111001101011111111111011111111101111001011101111110111111111101111101111011111011111111110100
10111100111101001100101111111101101111001101011111111111011111111101111001011101111110111111111101111101111011111011111111110110
10111100111101001100101111111101101111001101011111111111011111111101111011011101111110111111111101111101111011111011111111110110
10111100111101001100101111111101101111001101011111111111011111111101111011011101111110111111111101111101111011111011111111110110
10111100111101001100101111111101101111001101111111111111011111111101111011011101111110111111111101111101111011111011111111110110
10111100111101001100101111111101101111001101111111111111011111111101111011011101111110111111111101111101111011111011111111110110
10111100111101001100101111111101101111011101111111111111011111111101111011011101111110111111111101111101111011111011111111110110
10111100111101001100101111111101101111011101111111111111011111111101111011011101111110111111111101111001111011111011111111110110
10111100111101001100101111111101101111011101111111111111011111111101111011011101111110111111111101111001111011111011111111110110
10111100111101101100101111111101101111011101111111111111011111111101111011011101111110111111111101111001111011111011111111110110
10111100111101101100101111111101101111011101011111111111011111111101111011011101111110111111111101111001111011111011111111110110
10111100111101101100101111111101101111011101011111111111011111111101111011011101111110111111111101111001111011111011111111110110
10111100111101101100101111111101101111011101011111111111011111111101111011011101111110111111111001111001111011111011111111110110
10111100111101101100101111111101101111011101011111111111011111111101111011011101111110111111111001111001111011111011111111110110
10111100111101101100101111111101101111011100011111111111011111111101111011011101111110111111111001111001111011111011111111110110
10111100111101101100101111111101101111011100011111111111011111111101111011011101111100111111111001111001111011111011111111110110
10111100111101101100101111111101101111011100011111111111011111111101111011011101111100111111111001111001111011111011111111110110
10111100111101101100101111111101101111011100011111111111011111111101111011011101111100111111111001111001111011111001111111110110
10111100111101101100101111111101101111011100011111111111011111111101111011011101111100111111111001111001111011111001111111110110
10111100111101101100101111111101101111011100011111111111011111111101111011011101111100111111111001111001111001111001111111110110
10111100111101101100101111111101101111011100011111111111011111111101111011011101111100111111111001111001111001111001111111110110
10111100111101101100101111111101101111011100011111111111011111111101111011011101111100111111111001111001111001111001111111110110
10111100111101001100101111111101101111011100011111111111011111111101111011011101111100111111111001111001111001111001111111110110
10111100111101001100101111111101101111011100011111111111011111111101111011011101111100111111111001111001111001111001111111110110
10111100111101001100001111111101101111011100011111111111011111111100111011011101111100111111111001111000111001111001111111110110
10111110111101001100001111111101101111011100011111111111111111111100111011011101111100111111111001111000111001111001111111110110
10111110111100001100001111111101101111011100011111111111111111111100111011011101111100111111111000111000111001111001111101110110
10111110111100001100001111111101101111011100011111011111111111111100111011011101111100111110111000111000111001111001111000110110
10111110111100001100001111111101101111011110011111011111111111111100111011011101111100111110111000111000111001111001111000110110
10111110011100001100001111111101101111011110011110011110111101011100111011011101111100111000111000111000111000111000110000110110
10111110011100001100001111111101101111011110011110011110111101011100111011011101111100111000111000111000111000111000110000110110
10111110011100001100001111111101001111011110011100011110111100011100111011011101111100111000111000111000111000111000110000110110
10111110011100001100001111111101001111011110011100011110111100011100111011011101111100111000111000111000111100111000110000110100
10111110011100001100001111111100001111111110011100011110111100011110011011011101111100111000011000111000111100111000110000110100
10111110011100001100001111111100001111111110011100011110111100011110011011011101111100111000011000111000111100111000110000110000
10111110011100001100001111111100001111111110011100011110111100011110011011011101111100111000011000111000111100111100110000110000
10111110011100001100001111111100001110111100011100011110111100011110011011011001111100111000011000111000111100111100110000110000
10111110011100001100001111111100001110111100011100011110111100011110011011011001111100111000011000111000111100111100110000110000
10111110011100001100001111111100001110111100011100011110111100011110011011011000111100111000011000111000111100111100110000110000
10111110011100001100001111111110001110111100011100011110111100011110011011011000111110111000011000011000111100111110110000110000
10111110011100001100001111111110001110111100011100011110111100011111011011011010111110111000011000011010111110111110110000110000
10111110011100001100001111111110001110111100011100011110111100011111011011011010111110011000011000011010111110111110110000110000
10111110011100001100001111111110001110111100011100011110111100011111011011011010111110011000011010011010111110111110110000111000
10111110011100001100001111111110001110111100011100011110111100011111011011011010111110011000011010011010111110111110110000111000
10111111011100001100001111111110001110111100011100011110111100011111011011011010111110011000011010011010111110111110111000111000
10111111011101001100001111111110001110111100011100011110111100011111011011011010111110011000111010011010111110111110111000111000
10111111001101001100001111111110001110111100011110011110111100011111011011011010111110011000111010011010111110111110111000111000
10111111001101001100001111111110001110111101011111111110111100011111011011011010111110011000111010011010111110111110111111111000
10111111001101001100001111111110001110111101011111111110111100011111011011011010111110011000111010011010111110111110111111111000
10111111001101101100001111111110001110111101011111111110111111111111011011011010111110011100111010011010111110111110111111111000
10111111001101101100001111111110001110111101011111111110111111111111011011011000011110011100111010010010111110111110111111111000
10111111001101101101001111111110011110111101111111111110111111111111011011011000011111011111111010010010111110111110111111111000
10111111001101101101001111111110011110111101111111111110111111111111011011011000011111011111111011010011111110111110111111111001
10111111001101101101001111111110011110111101101111111110111111111111011011011000011111011111111011010011111110111110111111111001
10111111001101101101001111111110011110111101101111111110111111111111011011011000011111011111111011010011111110111110111111111001
10111111001101101101001111111110011110111101101111111110111111111111011011011000011111011111111011010011111110111110111111111001
10111111001101101101001111111111011110111101101111111110111111111111011011011000011111011111111011010011111110111110111111111001
10111111001101101101001111111111011110111101101111111110111111111111011011011000011111011111111011010011011110111110111111111001
10111111001101101101001111111111011110111101101111111110111111111111011011011000011111011111111011010011011110111110111111111101
10111111001101101101001111111111011110111101101111111110111111111111011011011000011111011111111011010011011110111110111111111101
10111111001101101101001111111111011110111101101111111110111111111111011011011000011111011111111011010011011110111110111111111101
10111111001101101101001111111111011110111101101111111110111111111111011011011000011111011111111011010011011110111110111111111101
10111111001101101101001111111111011110111101101111111110111111111111011011011000011111011111111011010011011110111110111111111101
10111111001101101101001111111111011110111101101111111111111111111111011011011000011111011111111011010011011110111110111111111101
10111111001101101101001111111111011110111101101111111111111111111111011011011000011111011111111011010011011110111110111111111101
10111111001101101101001111111111011110111101101111111111111111111111011011011000011111011111111011010011011110111110111111111101
10111111001101101101001111111111011110111101101111111111111111111111011011011000011111011111111011010011011110111110111111111101
10111111001101101101001111111111011110111101101111111111111111111111011011011000011111011111111011010011011110111110111111111101
10111111001101101101001111111111011110111101101111111111111111111111011011011000011111011111111011011011011110111110111111111101
10111101001101101101001111111111011110111101101111111111111111111111011011011000011111011111111011011011011110111110111111111101
10111101001101101101001111111111011110111101101111111111111111111111011011011100011111011111111011011011011110111110111111111101
10011101001101101101001111111111011110111101101111111111111111111111011011011100011111011111111011011011011110111110111111111101
10011101001101101101001111111111011110111101101111111111111111111111011011011100011111011111111011011011011110111110111111111101
10011101001101101101001111111111011110111101101111111111111111111111011011011100011111011111111011011011011110111110111111111101
10011100001101001101001111111111011110111101101111111111111111111111011011011100011111011111111010011010011110111110111111111101
10011100001101001101001111111111011110111101101111111111111111111111011011011100011111011111111010011010111110111110111111111101
10011100001100001101001111111111011110111101101111111111111111111111011011011100011110011111111010011010111110111100111111111001
10011100001100001101001111111111011110111101101111111111111111111111011011011110011110011111111010011010111110111100111111111001
10011100001100001101101111111111111110111101101111111111111111111111011011011110011110011111111010011010111100111100111111111001
10011100001100001101101111111111111110111101101111111111111111111110011011011110011110011111111010011010111100111100111111111001
10011100001100001101101111111111111110111101101111111111111111111110011011011110111110011111111010011010111100111100111111111001
10011100001100001101101111111110111110111101001111111111111111111110011001011110111110011111111010011000111100111100111111111001
10011100011100001101101111111110111110111101001111111111111111111110011001011110111110011111111010111000111100111100111111111011
10011110011100001101101111111110111111111101001111111111111111111110011001011110111110011111111010111000111100111000111111111011
10011110011100001101101111111110111111111101001111111111111111111110011001011110111110011111111000111000111000111000111111111011
10011110011100001101101111111110111111111101011111111111111111111110111101011110111110111111111000111000111000111000111111111011
10011110011100001101101111111110111111111100011111111111111111111110111100011110111000111111111000111000111000111000111111111011
10011110011100001101101111111110111111111100011111111111111111111110111100011110111000111111111000111000111001111001111111111011
10011110011100001101101111111110111111111100011111111111111111111110111100011110111000111111111000111000111001111001111111111011
10011110011100011111101111111110111111111100011111111111111111111110111100011110111000111111111000111000111001111001111111111011
10011110011100011111111111111110111111111100011111111111111111111100111100011111111000111111111000111000111001111001111111111011
10011110011100011111111111111110111111111100011111111111111111111100111100011111111000111111111000111000111001111001111111111011
10011110011110011111111111111110111111111110011111111111111111111100111100011111111000111111111000111000111001111001111111111011
10011110011110011111111111111110111111111110011111111111111111111100111100011111111000111111111000111000111001111001111111111011
11111110111111011111111111111110111111111110011111111111111111111100111100011111111000111111111100111000111001111001111111111011
11111110111111011111111111111110111111111110011111111111111111111100111100011111111000111111111100111000111001111001111111111011
11111111111111111111111111111111111111111110011111111111111111111100111100111111111000111111111100111100111001111001111111111011
11111111111111111111111111111111111111111110011111111111111111111101111100111111111000111111111100111101111001111001111111111011
11111111111111111111111111111111111111111110011111111111111111111101111100111111111000111111111100111101111001111001111111111011
11111111111111111111111111111111111111111111011111111111111111111101111100111111111000111111111101111101111011111011111111111111
11111111111111111111111111111111111111111111011111111111111111111101111100111111111000111111111101111101111011111011111111111111
11111111111111111111111111111111111111111111111111111111111111111101111110111111111101111111111101111101111111111011111111111111
11111111111111111111111111111111111111111111111111111111111111111101111110111111111101111111111101111101111111111011111111111111