11111111111111111111111111111111111111111111111110111111111111111111111001111110011111001111100111111101111111111111111111111111
11111111111111111111111111111111111111111111111110111111111111111111111001111110011111001111100111111101111111111111111111111111
11111111111111111111111111111111011111111111111100111111101111111111111000111100011111000111100001111001111110011111111111111111
11111111111111111111111111111111011111111111111100111111101111111111111000111100011111000111100001111001111110011111111111111111
11111111111111111111111111111111000111111111111100011111001111111111111000111100011111000111100001111000111110011111111111111011
11111111111111111100111111111111000011111111111100011111001111111111111000111100011111000111100001111000111110001111111111110011
11111111111111111100111111111111000011111111111100011111001111111111111000111100011111000111100001111000111110001111111111110011
11001111100001111000111111111110000011111111111000011111001111111111110000111100011111000111100001111000111110001111111111110011
11001111100001111000111111111110000011111111111000011111001111111111110000111100011111000111100001111000111110001111111111110011
11000111100001111000111111111110000011111111111000011111001111111111110000111100011111000111000001111000111110001111111111110001
11000111100001111000111111111111000011111111111000011111001111111111110000111100011110000111000001111000111110001111111111110001
11000111100001111000111111111111000011111111111000011111001111111111110000111100011110000111100001111000111110001111111111110001
11000111100001111000111111111111000011111111111000011111001111111111110110111100011110000111100001111000111100001111111111110001
11000111100001111000111111111111000011111111111000011111001111111111110110111100001110000011100001111000011100001111111111110001
11000111100001111000111111111111000011111111111011011111001111111111110110111101001110010011100001111000011100001111111111110001
11000111100001111000111111111111000011111111111011011111001111111111110110111101001110010011100001111000011100001111111111100001
11000111100001111000111111111111111011111111111011011111001111111111110110111111001110110011111001111010011100101111111111100001
11000111111001111000111111111111111011111111111011011110001111111111110110111111001110110011111001111010011101101111111111100001
11000111111001111000011111111111111011111111111011011110001111111111110110111111001110110011111001111010011101101111111111100001
11010111111101111010011111111111111011111111111011011110001111111111110110111111101110111011111001111011011101101111111111100101
10010111111101111010011111111111111011111111111011011110001111111111110110111111101110111011111001111011011101101111111111100101
10010111111101111011011111111111111011111111111011011110001111111111110110111111101110111011111001111011011101101111111111100101
10110111111101111011011111111111111011111111111011011110001111111111110110111111101110111011111001111011011101100111111111101101
10110111111101111011011111111111111011111111111011011110001111111111110110111111101110111011111001111011011101100111111111101101
10110111111101111011011111111111111011111111111011011110001111111111110110111111101110111011111001111011011101100111111111101101
10111011111101111011011111111111111011111111111011001110101111111111110110111111101110111011111011111011011101100111111111101101
10111011111101111011011111111111111011111111111011001110101111111111110110111111101110111011111011110011011101100111111111101101
10111011111101111011011111111111111011111111111011101110101111111111110111111111101110111011111011110011011101100111111111101101
10111011111101111011011111111111111011111111111011101110101111111111110111111111101110111011111011110011011101100111111111101101
10111011111101111111011111111111111011111111111011101110101111111111110111111111101110111011111011110011011101110111111111101101
10111011111101111111011111111111111011111111111011101110101111111111110111011111101110111011111011111011011101110111111111101101
10111011111101111111011111111111111011111111111011101110101111111111110111011111101110111011111011111011011101110111111111101101
10111011111101111111011111111111111011111111111011101110101111111111110111011111101110111011111011111011011101110111111111101101
10111011111101111111011111111111110011111111111011101110101111111111110111011111101110111011111011111011011101110111111111101101
10111011111101111111011111111111110011111111111011101110101111111111110111011111101110111011111011111011011101110111111111101101
10111011111101111111011111111111110011111111111011101111101111111111110111011111101110111011111011111011011101110111111111101101
10111011111101111011011111111111110011111111111011101111101111111111110111011111101110111011110011111011011101110111111111101101
10111011111101111011011111111111110111111111111011101111101111111111110111011111101110111011110011111011011101110111111111101101
10111011111101111011111111111111110111111111111011101111101111111111110111011111101110111011110011111010011101110111111111101101
10111011111001111010111111111111110111111111111011101111101111111111110111011111101110111011110011111010011101110111111111101101
10111011111001111010111111111111110111111111111011101111101111111111110111011111101110111011110011111010111101110111111111101101
10111011111001111010111111111111110111111111111011101111101111111111110111011111101110111011110011111010111101110111111111100101
10111011111011111010111111111111110111111111111011101111101111111111110111011111101110111011110111111010111101110111111111100101
10111011111011111010111111111111110111111111111011101111101111111111110111011111101110111011110111111010111101110111111111100101
10111011111011111010111111111111110111111111111011101111101111111111110111011111101110111011110111111000111101110111111111110101
10111011111011111010111111111111110111111111111011101111101111111111110111011111101110111011110111111000111101110111111111110101
10111011111011111010111111111111110111111111111011101111101111111111110111011111001110111011110111111000111101110111111111110101
10111011111011111000111111111111110111111111111011101111101111111111110111011111001110111011110011111000111101110111111111110001
10111011111011111000111111111111110111111111111011101111101111111111110111011111001110111011110011111000111101110111111111110001
10111011111011111000111111111111110111111111111011101111101111111111110111011111001110111011110011111000111101100111111111110001
10111011111011111000111111111111110111111111111011101111101111111111110111011111001110111011110011111000111101100111111111110001
10111011111011111000111111111111110111111111111011101111101111111101110111011111011110111011110011111000111101100111111111110001
10111011111011111000111111111111110111111110111011101111101111100001110111011111011110111011110011111000111101100111111111110001
10111011111011111000111111111111110111111110111011101111101111100001110111011111011110111011110011111000111101100111111111110001
10111011111011111000111110001111100111100000111011101111101111000001110111011111011110111011110011111000111101100111000011110001
10111011111011111000111110001111101111100000111011101111101111000001110111011111011110111011110011111000111101100111000011110001
10111011111011111000111100001111101111100000111011101111101111000001110111011111011110111011110001111000111101100111000011110001
10111011111011111000111100001111101111100000111011101111101111000001110111011111011110111011110001111000111101100111000011110001
10111011111011111000111100001111101111100000111011101111101111000001110111011111011110111011110001111000111101100111000011110001
10110011110011111000111100000111101111100000111011101111101111000001110111011110011110111011110001111000111100101111000011110001
10110011110011111000111100000111101111100000111011101111101111000001110111011110011110111011110001111000111100101110000011110001
10110011110111111000111100000111101111100000111011101111101111000001110111011110011110111011111001111000111100101110000011110001
10110011110111111000111100000111101111100000111011101111101111000001110111011110011110111011111001111000111100001110000011110001
10110011110111111000111100000111101111100000111011101111101111000001110111011110011110111011111001111000111100001110000011110001
10110011110111111000111100000111101111100000111011101111101111000001110111011110011110111011111101111000111100001110000011110001
10010011110111111000111100000111101111100000111011101111101111000001110111011110011110111011111101111000011100001110000011110001
10010111110111111000111100001111101111100000111011101111101111000001110111011110011110111011111101111000011100001110000011110001
10010111110111111000111100001111101111100000111011101111101111000001110111011110011110111011111101111000011100001110000011110001
10010111110111111010111100001111101111100001111011101111101111000001110111011110111110111011111101111010011100001110000011100001
10000111110111111010111100001111101111100101111011101111101111111111110111011110111110111011111101111010011110001110000011100001
10000111110111111010011100001111101111100101111011101111101111111111110111011100111110111011111101110010011110001110000011100001
11000111110111111010011101111111101111111111111011101111101111111111110111011100111110111011111101110010011110001111000011100101
11000111110111111010011111111111101111111111111011101111101111111111110111011100111110111011111101110010011110001111111111100101
11000111110111111010011111111111101111111111111011101111101111111111110111011100111110111011111101110010011110001111111111100101
11000111110111111010011111111111101111111111111011101111101111111111110111011100111110111011111101110011011110001111111111101101
11000111110111111010011111111111101111111111111011101111101111111111110111011100111110111011111101110011011110001111111111101101
11000111110111111011011111111111101111111111111011101111101111111111110111011100111110111011111101110111011110001111111111101101
11000111110111110111011111111111101111111111111011101111101111111111110111011101111110111011111101110111011111001111111111101100
11000111110111110111011111111111101111111111111011101111101111111111110111011101111110111011111101110111011111001111111111101100
11000111110111110111011111111111101111111111111011101111101111111111110111011101111110111011111101110111011111101111111111101100
11000111110111110111011111111111101111111111111011101111101111111111110111011101111110111011111101110111011111101111111111101100
11100111110111110111011111111111101111111111111011101111101111111111110111011101111110111011111101110111011111101111111111101100
11110111110111110111011111111111101111111111111011101111101111111111110111011101111110111011111101110111011111101111111111101110
11110111110111110111011111111111101111111111111011101111101111111111110111011101111110111011111101110111011111101111111111101110
11110111110111110111011111111111101111111111111011101111101111111111110111011101111110111011111101110111011111101111111111101110
11110111110111110111011111111111101111111111111011101111101111111111110111011101111110111011111101110111011111101111111111101110
11110111110111110111011111111111101111111111111011101111101111111111110111011101111110111011111101110111011111001111111111101110
11110111110111110111011111111111101111111111111011101111101111111111110111011101111110111011111101110111011111001111111111101110
11110111110111110111011111111111101111111111111011101111101111111111110111011101111110111011111101110111011111001111111111101110
11110111110111110111011111111111101111111111111011101111101111111111110111011101111110111011111101110111011111001111111111101110
11110111110111110111011111111111101111111111111011111111101111111111110111011101111110111011111101110111011111011111111111101110
11110111110111110111011111111111101111111111111011111111101111111111110111011101111110111011111101110111011111011111111111101110
11110111110111110111011111111111101111111111111011111111101111111111110111111101111110111011111101110111011111011111111111101110
11110111110111110111011111111111101111111111111011111111101111111111110111111101111110111011111101110111011111011111111111101110
11100111110111110111011111111111101111111111111011111111101111111111110111111101111110111011111101110111011111011111111111101110
11100111110111110111011111111111101111111111111011111111101111111111110111111101111110111011111101110111011111011111111111101110
11100111110111110111011111111111101111111111111011111111101111111111110110111101111110111011111101110111011111011111111111101110
11100111110111110111011111111111101111111111111011111111101111111111110110111101111110111011111101110111011111011111111111101110
11101111110111110111011111111111111111111111111011111111101111111111110110111101111110111011111101110111011111011111111111101110
11101111110111110111011111111111111111111111111011011111101111111111110110111101111110111011111101110111011111011111111111101110
11101111110111110111011111111111111111111111111011011111101111111111110110111101111110111011111101110111011111011111111111101110
11101111110111110111011111111111111111111111111011011111101111111111110110111101111110110011111101110011011111011111111111101110
11101111110111110111011111111111111111111111111011011111101111111111110110111101111110110011111101110011011111011111111111101110
11101111111111110111011111111111111111111111111011011111101111111111110110111101111110110011111101110011011111011111111111101110
11101111111111110111011111111111111111111111111011011111101111111111110110111101111110110011111001110011011111011111111111101100
11101111111111110111011111111111111111111111111011011111101111111111110110111101111110110011111001110011011111011111111111101100
11101111111111110111011111111111111111111111111011011111101111111111110110111101111110110111111001110011011110011111111111101100
11101111111111110011011111111111111111111111111011011111101111111111110110111100001110010111111001110010011110011111111111101100
11101111111111110011011111111111111111111111111011011111101111111111110110111100001110010111111001110010011110011111111111101100
11101111111111110010011111111111111111111111111001011111101111111111110000111100001110010111100001110010011110011111111111100100
11101111111111110010011111111111111111111111111001011111101111111111110000111100001110010111100001110010011110011111111111100100
11101111111111110010011111111111111111111111111000011111101111111111110000111100001110000111100001111000011110111111111111100101
11101111111111110010011111111111111111111111111000011111101111111111110000111100001110000111100001111000011110111111111111100001
11101111111111111010011111111111111111111111111000011111101111111111110000111100001111000111100011111000011110111111111111100001
11001111111111111000011111111111111111111111111000011111101111111111110000111100001111000111100011111000011110111111111111100001
11001111111111111000111111111111111111111111111100011111101111111111110000111100001111000111100011111000011110111111111111100001
11011111111111111000111111111111111111111111111100011111101111111111110000111100001111000111100011111000111110111111111111100001
11011111111111111000111111111111111111111111111100011111101111111111110000111000001111000111100011111000111110111111111111110001
11011111111111111000111111111111111111111111111100011111101111111111110000111100001111000111100011111000111110111111111111110001
11011111111111111000111111111111111111111111111100111111101111111111111001111110011111000111100011111000111110111111111111110001
11011111111111111000111111111111111111111111111100111111101111111111111001111110011111000111100011111000111110111111111111110001
11011111111111111000111111111111111111111111111100111111101111111111111001111111111111100111100111111100111110111111111111110001
11011111111111111000111111111111111111111111111100111111101111111111111001111111111111100111100111111100111110111111111111110001
11011111111111111000111111111111111111111111111100111111111111111111111111111111111111101111110111111100111111111111111111110001
11011111111111111101111111111111111111111111111111111111111111111111111111111111111111111111111111111111111111111111111111110011
11011111111111111101111111111111111111111111111111111111111111111111111111111111111111111111111111111111111111111111111111110011
11011111111111111111111111111111111111111111111111111111111111111111111111111111111111111111111111111111111111111111111111111111
11011111111111111111111111111111111111111111111111111111111111111111111111111111111111111111111111111111111111111111111111111111