11001111111111111101111111111111111111111111111100111111111111111111111011111111111111011111111111111111111110111111111111111111
11001111111111111101111111111111111111111111111100111111111111111111111011111111111111011111111111111111111110111111111111111111
11001111100001111001111111111110000011111111111100111111011111111111110001111110111111011111110111111011111110111111111111000011
11001111100001111001111111111110000011111111111100111111011111111111110001111110111111011111110111111011111110111111111111000011
11001111000001111000111111111110000011111111111000111111011111111111110001111110111111001111110111111011111110111111111111000011
11000111000001111000111111111110000011111111111000011111011111111111110001111110111110001111110111111011111110111111111111000011
11000111000001111000111111111110000011111111111000011111011111111111110001111110111110001111110111111011111110111111111111000011
11000111000001111000111111111110000011111111111000011111011111111111110001111110111110001111110111111011111110111111111111000011
11000111000001111000111111111110000011111111111000011111011111111111110001111100111110001111110111111011111110111111111110000011
11000111000001111000111111111110000011111111111000011111011111111111110001111100111110001111110111111011111110111111111110000011
10000111000001111000111111111110000011111111111000011111011111111111110001111100111110001111100111111011111110111111111110000011
10000111000001111000111111111110000011111111111000011111011111111111110001111100111110001111100111111011111110111111111111000011
10000111000001111000111111111110000011111111111000011111011111111111110000111100111110001111100111111011111110111111111111000011
10000111000001111000111111111110000011111111111000011111011111111111110000111100111110000111100111111011111110111111111111000011
10000111000001111000111111111110000011111111111010011111011111111111110100111100111110000111100111111011111110111111111111000011
10010111101001110010011111111111111011111111111011011110011111111111110100111100111110100111100111111011111110111111111111111011
10010111101001110010011111111111111011111111111011011110011111111111110100111100111110100111100111111011111100111111111111111011
10010111111101110010011111111111111011111111111011011110011111111111110110111100111110100111100111111011111100111111111111111011
10110111111101110010011111111111111011111111111011011110011111111111101110111100111110100111100111111011111101111111111111111011
10110111111101110010011111111111111011111111111011011110011111111111101110111100111100100111100111111011111101111111111111111011
10110111111101110010011111111111111011111111111011011110011111111111101110111100111100110111100111111011111101111111111111111011
10110111111101110010011111111111111011111111111011011110011111111111101110111100111100110111100111111011111101111111111111111011
10110111111101110110011111111111111011111111111011011110011111111111101110111100111100110111100111111011111101111111111111111011
10110011111101110111011111111111111011111111111011011110011111111111101110111000111101110111000111111011111101111111111111111011
10110011111101110111011111111111111011111111111011011110011111111111101110111000111101110111000111111011111101111111111111111011
10110011111101110111011111111111111011111111111011011110011111111111101110111000111101110111000111111011111101111111111111111011
10111011111101110111011111111111111011111111111011011110111111111111101110111000111101110111000111111011111101111111111111111011
10111011111101110111011111111111111011111111111011011110111111111111101110111000111101110111000111111011111101111111111111111011
10111011111101110111011111111111111011111111111011011110111111111111101110111000111101110111000111111011111101111111111111111011
10111011111101110111011111111111111011111111111011011110111111111111101110111000111101110111000111111011111101111111111111111011
10111011111101110111011111111111111011111111111011011110111111111111101110111010111101110111000111111011111101111111111111111011
10111011111101110111011111111111110011111111110011011110111111111111101110111010111101110111010111111011111101111111111111111011
10111011111101110111011111111111110011111111110011011110111111111111101110111010111101110111010111111011111101111111111111111011
10111011111101110111011111111111110011111111110011011110111111111111101110111010111101110111010111111011111101111111111111111011
10111011111101110111011111111111110111111111110011011110111111111111101110111010111101110111010111110011111101111111111111111011
10111011111001110110011111111111110111111111110011011110111111111111101110111010111101110111010111110011111101111111111111110011
10111011111001110110011111111111110111111111110011011111111111111111101110111010111101110111010111110111111101111111111111110011
10111011111001110110111111111111110111111111110011011111111111111111101110111010111101110111010111110111111101111111111111110111
10111011111001110110111111111111110111111111110011011111111111111111101110111010111101110111010111110111111101111111111111110111
10111011111011111110111111111111110111111111110011011111111111111111101110111010111101110111010111110111111101111111111111110111
10111011111011111010111111111111110111111111110011011111111111111111101110111010111101110111010111110111111101111111111111110111
10111011111011111010111111111111110111111111110011011111111111111111101110111010111101110111010111110111111101111111111111110111
10111011111011111010111111111111110111111111110011011111111111111111101110111010111101110111010111110111111101111111111111110111
10111011111011111010111111111111110111111111110011011111111111111111101110111010111101110111010111110111111101111111111111110111
10111011111011111010111111111111110111111111110011011111111111111111101110111110111101110111110111110111111101111111111111110111
10111011111011111000111111111111110111111111110011011111111111111111101110111110111101110111110111110111111101111111111111110111
10111011111011111000111111111111110111111111110011011111111111111111101110111110111101110111110111110111111101111111111111110111
10111011111011111000111111111111110111111111110011011111111111111111101110111110111101110111110111110111111101111111111111110111
10111011111011111000111111111111110111111111110011001111111111111111101110111110111101110111110111110111111101111111111111110111
10111011111011111000111111111111110111111111110011001111111111111111101110111110111101110111110111110111111001111111111111110111
10111011111011111000111111111111110111111111110011001111111111111111101110111110111101110111110111110111111001111111111111110111
10111011111011111000111111111111100111111111110011001111111111111111101110111110111101110111110111110111111001111111111111110111
10111011111011111000111111111111100111111111110011001111111111111111101110111110111101110111110111110111111011111111111111110111
10111011111011111000111110111111100111111111110011001111111111100011101110111110111101110111110111110111111011111110001111110111
10110011110011111000111100001111100111100000110011001111111111000011101110111110111101110111110111110111111011111100000111110111
10110011110011111000111100001111101111100000110111001111111111000011101110111110111101110111110111110111111011111100000111110111
10110011110011111000111100001111101111100000110111001111111111000011101110111110111100110111110111110111111011111100000111110111
10110011110011111000111100001111101111100000110111001111111111000011101110111110111100110111110111110101111011111100000111100111
10110011110011111000111100001111101111100000110111001111111111000011101110111110111100110111110111110101111011111100000111100111
10110011110011111000111100001111101111100000110111001111111111000011101110111110111100100111110111110101111011111100000111100111
10110011110011111000111100001111101111100000110111001111111111000011101110111110111100100111110111110101111011111100000111100111
10110011110111111000111100001111101111100000110111001111111111000011101110111110111110100111110111110101111011111100000111101111
10010011110111111000111100001111101111100000110111001111111111000011101110111110111110100111110111110101111011111100000111101111
10010011110111111000111100001111101111100000110111001111111111000011101110111110111110100111110111110101111011111100000111101111
10000011110111111000111100001111101111100000110111001111111111000011101110111110111110100111110111110101111011111100000111101111
10000011110111111000111100001111101111100000110111001111111111000011101110111110111110000111110111110101111011111100000111101111
10000111110111111000111100001111101111100000110111001111111111000011101110111110111110000111110111111101111011111100000111101111
10000111110111111010111100001111101111100000110111001111011111000011101110111110111110000111110111101101111011111100000111101111
10000111110111111010111100001111101111100000110111001111011111000011101110111110111110000111110111101101111011111100000111101111
10000111110111111010111100001111101111100000110111001111111111000011101110111110111110000111110111101101111011111100000111101111
10000111110111110010111100001111101111100000110111001111111111000011101110111110111110000111110111101101111011111100000111101111
11000111110111110010111100001111101111100000110111001111111111000011101110111110111110000111110111101101111011111100000111101111
11000111110111110010011100001111101111100000110111001111111111000011101110111110111110000111110111101101111011111110111111101111
11000111110111110010011100001111101111100000110111001111111111000011101110111110111110000111110111101101111011111110111111101111
11000111110111110010011111111111101111111111110111001111111111111111101110111110111110000111110111101101111011111111111111101111
11000111110111110110011111111111101111111111110011001111111111111111101110111110111111000111110111101101111011011111111111101111
11000111110111110110011111111111101111111111110011001111111111111111101110111110111111000111110111101101111011011111111111101111
11000111110111110111011111111111101111111111110011011111111111111111101110111110111111001111110111101101111011011111111111101111
11000111110111110111011111111111101111111111110011011111111111111111101110111110111111001111110111101101111011011111111111101111
11000111110111110111011111111111101111111111110011011111111111111111101110111110111111001111110111101101111010011111111111101111
11100111110111110111011111111111101111111111110011011111111111111111101110111110111111101111110111101101111010011111111111101111
11100111110111110111011111111111101111111111110011011111111111111111101110111110111111101111110111100101111010011111111111101111
11110111110111110111011111111111101111111111110011011111111111111111101110111110111111101111110111100101111010011111111111101111
11110111110111110111011111111111101111111111110011011111111111111111101110111110111111101111110111100000111000011111111111101111
11110111110111110111011111111111001111111111110011011111111111111111101110111110111111101111110111100000111000011111111111101111
11110111110111110111011111111111001111111111110011011111111111111111101110111110111111101111110111100000111000011111111111101111
11110111110111110111011111111111011111111111110011011111111111111111101110111110111111101111110111100000111000011111111111101111
11110111110111110111011111111111011111111111110011011111111111111111101110111110111111101111110111100000111000011111111111101111
11110111110111110111011111111111011111111111110011011111111111111111101110111110111111101111110111100000111000011111111111101111
11110111110111110111011111111111011111111111110011011111111111111111101110111110111111101111110111100000111000011111111111101111
11100111110111110111011111111111011111111111110011011111011111111111101110111110111111101111110111100000111000011111111111101111
11100111110111110111011111111111011111111111110011011111011111111111101110111110111111101111110111100000111000011111111111101111
11100111110111110111011111111111011111111111110011011111011111111111101110111110111111101111110111100000111000011111111111101111
11100111110111110111011111111111011111111111110011011111011111111111101110111110111111101111110111100000111000011111111111101111
11101111110111110111011111111111011111111111110011011111111111111111101110111110111111101111110111110000111000011111111111101111
11101111110111110111011111111111011111111111110011011111111111111111101110111110111111101111110111110000111000011111111111101111
11101111110111110111011111111111011111111111110011011111111111111111101110111110111111101111110111110000111000011111111111101111
11101111110111110111011111111111011111111111110011011111111111111111101110111110111111001111110111111101111100111111111111101111
11101111110111110111011111111111011111111111110011011111111111111111101110111110111111001111110111111101111100111111111111101111
11101111111111110111011111111111011111111111110011011111111111111111101110111110111111001111110111111101111111111111111111101111
11101111111111110111011111111111011111111111110011011111111111111111101110111110111111001111110111111101111111111111111111101111
11101111111111110111011111111111011111111111110011011111111111111111101110111110111111011111110111111101111111111111111111101111
11101111111111110111011111111111011111111111110011011111111111111111101110111110111111011111110111111101111111111111111111101111
11101111101111110111011111111111011111111111110011011111111111111111101110111110111111011111110111111101111111111111111111101111
11101111101111110111011111111111011111111111111011011111111111111111101110111110111111011111110111111101111111111111111111101111
11101111101111110111011111111111011111111111111011011111111111111111101110111110111111011111110111111101111111111111111111101111
11101111101111110111011111111111011111111111111011011111011111111111101110111110111111011111110111111101111111111111111111101111
11101111101111110111011111111111011111111111111011011111011111111111101110111110111111011111110111111101111111111111111111101111
11001111101111110111011111111111011111111111111011011111011111111111100100111110111111011111110111111101111111111111111111101111
11001111101111110111011111111111011111111111111011011111011111111111100100111110111111011111110111111101111111111111111111101111
11001111101111110010011111111111011111111111111011011111011111111111100100111110111111011111110111111101111111111111111111101111
11001111101111110010011111111111011111111111111011011111011111111111100100111110111111011111110111111101111111111111111111101111
11001111101111110010011111111111011111111111111011011111111111111111100100111110111111011111110111111101111111111111111111101111
11001111101111110000011111111111011111111111111000011111111111111111100000111110111110011111110111111101111111111111111111101111
11001111101111110000011111111111011111111111111000011111111111111111100000111110111110011111110111111101111111111111111111101111
11001111101111110000011111111111011111111111111000011111111111111111110000111110111110011111110111111101111111111111111111101111
11011111101111110000111111111111011111111111111000011111111111111111110001111110111110011111110111111101111111111111111111101111
11011111101111110000111111111111011111111111111000011111111111111111110001111110111110011111110111111101111111111111111111101111
11011111101111111000111111111111011111111111111000011111111111111111110001111110111110011111110111111101111111111111111111101111
11011111101111111000111111111111011111111111111000011111011111111111110001111110111110011111110111111101111111111111111111101111
11011111101111111000111111111111011111111111111000011111011111111111110001111110111110111111110111111101111111111111111111101111
11011111101111111000111111111111011111111111111000111111011111111111110001111110111110111111110111111101111111111111111111111111
11011111101111111000111111111111011111111111111000111111011111111111110001111110111110111111110111111101111111111111111111111111
11011111111111111000111111111111011111111111111000111111111111111111110001111110111110111111110111111101111111111111111111111111
11011111111111111000111111111111011111111111111100111111111111111111110001111110111110111111110111111101111111111111111111111111
11011111111111111000111111111111011111111111111100111111111111111111110001111110111110111111110111111101111111111111111111111111
11011111111111111101111111111111011111111111111100111111111111111111111011111110111111111111110111111111111111111111111111111111
11011111111111111101111111111111011111111111111100111111111111111111111011111110111111111111110111111111111111111111111111111111