11111111111111111111111111111111111111111111111111111111111111111111111111111111111111111111111111111111111111111111111111111111
11111111111111111111111111111111111111111111111111111111111111111111111111111111111111111111111111111111111111111111111111111111
11111111111111111111111111111111101111100111011111111111011111111111111111111111111111111110111111111111111111111111111111111111
11111111111111111111111111111111101111100111011111111111011111111111111111111111111111111110111111111111111111111111111111111111
11111111111111111111111111111111101111000111001111111111001111111111111110111111111111111110111111111001111101111111111111111111
11111111111111111111111111111111101111000111001111111110001111111100011110111110111111111110111101111001111101111011111111110011
11111111111111111111111111111111101111000111001111111110001111111100011110111110111111111110111101111001111101111011111111110011
11111111111111111111111111111111101111000111001111111110001111111100011110011110111111111000111101111000111001111001111111110011
11110111111111111111111011111111000111000111001111111110001111111100011100011110111111111000111101111000111001111001111111110011
11110111111111111111111011111111000111000111001111111110001111111100011100011110111111111000111101111000111001111001111111110011
11110011110111100111111011111111000111000111001111111110001111111100011100011110111111111000111101111000111001110001111111110011
11110011110111100111111011111111000111000111001111111110001111111100011100011110111111111000111101111000111001110001111111110011
11110011110111100111111011111111000111000111001111111110001111111100011100011110111111111000111101111000111001110001111111110011
11110011110111100111011011111111000111000111000111111110001111111110011100011110111111111000111101111000111001110001111111110011
11110011110111100111011011111111000111000110000111111110001111111110011100011110111111111000111101111000111001110001111111110011
11110011110111100111011011111111000111000110000111111110001111111110011100011110111111111000111101111100111001110001111111110011
11110011100011100111011011111111000111100110000111111111001111111110011101011100111111111100111101111100111001110001111111110011
11110011100011100011001011111111000111100110000111111111001111111110011101011100111111111100111101111100111001110001111111110011
11110011100011100011001011111111010111100110000111111111001111111110011101011100111111111100111101111100111001110001111111110011
11110011100011100011001011111111010111110110100111111111101111111110011101011100111111111100111101111100111001110101111111110011
11110011100011000011001011111111010111110110100111111111101111111110011101011100111111111100111001111100111001110101111111110011
11110011100011000011001011111111010111110110100111111111101111111110011101011100111111111100111001111100111001110101111111110011
11110011100011001011001011111111010111110110110111111111101111111110011101011100111111111100111001111100111001110101111111110011
11110011100011001011001011111111010111110110110111111111101111111110011101011100111111111100111001111100111001110100111111110011
11110011100011001011001011111111010111110110110111111111101111111110011101011100111111111100111001111100111101110100111111110011
11110011100011001011001011111111010111110111100111111111101111111110011101011100111111111100111001111100111101110100111111110111
11110011100011001011001011111111010111110111100111111111101111111110011101011100111111111100111001111100111101110100111111110111
11110011100011001011001011111111010111110111100111111111101111111110011101011100111111111100111001111100111101110110111111110111
11110011100011001011001011111111010111110111100111111111101111111110011101011100111111111100111001111100111101110110111111110111
11110011100011001011001011111111011111110111110111111111101111111110011101011100111111111100111001111100111101110110111111110111
11110011100011001011001011111111011111110111110111111111101111111110011101011100111111111100111001111101111101110110111111110111
11110011100011001011001011111111011111110111010111111111101111111110011101011100111111111100111001111101111101110110111111110111
11110011100011011011001011111111011111110111000111111111101111111110011101011100111111111100111001111101111101110110111111110111
11110111101111011011001011111111011111110111000111111111101111111110011101111100111111111100111001111101111101110110111111110111
11110111101111011011001011111111011011110111000111111111101111111110011101111100111111111100111001111101111101110110111111110111
11110111101111011011001011111111011011110111000111111111101111111110011101111100111111111100111001111101111101110110111111110111
11110111101111011011001011111111011011110111000111111111101111111110011101111100111111111100111001111101111101110110111111110111
11110111101111011011001011111111011011100111000111111111101111111110011101111100111111111100111001111101111101110110111111110111
11110111101111011011001011111111011011100111000111111111101111111110011101111100111111111100111101111101111101110110111111110111
11110111101111011011001011111110011011101111001111111111101111111110011101101110111111111100111101111101111001110110111111110111
11110111101111011011001011111110011011101111001111111111001111111110011101101110111111111100111101111101111001110110111111110111
11110111101111011011001011111110011011101111001111111111001111111110011101101110111111111100111101111101111001110110111111110111
11110111101111011011001011111110011011101111001111111111001111111110011101101110111111111100111101111101111001110110111111110111
11110111101111011011001011111110010011101111001111111111001111111110011101101110111111111100111101111101111001110110111111110111
11110111101111011011001011111110010011101111001111111111011111111110011101101110111111111100111101111101111001110110111111110111
11110111101111001011001011111110010011101111001111111111011111111110011101101110111111111100111101111101111001110110111111110111
11110111101111001011001011111110010011101111001111111111011111111110011101101110111111111100111101111101111001110110111111110011
11110111101111001011001011111110010011101111001111111111011111111110011101101110111111111100111101111101111001110110111111110011
11110111100111001011001011111110010011101111001111111111011111111110011101101110111111111100111101111101111001110110111101110011
11110111100111001011001011111110010011101111001110011111011111001110011101101110111111111100111101111101111001110110111001110011
11110111100111001011001011111110010011101111001110011111011111001110011101101110111111111100111101111101111001110110111001110011
11110111100111001011001011111110010111101111001110001111011110001110011101101110111111111100111101111101111001110110110001110011
11110111100111001011001011111110010111101111001110001111011110001110011101101110111000111100111101111101111001110110110001110011
11110111100111001011001011111110010111101111001110001111011110001110011101101110111000111100111101111101111001110110110001110011
11110111100111001011000011111110010111101111001110001111011110001110011101101110111000111100111101111101111001110110110001110011
11110111100111001011000011111110010111101111001110000111011110001110011101101110111000011100111101111101111001110110110001110011
11110111110111001011000011111110010111101111001110000111011110001110011101101110111000011100111101111101111001110110110001110011
11110111110111001011000011111110000111101111001110000111011110001110011101101110111000011100111101111101111101110110110001110011
11110111110111001011000011111110000111101111001110000111011110001110011101101110111000011100111101111101111101110110110001110011
11110111110111001011000011111111000111101111001110000111011110001111011101101110111000011100111101111101111101110110110001111011
11111111110111001011000011111111000111101111001110000111011110001111011101101110111000011100111101111101111101110110110001111001
11111111110111001011000011111111000111101110001110000111011110001111011101101110111000011100111101111100111101110110110001111001
11111111110111001011010011111111000111101110001110000111011110001111011101101110111100011110111101111100111101110110110001111001
11111111110111001011010011111111000111101110000110000111011110001111011101101110111100011110111101111100111101110110110001111001
11111111110011001011010011111111000111101110000110001111011110001111001101101110111100011110111101111110111101110110110001111001
11111111110011001011010011111111000111101110000110001111011110001111001101101110111100011110111101111110111101110110110001111001
11111111110011001011010011111111000111101110000110001111011110001111001101101110111100011110111101111110111101110110110001111001
11111111110011001011010011111111000111101110000110001111011110001111001101101110111100011110111101111110111101110110110001111101
11111111110011001011010011111111100111111110010111001111011110001111001101101110111100011110111101111110111100110110110001111101
11111111110011001011010011111111100111011110010111001111011110001111001101101110111100011110111101111110111100110110110001111101
11111111110011001011010011111111100111011110010111111111011111011111001101101110111100011110111101111110111100110110110001111101
11111111110011001011010011111111100111011110110111111111011111111111101101101110111110111110111101111110111100110110110011111101
11111111110011001011010011111111100111011110110111111111011111111111101101101110111110111110011101111110111100110110110011111101
11111111111011011011010011111111100111011110110111111110011111111111101101101110111111111110011101111110111110110110110011111101
11111111111011011011010011111111100111011110110111111110011111111111101101101110111111111111011101111110111110110110111111111101
11111111111011011011010011111111100111011110110111111110011111111111101101101110111111111111011101111110111110110110111111111101
11111111111011011011010011111111100111011110110111111110111111111111101101101110111111111111011101111110111110110110111111111101
11111111111011011011010011111111100111011110110111111110111111111111101101101110111111111111011101111110111110110110111111111101
11111111111011011011010011111111100111011110110111111110111111111111101101101110111111111111011101111110111110110110111111111101
11111111111011011011010011111111100111011110110111111110111111111111101101101110111111111111011101111110111110110110111111111101
11111111111011011011010011111111100111011110110111111110111111111111101101101110111111111111011101111110111110110110111111111101
11111111111011011011010011111111100111011110110111111110111111111111101101101110111111111111011101111110111110110110111111111101
11111111111011011011010011111111100111011110110111111110111111111111101101101110111111111111011101111110111110110110111111111101
11111111111011011011010011111111100111011110110111111110111111111111101101101110111111111110011101111110111110110110111111111101
11111111111011011011010011111111100111011110110111111110111111111111101101101110111111111110011101111110111110110110111111111101
11111111111011011011010011111111100111011110110111111110111111111111101101101110111111111110011101111110111110110110111111111101
11110011111011001011010011111111100111011110110111111110111111111111101101101110111111111110011111111110111110110110111111111101
11110011101011001011010011111111100111011110110111111110111111111111101101101110111111111110011111111110111110110110111111111101
11110011101011001011010011111111101111011110110111111110111111111111101101101110111111111110011111111110111110110110111111111101
11110011101011001011010011111111101111011110110111111110111111111111101101101110111111111110011111111110111110110110111111111101
11110011101011001011010011111111101111011110110111111110111111111111101101101110111111111110011111111110111110110110111111111101
11110011101011001011010011111111101111011110110111111110111111111111101101101110111111111110011111111110111110110110111111111101
11110011101011001011010011111111101111011110110111111110111111111111101101111110111111111110011111111110111110110110111111111101
11110011101011001011010011111111101111011110110111111110111111111111101101111110111111111110011111111110111110110110111111111101
11110011101011001011010011111111101111011110110111111110111111111111111101111110111111111110011111111110111110110110111111111101
11110011101011001011010011111111101111011110110111111110111111111111011101011110111111111110011111111110111100110110111111111001
11110011101011101011011011111111101111011110110111111110111111111111011101011110111111111110011111111110111100110110111111111001
11110011101011101011011011111111101111011110110111111110111111111111011101011110111111111110011111111110111100110110111111111001
11110011100011101011011011111111101111011110100111111110111111111111011101011110111111111110011111111100111100110110111111111001
11110011100011101011011011111111101111011110100111111110111111111111011101011110111111111110111111111100111100110110111111111001
11110011100011100011011011111111101111011110100111111110111111111111011101011110111111111110111111111100111101110110111111111001
11110011100011100011011011111111101111011110100111111110111111111110011101011110111111111110111111111100111001110100111111110001
11110011100011100011011011111111101111011110100111111110111111111110011101011110111111111110111111111100111001110100111111110001
11110011100011100011011011111111101111011110000111111110111111111110011101011110111111111100111111111100111001110100111111110001
11110011100011100011011011111111101111011110000111111110111111111100011100011110111111111100111111111000111001110100111111110001
11110011100011100011011011111111101111011110001111111110111111111100011100011110111111111100111111111000111001110101111111110011
11110011100011100011011011111111101111011110001111111110111111111100011100011110111111111000111111111000110001110101111111110011
11110011100011100011011011111111101111011110001111111110111111111100011100011110111111111000111111111000110001110001111111110011
11110011100011100011011011111111101111011111001111111110111111111100011100011110111111111000111111111001110001110001111111110011
11110011100011100011011011111111101111011111001111111110111111111100011100011110111111111000111111111001110001110001111111110011
11110011100011100011011011111111101111011111001111111110111111111100011100011110111111111000111111111001110001110001111111110011
11110011110011100011011011111111101111011111001111111110111111111100011100011110111111111000111111111001110001110001111111110011
11110011110011100111111011111111111111011111001111111111111111111100011100011110111111111000111111110001110001110001111111100011
11110011110011100111111011111111111111011111001111111111111111111100011100011110111111111000111111110001110001110001111111100011
11110011110111100111111011111111111111111111001111111111111111111100011100011110111111111000111111110001110001110001111111100011
11110111110111101111111111111111111111111111001111111111111111111110011100011111111111111100111111110001110001111001111111100011
11110111110111101111111111111111111111111111001111111111111111111110011100011111111111111100111111110001110001111001111111100011
11111111111111111111111111111111111111111111001111111111111111111110111100011111111111111101111111110001110001111001111111110011
11111111111111111111111111111111111111111111111111111111111111111110111110011111111111111101111111110101110001111001111111110011
11111111111111111111111111111111111111111111111111111111111111111110111110011111111111111101111111110101110001111001111111110011
11111111111111111111111111111111111111111111111111111111111111111110111110111111111111111111111111111101111011111001111111110111
11111111111111111111111111111111111111111111111111111111111111111111111111111111111111111111111111111111111011111011111111110111
11111111111111111111111111111111111111111111111111111111111111111111111111111111111111111111111111111111111011111011111111110111
11111111111111111111111111111111111111111111111111111111111111111111111111111111111111111111111111111111111011111111111111110111
11111111111111111111111111111111111111111111111111111111111111111111111111111111111111111111111111111111111011111111111111110111
11111111111111111111111111111111111111111111111111111111111111111111111111111111111111111111111111111111111011111111111111110111
11111111111111111111111111111111111111111111111111111111111111111111111111111111111111111111111111111111111111111111111111110111
11111111111111111111111111111111111111111111111111111111111111111111111111111111111111111111111111111111111111111111111111110111