11111111111111111111111111111111111110001111011111111110001111111111111110011110111111111111111111111111111111111111111111111001
11111111111111111111111111111111111110001111011111111110001111111111111110011110111111111111111111111111111111111111111111111001
11111111111111111111111111111110111100001110011111111100001111111110011110011110011110111111111110111111111110111101111111111001
11111111111111111111111111111110011100001110011111111100001111111110011110011110011110011111111100111111111110111000111111111001
11111111111111111111111111111110011100001110011111111100001111111110011110011110011110011111111100111111111110111000111111111001
11111111111111111111111111111110011100001110011111111100001111111110011110011110011110011111111100111111111110111000111111110001
11111111111111111111111111111110011100001110011111111100001111111100011100011100011110011111111100011111111110111000111111110001
11111111111111111111111111111110011100001110011111111100001111111100011100011100011110011111111100011111111110111000111111110001
11111111111111111111111111111110011100001110011111111100001111111100011100011100011100011111111100011110111110111000111111110001
11111111111110111111111111111100011100001110011111111100001111111100011100011100011100011111111100011100111110111000111111110001
11111111111110111111111111111100011100001110011111111100001111111100011100011100011100011111111100011100111110111000111111110001
11111110011100111111111111111100011100001100001111111100001111111100011100011100011100011111111100011100111100111000111111110001
10011110011100011101111111111100011100001100001111111100001111111100011100011100011100011111111100011100111100111000111111110000
10011110011100011101111111111100011100001100001111111100001111111100011100011100011100011111111100011100111100111000111111110000
10011110011100011101111111111100011100001100001111111100001111111100011100011100011100011111111100011100111100111000111111110000
10011110011100011101101111111100001100001100001111111100001111111100011100011100011100011111111000011100111100110000111111110000
10011110011100011101101111111100001111001100001111111110001111111100011100011100001100011111111000011100111100110000111111110000
10011110011100011101101111111100001111001100001111111111001111111100011100011100001100011111111000011100111100111000111111110000
10011110011100011101101111111101001111001100001111111111001111111100111100111100001100001111111000011100111100111000111111110000
10011100011100011101101111111101001111001100001111111111001111111100111100111100001100001111111000011100111100111000111111110000
10011100011100011101101111111101101111001100001111111111001111111100111100111100001101001111111000011100111100111000111111110000
10011100011100001101101111111101101111001101001111111111001111111100111100111101001101001111111000011100111100111000111111110000
10011100011100001101101111111101101111001101001111111111001111111100111100111101001101001111111000011100111100111000111111110000
10011100011100001101101111111101101111001101001111111111001111111100111100111101001101001111111000011101111100111000111111110000
10111100011101001101101111111101101111001101001111111111001111111100111100111111001101001111111000011101111100111000111111110000
10111100011101001101101111111101101111001101001111111111001111111100111100111111001101001111111000011101111100111000111111110000
10111100011101001101101111111101101111001101001111111111001111111100111100111111001101001111111001011101111100111100111111110000
10111101011101001101101111111101101111001101001111111111001111111100111100111111001101001111111001011101111100111100111111110000
10111101011101001101101111111101101111001101001111111111001111111100111100111111001101001111111001011101111100111100111111110000
10111101011101101101101111111101101111001101001111111111001111111100111100111111001101001111111001011101111100111100111111110000
10111101111101101101101111111101101111001101001111111111001111111100111100111111001101001111111001011101111100111100111111110000
10111101111101101100101111111101101111001101001111111111001111111100111100111111001101001111111001011101111000111100111111110000
10111101111101101100101111111101101111011100001111111111011111111100111100111111001101001111111001011101111000111100111111110000
10111101111101101100101111111101101111011100001111111111011111111100111100111111001101101111111001011101111000111100111111110000
10111101111101101100101111111101101111011100001111111111011111111100111100111111001101101111111001011101111000111100111111111000
10111101111101101100101111111101101111011100001111111111011111111100111100111111001101101111111001011101111000111100111111111000
10111101111101101100101111111101101111011100001111111111011111111100111100111111001101101111111001011101111000111100111111111000
10111101111101101100101111111101101111011100001111111111011111111100111100111111001101101111111011011101111000111100111111111000
10111101111101101100101111111101101111011100001111111111011111111100111100111111001101101111111011001101111000111100111111111000
10111101111101101100101111111101101111011100001111111111011111111100111100111111001101101111111011001101111000111100111111111000
10111101111101101100101111111101101111011100001111111111011111111100011100011111001101101111111011001101111000111100111111111000
10111101111101101100101111111101101111011100001111111111011111111100011100011111001101101111111011001101111000111100111111111000
10111101111101101100101111111101101111011100011111111111011111111100011100011111001101101111111011001101111000111100111111111000
10111101111101101100101111111101101111011110011111111111011111111100011100011111001101101111111011001101111000111000111111111000
10111100111101001100101111111101101111011110011111111111011111111100011100011111001101101111111011001101111000111000111111111000
10111100111101001100101111111101101111011110011111111111011111111100011100011111001101101111111011001101111000111000111111111000
10111100111101001100101111111101101111011110011111111110011110011100011100011111011101101111111011001101111000111000111111111000
10111100111101001100101111111101101111011110011111001110011110001100011100011111011101101100011011001101111000111000111001111000
10111100111101001100101111111101101111011110011100001110011100001100011100011111011101101100011011001101111000111000111001111000
10111110111101001100101111111101101111011110011100001110011100001110011100011111011101101100011011001101111000111000111001111000
10111110111100001100001111111101001110111110011100001110011100001110011110011111011101101100011011001001111000111000111000110000
10111110111100001100001111111101001110111110011100001110011100001110011110001110011101101100011011001000111000111000110000110000
10111110111100001100001111111101001110111110011100001110011100001110011110001110011101101100011011001000111000111000110000110000
10111110111100001100001111111101001110111110001100001110011100001110011110001110011101101100011011001000111000111000110000110000
10111110111100001100001111111100001110111110001100001110011100001110011110001110011101101100011011001000111000011000110000110000
10111110111100001100001111111100001110111110001100001110111100001111011111001110011101101100011011001000111000011000110000110000
10111110111100001100001111111100001110111100001100001110111100001111011111001110011101101100011011001000111000011000110000110000
10111110011100001100001111111100001110111100001100001110111100001111001111001110011101101100011011001000111000011000110000110000
10111110011100001100001111111100001110111100001100001110111100001111001111001110011101101100011011001000111000011000110000110000
10111110011100001100001111111100001110111100001100001110111100001111001111001110011001101100011011001000111000011000110000110000
10111110011100001100001111111100001110111100001100001110111100001111001111001110011001101100011011001000111000011000010000110000
10111110011100001100001111111100001110111100001100001110111100001111001111001110011001101100011011001000111000011000010000110001
10111110011100001100001111111100001110111100001100001110111100001111001111001110011001101100011011001000111000011100010000110001
10111110011100001100001111111100001110111100001100001110111100001111001111001110011001101100011011001000111000011100010000110001
10111110011100001100001111111110001110111100001110011110111110001111001111001110011101101100011011001000111000011100010000110001
10111110011101001100001111111110001110111100101111111110111110011111001111001110011101101100011011001000111000011100010000110001
10111111011101001100001111111110001110111100101111111110111111111111001111001100111101101100011011001000011000011100010000110001
10111111011101001100001111111110001110111100101111111110111111111111001111001100111101101100011011001000011000011100010000110001
10111111011101001100001111111110001110111101101111111110111111111111001111001100111101101100011011001000011010011100010000110001
10111111011101101101001111111110001110111101101111111110111111111111101111001100111101101101111011001000011010011100010000110001
10111111011101101101001111111110001110111101101111111110111111111111101111001100111101101101111011001000011010011100010000110001
10111111011101101101001111111110011110111101101111111110111111111111101111001100111101101111111011001000011010011110010000110001
10111111011101101101001111111111011110111101101111111110111111111111101111001100111101101111111011001000011010011110010001110001
10111111011101101101001111111111011110111101101111111110111111111111101111001100111101101111111001001000011010011110010001110001
10111111011101101101001111111111011110111101101111111110111111111111101111001100111101101111111001001000011010011110011001110001
10111111101101101101001111111111011110111101101111111110111111111111101111001100111101101111111001001000011010011110011001110001
10111111101101101101001111111111011110111101101111111110111111111111101111001100111101101111111001001000011010011110011001110001
10111111101101101101001111111111011110111101101111111110111111111111101111001100111101101111111001001000011010011110011111110001
10111111101101101101001111111111011110111101101111111110111111111111001111001100111101101111111001001000011010011110011111110001
10111111101101101101001111111111011110111101101111111110111111111111001111001100111101101111111001001000011010011110011111110001
10111111101101101101001111111111011110111101101111111110111111111111001111001100111101001111111001001000011010011110011111110011
10111111101101101101001111111111011110111101101111111110111111111111001111001100111101001111111001001000011010011110011111110011
10111111101101101101001111111111011110111101101111111110111111111111001111001100111101001111111001001000011010011110011111100011
10111111101101101101001111111111011110111101101111111110111111111111001111001100111101001111111001001000011010011110011111100011
10111111101101101101001111111111011110111101101111111110111111111111001111001100111101001111111001001000011010011110011111100011
10111101101101101101001111111111011110111101101111111110111111111111001111001100111101001111111001001000011010011110011111100011
10111101101101101101001111111111011110111101101111111110111111111111001111001100111101001111111001001000011010011110011111100001
10111101101101101101001111111111011110111101101111111110111111111111001111001100111101001111111001001000011010011110011111100001
10111101001101101101001111111111011110111101101111111110111111111111001111001100111101001111111001011000011010011110111111100001
10111101001101101101001111111111011110111101101111111110111111111111001111001100111101001111111001011000011010011110111111100001
10111101001101101101001111111111011110111101101111111110111111111111011111011100111101001111111001011100011010011110111111100001
10111100001101101101001111111110011110111101101111111110111111111111011111011100111101001111111001011100011010011100111111100001
10111100001101001101001111111110011110111101001111111110111111111110011111011100111101001111111000011100011000011000111111100001
10111100001101001101001111111110011110111101001111111110111111111110011111011100111101001111111000011100011000011000111111100001
10111100001101001101001111111110111110111100001111111110111111111110011110011100111101001111111000011100011000011000111111100001
10111100001101001101001111111110111110111100001111111110111111111110011110011100011100001111111000011100011000011000111111100001
10011100011100001101001111111110111110111100001111111110111111111110011110011100011100001111111000011110011000010000111111100001
10011100011100011101001111111110111110111100001111111110111111111110011110011100011100001111111000011110011000010000111111100001
10011100011100011101101111111110111110111100001111111110111111111110011100011100011100001111111000011110111000010000111111100001
10011100011100011101101111111110111110111100001111111110111111111110011100011100011100001111111000011110111000010000111111100001
10011110011100011101101111111110111110111100001111111110111111111110011100011100011100001111111100011110111000010000111111100001
10011110011100011101101111111110111110111100001111111110111111111110011100011100011100011111111100011110111000010000111111100001
10011110011100011101101111111110111110111100001111111110111111111110011100011100011100011111111100011110111000010000111111100001
10011110011100011101101111111110111110111110001111111110111111111110011100011100011100011111111100011110111000010000111111110001
10011110011100011101101111111110111111111110001111111110111111111110011100011100011100011111111100011110111000010000111111110001
10011110011100011101101111111110111111111110001111111110111111111110011100011100011100011111111100011110111000010000111111110000
10011110011100011101101111111110111111111110011111111111111111111110111100111100011100011111111100011110111000110000111111110000
10011111011100011111111111111110111111111110011111111111111111111110111100111100011100011111111100011110111000110000111111110000
10011111011100011111111111111110111111111110011111111111111111111110111100111100011100011111111100011110111000110000111111110000
10011111111100011111111111111110111111111110011111111111111111111110111100111100011100011111111100011110111000110000111111110000
11111111111110111111111111111111111111111111111111111111111111111110111111111100011100011111111100011111111000110000111111110000
11111111111110111111111111111111111111111111111111111111111111111110111111111100011100011111111100011111111000110000111111110000
11111111111111111111111111111111111111111111111111111111111111111111111111111100011100011111111100011111111100110001111111110000
11111111111111111111111111111111111111111111111111111111111111111111111111111110011100011111111100011111111100111001111111110000
11111111111111111111111111111111111111111111111111111111111111111111111111111110011110011111111100111111111100111001111111110000
11111111111111111111111111111111111111111111111111111111111111111111111111111110011110011111111100111111111100111001111111110000
11111111111111111111111111111111111111111111111111111111111111111111111111111111111110111111111100111111111100111001111111110001
11111111111111111111111111111111111111111111111111111111111111111111111111111111111110111111111111111111111110111001111111110001
11111111111111111111111111111111111111111111111111111111111111111111111111111111111110111111111111111111111110111001111111110001
11111111111111111111111111111111111111111111111111111111111111111111111111111111111111111111111111111111111111111011111111110001
11111111111111111111111111111111111111111111111111111111111111111111111111111111111111111111111111111111111111111011111111110001
11111111111111111111111111111111111111111111111111111111111111111111111111111111111111111111111111111111111111111011111111110001
11111111111111111111111111111111111111111111111111111111111111111111111111111111111111111111111111111111111111111111111111110001
11111111111111111111111111111111111111111111111111111111111111111111111111111111111111111111111111111111111111111111111111111001
11111111111111111111111111111111111111111111111111111111111111111111111111111111111111111111111111111111111111111111111111111001
11111111111111111111111111111111111111111111111111111111111111111111111111111111111111111111111111111111111111111111111111111001
11111111111111111111111111111111111111111111111111111111111111111111111111111111111111111111111111111111111111111111111111111011
11111111111111111111111111111111111111111111111111111111111111111111111111111111111111111111111111111111111111111111111111111011