11111111111111111111111111111111101111111111111111111111111111111111111111111111111111111111111111111111111111111111111111111111
11111111111111111111111111111111101111111111111111111111111111111111111111111111111111111111111111111111111111111111111111111111
11111111100111111111111111111111000011111111111111111111101111111111111111111111111111111111111111111111111111111111111111111111
11111111100001111100111111111111000001111111111111111111100111111111111111111111111111111111111111111111111111111111111111111111
11001111100001111100111111111111000001111111111111111111100111111111111111111111111111111111111111111111111111111111111111111111
11001111100001111100111111111111000001111111111111111111100111111111111111111111111111111111111111111111111111111111111111111111
11000111100000111100111111111111000001111111111111011111000111111111111111111111001111111111111111111111011111111111111111111111
11000111100000111100111111111111000001111111111111011111000111111101111111111111001111111011111111111111001111111111111111111101
11000111100000111000111111111111000001111111111111011111000111111001111111111111000111111011111111111110001111111111111111111100
11000111100000111000111111111111000001111111111111011111000111111001111111111111000111111011111111111110001111111111111111111100
11000111100000111000011111111111000001111111111111011111000111111001111111111111000111111011111111111110001111111111111111111000
11000111100000111000011111111111000001111111111110011111000111111001111111111110000111111011111111111110001111110111111111111000
11000111100000111000011111111111000001111111111110011111000011111001111111111110000111111011111111111110001111110111111111111000
11000111100000111000011111111111000001111111111110011111000011111001111111111110000111111011111111111110001111110111111111111000
11000111100000111000011111111111000001111111111110011111000011111001111111111110000111111011111101111110001111110111111111111000
11000111100000111000011111111111000001111111111110011111000011111001111111111110000111111011111101111110001111110111111111111000
10000111100000111000011111111111000001111111111110011111000011111001111111111110000111111011111101111110001111110111111111111000
10000111100000111000011111111111100001111111111110011111010011111001111111111110000111111011111101111110001111110111111111111000
10000011100000111000011111111111100001111111111110011111011011111001111111111111010111111011111101111110001111110111111111111000
10000011110000111000011111111111111001111111111110011111011011111001111111111111010111110011111101111110001111110111111111111000
10000011110000111000011111111111111001111111111110011111011011111001111111111111010111110011111101111110000111110111111111111000
10010011111000111000011111111111111001111111111110011111111011111001111111111111110111110011111101111110100111110111111111111100
10010011111100111011011111111111111001111111111110011111111011110001111111111111110011110011111101111110100111110111111111111100
10010011111100111011011111111111111001111111111110011111111011110001111111111111110011110011111101111111100111110111111111111110
10010011111100111011011111111111111001111111111110011111111011110001111111111111110011110011111101111111100111100111111111111110
10010011111100111011011111111111111001111111111100011111111011110001111111111111110011110011111101111111100111100111111111111111
10010011111100111011011111111111111001111111111100011111111011110001111111111111110011110011111101111111100111101111111111111111
10110011111101111011011111111111111001111111111100011111111011110001111111111111110011110111111101111111100111101111111111111111
10110011111101111011011111111111111001111111111100011111111011110001111111111111110011110111111101111111100111101111111111111111
10111011111101111011011111111111111001111111111100011111111011110001111111111111111011110111111101111111100111101111111111111111
10111011111101111011011111111111111001111111111100011111111011110001111111111111111011110111111101111111100111101111111111111111
10111011111101111011011111111111111001111111111100011111111011110001111111111111111011110111111101111111100111101111111111111111
10111011111101111011011111111111111001111111111100011111111011110001111111111111111011110111111101111111100111101111111111111111
10111011111101111011011111111111111001111111111100011111111011110001111111111111111011110111111101111111110111101111111111111111
10111011111101111011011111111111111011111111111100011111111011110001111111111111111011110111111101111111110111101111111111111111
10111011111101111011011111111111111011111111111100011111111011110001111111111111111011110111111101111111110111101111111111111111
10111011111101111011011111111111111011111111111100011111111011110001111111111111111011110111111101111111110111101111111111111111
10111011111001111011011111111111111011111111111100011111111011110001111111111111111011110111111101111111110111101111111111111111
10111011111001111011011111111111111011111111111101011111111011110001111111111111111011110111111101111111110111101111111111111111
10111011111001111011011111111111111011111111111101011111111011111001111111111111111011110111111101111111110111101111111111111111
10111011111001111011011111111111111011111111111111011111111011111101111111111111111011110111111101111111110111101111111111111111
10111011111001111011011111111111111011111111111111011111111011111101111111111111111011110111111001111111110111101111111111111111
10111011111001111011011111111111111011111111111111011111111011111101111111111111111011110111111001111111110111101111111111111111
10111011111001111001011111111111111011111111111111011111111011111101111111111111111011110111111001111111110111101111111111111111
10111011111001111000011111111111111011111111111111011111111011111101111111111111111011110111111001111111110111101111111111111110
10111011111001111000011111111111111011111111111111011111111011111101111111111111110011110111111001111111110111101111111111111110
10111011111001111000011111111111111011111111111111011111111011111101111111111111110011110111111001111111110111101111111111111110
10111011111001111000011111111111110011111111111111011111111011111101111111111111110011110111111001111111110111101111111111111110
10111011111001111000011111111111110011111111111111011111111011111101111111111111110011110111111001111111110111101111111111111110
10111011111001111000011111111111110011111111111111011111111011111101111111111111110011110111111001111111100111101111111111111110
10111011111001111000011111111111110011111111111111011111111011111101111111111111110011110111111001111111100111101111111111111110
10111011111011111000011111111111110011111111111111011111110011111101111111111111110011110111111001111111100111101111111111111110
10111011111011111000011111111111110011111111111111011111110011111101111111111111110111110111111001111111100111101111111111111110
10111011111011111000011110001111110011111111111111011111110011111101111111111111110111100111111001111111100111101111111111111110
10111011111011111000011110001111110111111111111111011111110011111101111111111111110111100111111001111111100111101111111111111110
10111011111011111000011110000111110111110000111111011111110011111101111100011111110111100111111001111111100111101111111111111110
10110011111011111000011100000111110111110000011111011111110011111101111100001111110111100111111001111111100111101111111111111110
10010011111011111000011100000111110111110000011111011111110011111101111100001111110111100111111001111111100111001111111111111110
10010011111011111000011100000111110111110000011111011111110011111101111100001111100111100111111011111111100111001111111111111110
10010011110011111000011100000111110111110000011111011111110011111101111000001111100111100111111011111111100111001111111101111110
10010011110011111000011100000111110111110000011111011111110011111101111000001111100111100111111011111111101111001111110000111110
10010011110011111000011100000111110111110000011111011111110011111101111000001111100111100111111011111111101111001111110000111110
10010011110011111000011100000111110111110000011111011111110011111101111000001111100111100111111011111111001111001111110000111110
10000011110011111000011100000111110111110000011111011111110111111101111000001111100111100111111011111111001111001111110000111110
10000011110011111000011100000111110111110000011111011111110111111101111000001111100111100111111011111111001111001111100000111110
10000011110011111000011100000111110111110000011111011111100111111101111000001111100111100101111011111111001111001111100000111110
10000011110011111000011100000111110111110000011111011111100111111101111000001111100111100101111011111111001111001111100000111110
10000011110011111000011100000111110111110000011111011111100111111101111000001111100111100101111011111111001111001111100000111110
10000011110011111000011100000111100111110000011111011111100111111101111000001111100111101101111010111111001111011111100000111100
11000011110011111000011100000111100111110000011111011111100111111101111100001111101111101101111010111111001111011111100000111101
11000011110011111000011100000111100111110000011111011111100111111101111100001111001111101101111010111111001111011111100000111101
11000011110111111000011110000111100111110000111111011111100111111101111100001111001111101101111010111111001111011111100000111101
11000011110111111000011110001111100111110000111111011111100111111101111100001111001111101101111010111111011111011011100000111101
11000011110111111010011111111111100111111111111111011111100111111101111111111111001111101101111010111111011111011011110001111101
11000011110111111010011111111111100111111111111111011111100111111101111111111111001111101101111010111111011111011011110001111101
11000011110111111011011111111111100111111111111111011111101111111101111111111111001111101101111010111111011111011011110001111101
11000011110111111011011111111111100111111111111111011111101111111101111111111111001111101101111010111110011111011011110111111101
11000011110111111011011111111111100111111111111111011111101111111101111111111111001111101101111010111110011111011011111111111101
11000011110111111011011111111111100111111111111111011111001111111101111111111111001111101001110010111110011111010011111111111101
11000011110111111011011111111111100111111111111111011111001111111101111111111111001111101001110010111110011111010011111111111101
11000011110111111011001111111111101111111111111111011111001111111101111111111111001111101001110010111110011111010011111111111101
11100011110111110011001111111111101111111111111111011111001111111101111111111111011111100001110010011110011111000011111111111101
11100011110111110011001111111111101111111111111111011111001111111101111111111111011111100001110010011110011111000011111111111101
11100111110111110011001111111111101111111111111111011111001111111101111111111111011111100001110010011110011111000011111111111101
11100111110111110011001111111111101111111111111111011111001111111101111111111111011111100001110000011110111111000011111111111101
11100111110111110011001111111111101111111111111111011111001111111101111111111111011111100001110000011110111111000011111111111101
11100111110111110011001111111111101111111111111111011111001111111101111111111111011111100001110000011110111111000011111111111101
11100111110111110011001111111111101111111111111111011111011111111101111111111111011111100001110000011110111111000011111111111101
11100111110111110011001111111111101111111111111111011111011111111101111111111110011111100001110000011110111111000011111111111101
11100111110111110011001111111111101111111111111111011111011111111101111111111110011111100001110000011110111111000011111111111101
11100111110111110011001111111111101111111111111111011111011111111101111111111110011111100001110000011110111111000011111111111101
11100111110111110011001111111111101111111111111111011111011111111101111111111110011111100001111000011110111111000011111111111101
11100111110111110011001111111111101111111111111111011111011111111101111111111110011111100001111000011110111111000011111111111101
11100111110111110011001111111111101111111111111111011111011111111101111111111110011111100001111000011110111111000011111111111101
11100111110111110011001111111111101111111111111111011111011111111101111111111110011111100001111000011100111111000011111111111101
11100111110111110011001111111111101111111111111111011111011111111101111111111110011111100001111000011100111111000011111111111101
11100111110111110011001111111111101111111111111111011111011111111101111111111110111111100001111000011100111111000011111111111101
11100111110111110011001111111111101111111111111111011111011111111101111111111110111111100001111000011100111111000011111111111101
11100111110111110011001111111111101111111111111111011111011111111101111111111110111111100001111000011100111111000011111111111101
11100111110111110011001111111111101111111111111111011111011111111101111111111110111111100001111000011100111111000011111111111101
11100111110111110011001111111111101111111111111111011111011111111101111111111110111111110001111100011100111111100011111111111101
11100111110111110011001111111111101111111111111111011111011111111101111111111110111111111001111110011100111111110011111111111101
11100111110111110011001111111111101111111111111111011111011111111101111111111110111111111001111110011100111111110011111111111101
11100111110111110011001111111111101111111111111111011111011111111101111111111110111111111001111110011100111111110011111111111101
11101111110111110011001111111111101111111111111111011111011111111101111111111110111111111001111110011100111111110011111111111101
11101111110111110011001111111111101111111111111111011111011111111101111111111110111111111001111110111100111111110011111111111101
11101111110111110011001111111111101111111111111111011111011111111101111111111110111111111001111110111100111111110011111111111101
11101111100111110011001111111111101111111111111111011111011111111101111111111110111111111001111110111100111111110011111111111101
11101111110111110011001111111111101111111111111111011111011111111101111111111110111111111001111110111100111111111011111111111101
11101111110111110000001111111111101111111111111111011111011111111101111111111110011111111001111110111100111111111011111111111101
11001111110111110000001111111111101111111111111111011111001111111101111111111110011111111001111110111100111111111011111111111101
11001111110111110000001111111111101111111111111111011111000111111101111111111110001111111001111110111100111111111011111111111101
11001111110111111000011111111111101111111111111111011111000111111101111111111110001111111001111110111100111111111011111111111101
11001111110111111000011111111111101111111111111111011111000011111101111111111110000111111101111110111100111111111011111111111101
11001111110111111000011111111111101111111111111111011111000011111101111111111110000111111101111110111100001111111011111111111101
11001111110111111000011111111111101111111111111111011111000011111101111111111110000111111101111110111100001111111011111111111101
11001111110111111000011111111111101111111111111111011111000011111101111111111110000111111101111110111100001111111011111111111101
11001111110111111000011111111111101111111111111111011111000011111101111111111110000111111101111110111100001111111011111111111101
11001111110111111000011111111111101111111111111111011111000011111101111111111110000011111101111110111100000111111011111111111101
11001111110111111000011111111111101111111111111111011111000011111101111111111110000011111101111110111100000111111011111111111101
11001111110111111000011111111111101111111111111111011111000011111101111111111110000011111101111110111110000111111011111111111101
11011111110111111000011111111111101111111111111111011111000011111101111111111110000011111101111110111110000111111111111111111101
11011111110111111000011111111111101111111111111111011111000011111101111111111110000011111101111110111110000111111111111111111101
11011111110111111000011111111111101111111111111111011111000011111101111111111110000011111101111110111110000111111111111111111101
11011111111111111100011111111111111111111111111111011111000011111101111111111111000111111111111111111110000111111111111111111111
11111111111111111100111111111111111111111111111111111111100011111111111111111111000111111111111111111110000111111111111111111111
11111111111111111100111111111111111111111111111111111111101111111111111111111111100111111111111111111110000111111111111111111111
11111111111111111100111111111111111111111111111111111111101111111111111111111111100111111111111111111110000111111111111111111111