11111111111111111111111111111111111000011111111111101111111111111111111111111111111111111111111111111111111111111111111111111011
11111111111111111111111111111111111000011111111111101111111111111111111111111111111111111111111111111111111111111111111111111011
11111111111111111111111111111111111000011111111111000011111011111111111111111111110111111111111000111111111111111111111111111011
11111111111111111111111111111111111000011111111111000011111011111111111111111111110111111111111000111111111111111111111111111011
11001111111111100011111011101111111000011111111111000011111001111100111111111111110011111001111000011111111111011111111111110001
10001111101111100011111011101111111000011111111111000011111001111100011111111111110011110001111000011111011111011111111111110001
10001111101111100011111011101111111000011111111111000011111001111100011111111111110011110001111000011111011111011111111111110001
10001111100111100001111011101111110000001111111111000011111001111100011111111111100011110001111000011111011111011111111111110001
10001111000111000001111011101111110000001111111111000011110000111100011111111111100011110001111000011111011111011111111111110001
10001111000111000001111011101111110000001111111111000011110000111100011111111111100011110001111000011111011111011111111111110001
10001111000111000001111011101111110000001111111111000011110000111100011111111111100011110001111000011110011111011111111111110001
10001111000111000001111011101111110000001111111111000011110000111100011111111111100011110001111000011110011111011111111111110001
10001111000111000001111011101111110000001111111111000011110000111100011111111111100001110001111000011110011111011111111111100001
10001111000111000001111011101111110000001111111111000011110000111100011111111111100001110001111000011110011111011111111111100001
10001111000111000001111011101111110000001111111111000011110000111100011111111111100001110001111000011110011111011111111111100101
10001111000111000001111011101111110000001111111111000011110000111000011111111111100001110001111000011110011111011111111111100101
10001111000111000001111011101111111000001111111111000011110000111000011111111111100001110001111000011110011111011111111111100101
10001111000111000001111011101111111000011111111111000011110000111000011111111111100001110001111000011110011111011111111111101101
10001111000111000000111011101111111000011111111111000011110000111000001111111111100001110001111000011110011111011111111111101101
10001111000111000000111011101111111110011111111111000011110000111000001111111111100001110011111100011110011111011111111111101101
10001110000111000000111011101111111110011111111111100011110100111001001111111111101001110111111100011110011111011111111111101101
10001110000011000000111001101111111110011111111111100011110100111001001111111111001001110111111100011110011110011111111111101100
11001110010011001100111001101111111110011111111111110011110110111001001111111111001101110111111100011110011110011111111111101100
11001110010011001100111001101111111110011111111111110011110110111001001111111111001101110111111100011110011110011111111111101100
11001110010011001100111001101111111111011111111111110011100110111001001111111111001101110111111100011110011110111111111111101100
11001110010011001100111001101111111111011111111111110011100110111001001111111111001101110111111110011110011110111111111111101100
11001110010011001100111001101111111111011111111111110011100110111001001111111111001101110111111110011110011110111111111111101100
11001110010011001100111001101111111111011111111111110011100110111011001111111111001101110111111110011110011110111111111111101110
11001110011011001100111001101111111111011111111111110011100110111011101111111111001101110111111110011110011110111111111111101110
11001110011011001100111001101111111111011111111111110011100110111011101111111111001101110111111110011110011110111111111111101110
11001110011111001100111001101111111111011111111111110011100110111011101111111111001101110111111110011110011110111111111111101110
11001110011111001100111001101111111111011111111111110011100110111011101111111111001101110111111110011110011110111111111111101110
11001110011111011100111001101111111111011111111111110011100110111011101111111111011101110111111110111110011110111111111111101110
11001110011111011100111001101111111111011111111111110011100110111011101111111111011101110111111110111110011110111111111111101110
11001110011111011100111001101111111110011111111111110011100110111011101111111111011101110111111110111110011110111111111111101110
11001110111111011100111001101111111110011111111111110011100110111011101111111111011101110111111110111111011110111111111111101110
11011110111111011100111001101111111110011111111111110011100110011011101111111111011101110111111110111111011110111111111111101110
11011110111111011100111001101111111110011111111111110011100110011011101111111111011101110111111100111111011110111111111111101110
11011110111111011100111001101111111110011111111111110111101110011011101111111111011101110111111100111111011110111111111111101110
11011110111111011100111001101111111110011111111111110111101110011011101111111111011101110111111100111111011110111111111111101110
11011110011111011100111001101111111110011111111111110111101110011011101111111111011101110011111100111111011110111111111111101110
11011110011111011100111001101111111110011111111111110111101110011011101111111111011101110011111100111111011110111111111111101110
11011110011111011100111001101111111110011111111111110111101110011011101111111111011101110011111100111111011110111111111111101110
11011110011111011100111001101111111110111111111111110111101110011011101111111111011101110011111100111111011110111111111111101110
11011110011111001100111001101111111110111111111111100111101110011011101111111111011101110011111100111111011110111111111111101110
11011110011111001100111001101111111110111111111111100111101110011011101111111111011101110011111100111111011110111111111111101110
11011110011111001100111001101111111110111111111111100111101110011011101111111111011101110011111100111111011110111111111111101110
11011110011111001100111000101111111110111111111111100111101110011011101111111111011101110011111100111111011110111111111111101110
11011110011111001100110000101111111110111111111111100111101110011011101111111111011101110001111100111111011110111111111111101110
11011110011111001100110000101111111110111111111111100111101110011011101111111111011101110001111100111111011110111111111111101110
11011110011111001100110000101111111110111110001111100111101110011011101111111111011101110001111100111111011100111111000111101110
11011110011111001100110000101111111110111110001111100111101110011011101111111111011101110001111100111111011100111111000111101110
11011110001111000000110000101111111110111100000111100111101110011011101110000111011101110001111100111111011100111110000011101100
11011110001111000000110000101111111110111100000111100011101110011011101110000111011101110001111100111111011100111110000011101100
11011111001111000000110000101111111110111100000111100011101110011011101110000111011101110001111100111111011101111110000011101100
11011111001111000000110000101111111110111100000111100011101110011011101110000111011101110001111100111111011101111110000011101100
11011111001111000000110000101111111100111100000111100011101110011011101110000111011101110001111100111111011101111110000011101100
11011111001111000000110000101111111100111100000111100011101110011011101110000111011101110001111100111111011101111110000011101100
11011111001111000000110000101111111100111100000111100011101110011011101110000111011101110001111100011111011101111110000011101100
11011111001111000000110000101111111100111100000111100011101110011011101110000111011101110001111100011111011101111110000011101100
11011111001111000000110000101111111100111100000111100011101110011011101110000011011101111000111100011111011101111110000011100100
11011111000111000000110000101111111100111100000111100011101110011011101110000011011100111000111100011111011101111110000011100000
11011111000111000000110000101111111101111100000111100011101110011011101110000011011101111100111100011111011101111110000011100000
11011111000111000000110000001111111101111100000111100011101110011011101110000011011101111100111100011111011101111110000011100000
11011111000111000000110000001111111101111100000111110011101110011011101110000011011101111100111110011111011101111110000011100001
11011111100111000000110010001111111101111100000111110011101110011011101110000011011101111100111110011111011101111110000011100001
11011111100111000000110010001111111101111100000111110011101110011011101110000011011101111100111110011111011101111110000011100001
11011111100111000000110010001111111101111100000111111011101110011011101110000111011101111100111110011111011101111111000111110001
11011111100111000000110010001111111101111100000111111011101110011011101110000111011101111100111111011111011101101111111111110001
11011111100111000000110010001111111101111100000111111001101110011011101110000111011101111100111111011111011101101111111111110001
11011111100111000000110010001111111101111100001111111001101110011011101110000111011101111110111111011111011101101111111111110001
11011111100111000000110010001111111101111100001111111001101110011011101110000111011101111110111111011111011101001111111111110001
11011111100111000000110010001111111101111111111111111001101110011011101110000111011101111110111111011111011101001111111111110001
11011111110111001100110010001111111101111111111111111001101110011011101111111111011101111110111111011111011101001111111111110001
11011111110011001100110010001111111101111111111111111001101110011011101111111111011101111110111111011111011101001111111111110001
11011111110011001100110010001111111101111111111111111001101110011011101111111111011101111110111111011111011101001111111111110001
11011111110011001100110010001111111101111111111111111001101110011011101111111111011101111110111111011111011101001111111111110001
11011111110011001100110010001111111101111111111111111001101110011011101111111111011101111110111111011111011101001111111111110001
11011111110011001100110010001111111101111111111111111001101110011011101111111111011101111110111111011111011101001111111111111001
11011111110011001100110010001111111101111111111111111001101110011011101111111111011101111110111111011111011100001111111111111001
11011111110011001100110010001111111101111111111111111001101110011011101111111111011101111110111111011111011100001111111111111001
11011111110011001100110010001111111101111111111111111001101110011011101111111111011101111110111111011111011100001111111111111001
11011111110011001100110010001111111101111111111111111001101110011011101111111111011101111110111111011111011100001111111111111001
11011111110011001100110010001111111101111111111111111001101110011011101111111111011101111110111111011111011100001111111111111001
11011111110011011110110010001111111101111111111111111001101110011011101111111111011101111110111111011111011100001111111111111001
11011111110011011110110010001111111101111111111111111001101110011011101111111111011101111110111111011111011100001111111111111001
11011111110011011110110010001111111101111111111111111001101110011011101111111111011101111110111111011111011100001111111111111001
11011111110011011110110010001111111101111111111111111001101110011011101111111111011101111110111111011111011100001111111111111001
11011111110011011110110010001111111101111111111111111001101110011011101111111111011101111110111111011111011100001111111111111001
11011111110011011110110010001111111101111111111111111001101110011011101111111111011101111110111111011111011100001111111111111011
11011111110011011110110010001111111101111111111111111001101110011011101111111111011101111110111111011111011100001111111111111011
11011111110011011110110011001111111101111111111111111001101110111011101111111111011101111110111111011111011100001111111111111011
11011111110011011110110011001111111001111111111111111001100110111011101111111111011101111110111111011111011100001111111111111011
11001110110011011110110011001111111001111111111111111001100110111011101111111111011101111110111111011111011100001111111111111011
11001110110011011110110011001111111001111111111111111001100110111011101111111111011101111110111111011111011100001111111111111011
11001110110011011110110011001111111001111111111111111001100110111011101111111111001101111100111111011111011100001111111111111011
11001110110011001100110011001111111001111111111111111001100110111011101111111111001101111100111111011111011110001111111111111011
11001110110011001100110011001111111001111111111111111001100110111011101111111111001101111100111111011111011111001111111111111011
11001110110011001100110011001111111001111111111111111001100110111011101111111111001101111100111111011111011111001111111111111011
11001110110011001100110011001111111001111111111111111001100110111011101111111111001101111100111111011111011111001111111111111011
11001110010011001100110011001111111001111111111111111001100110111011101111111111001101111100111111011111011111001111111111111011
11001110010011001100110011001111111001111111111111111001100110111011001111111111001101111100111111011111011111001111111111111011
11001110010011001100110011001111111001111111111111111001100110111011001111111111001101111100111111011111011111001111111111111011
11001110010011001100110011001111111001111111111111111001100110111011001111111111001101111100111111011111011111001111111111111011
11001110010011001100110011001111111001111111111111010011100100111001001111111111001001111101111110011111011111001111111111110011
11001110010111001100110011001111111001111111111111010011110100111001001111111111001001111101111110011111011111101111111111110011
11001110000111001000110011001111111001111111111111000011110100111001001111111111000001111001111010011111011111101111111111110011
11001110000111001000111011001111111001111111111111000011110100111001001111111111000001111001111010011111011111101111111111110011
10001110000111000000111011001111111011111111111111000011110000111000001111111111100001111001111000011111011111101111111111110111
10001110000111000000111011001111111011111111111111000011110000111000001111111111100001111001111000011111011111101111111111110111
10001110000111000000111011001111111011111111111111000011110000111000001111111111100001111001111000011111011111111111111111110111
10001110000111000000111011001111111011111111111111000011110000111000001111111111100001110001111000011111011111111111111111110111
10001110000111000001111011001111111111111111111111000011110000111000011111111111100001110001111000011111011111111111111111110111
10001111000111000001111011001111111111111111111111000011110000111000011111111111100001110001111000011111011111111111111111110111
10000111000111000001111011001111111111111111111111000011110000111000011111111111100001110001111000011111011111111111111111110111
10000111000111000001111011001111111111111111111111000011110000111100011111111111100001110001111000111111011111111111111111110111
10000111000111000001111111101111111111111111111111000011110000111100011111111111100001110001111000111111111111111111111111110111
10000111000111000001111111101111111111111111111111000011110000111100011111111111100001110001111000111111111111111111111111110111
10000111000111000001111111101111111111111111111111000011110000111100011111111111100011110011111000111111111111111111111111110111
10000111000111000001111111101111111111111111111111000011110000111100011111111111100011110011111000111111111111111111111111110111
10001111000111000001111111101111111111111111111111000111110001111100011111111111100011110011111000111111111111111111111111111111
10001111001111000001111111101111111111111111111111000111110001111100011111111111100011110011111000111111111111111111111111111111
10001111001111000001111111101111111111111111111111000111110001111100011111111111100011110011111000111111111111111111111111111111
10001111001111000001111111111111111111111111111111100111111001111100011111111111110011110011111001111111111111111111111111111111
10001111111111100011111111111111111111111111111111111111111001111100011111111111110011110111111111111111111111111111111111111111
10001111111111100011111111111111111111111111111111111111111001111100011111111111110011110111111111111111111111111111111111111111
11101111111111111111111111111111111111111111111111111111111111111110111111111111110111110111111111111111111111111111111111111111
11101111111111111111111111111111111111111111111111111111111111111110111111111111110111110111111111111111111111111111111111111111