11111111111111111111111111111111111111111111111111111111111111111111111111111111111111111111111111111111111111111111111111111111
11111111111111111111111111111111111111111111111111111111111111111111111111111111111111111111111111111111111111111111111111111111
11111111111111111111111111111110111101111110111111111111111111111100111111111100111111111111111111111111111111111111111111111111
11111111111111111111111111111110111101111110111111111111111111111100111111111100111111111111111111111111111111111111111111111111
11111111111111111111111111111110111100011100111111111100011111111100111100111100111111111111111101111111111111111101111111111111
11111111111111111111111111111110111100011100111111111100011111111100111000111100111111111111111101111111111111111101111111111111
11111111111111111111111111111110111100011100111111111100011111111100111000111100011111111111111100111111111111111100111111111111
11111111111111111111111111111100111100011100111111111100011111111100011000111100011111111111111100111101111111111000111111111000
11111111111111111111111111111100111100011100111111111100011111111100011000111100011111111111111100111101111111111000111111111000
11111111111111111111111111111100011100011100111111111100011111111100011000011100011111111111111100111101111111111000111111111000
11111111111111111111111111111100011100011100111111111100011111111100011000011100011111111111111100111101111111111000111111111000
11111111111111111111111111111100011100011100011111111000011111111100111000011100011111111111111100111101111111111000111111111000
10011110011111111111111111111100011100011100011111111000011111111100111000011100011111111111111100111100111111111000111111111000
10011110011111111111111111111100011100011100011111111000011111111100111000011100011111111111111100111100111111111000111111111000
10011110011100111101111111111100011100011100011111111000011111111100111000011100011111111111111000111100111111111000111111111000
10011110011100111101111111111100011100011100011111111100011111111100111000011100111111111111111000111100111111111000111111111000
10011110011100011101111111111100011100011100011111111100011111111100111000011100111111111111111000111100111101111000111111111000
10011110011100011101111111111100011111011101011111111110011111111101111110011100111111111111111010111100111101111000111111111100
10011110011100011101111111111101011111011101011111111111011111111101111110111100111101111111111010111100111101111001111111111110
10011110011100011101111111111101011111011101011111111111011111111101111110111100111101111111111010111100111101111001111111111110
10011110011100011101111111111101011111011101011111111111011111111101111110111101111101111111111011111100111101111011111111111110
10011110011100011101101111111101011111011101011111111111011111111101111110111101111101111111111011111100111101111011111111111110
10011110011100011101101111111101011111011101011111111111011111111101111110111101111101111111111011111100111101111011111111111110
10011110011100011101101111111101011111011101011111111111011111111111111110111111111101111111111011111100111101111011111111111110
10011100011100011101101111111101011111011101011111111111011111111111111110111111111101111111111011011100111101111011111111111110
10011101011100011101101111111101011111011101011111111111011111111111111110111111111101111111111011011100111101111011111111111110
10011101011100011101101111111101011111011101011111111111011111111111111110111111111101111111111011011100111101111011111111111110
10011101011101011101101111111101011111011101011111111111011111111111111110111111111101111111111011011100111101111011111111111110
10011101011101011101101111111101011111011101011111111111011111111111111110111111111101111111111011011000111101111011111111111110
10011101011101011101101111111111011111011111011111111111011111111111111110111111111101111111111011011000111101111011111111111110
10011101011101011101101111111111011111011111011111111111011111111111111110111111111101111111111011011000111101111011111111111110
10011101011101011101101111111011011111011111011111111111011111111111111110111111111101111111111011011000111101111011111111111110
10111101011101111101101111111011011111011111011111111111011111111111111110111111111101111111111011011000111101111011111111111110
10111101011101101101101111111011011111011111011111111111011111111111111110111111111101111111111011011000111101111011111111111110
10111101111101101101101111111011011111011111011111111111111111111111111110111111111101111111111011011000111101111011111111111110
11111101111101101101101111111011011111011101011111111111111111111111111110111111111101111111111011011010111111111011111111111110
11111101111101101101101111111011011111011101011111111111111111111111111110111111111101111111111011011010111111111011111111111110
11111101111101101101101111111011011111011101011111111111111111111111111110111111111101111111111011011110111111111011111111111111
11111101111101101101101111111011011111011101011111111111111111111101111110111101111101111111111011011110111111111011111111111111
11111101111101101101111111111011011111011101011111111111111111111101111110111101111101111111111011011110111111111011111111111111
11111101111101101101111111111011011111111101011111111110111111111101111110111101111101111111111011011110111101111011111111111111
11111101111101101101111111111011011110111101011111111110111111111101111110111101111101111111111011011110111101111011111111111111
11111101111101101101111111111011011110111101011111111110111111111101111110111101111101111111111011011110111101111011111111111111
11111101111101101101111111111011011110111101011111111110111111111101111100111101111101111111111011011110111001111011111111111111
11111101111101101101111111111011011110111101011111111110111111111101111101111101111101111111111011011110111001111011111111111111
11111101111101101101111111111011011110111101011111111110111111111101111101111100111101111111111011011110111001111001111111111111
11111101111101101101111111111011011110111101011111111110111111111101111101111100111101111111111011011110111001111001111111111101
11111101111101101101111111111011011110111100011111111110111111111101111100111100111101111111111011011110111001111001111111111101
11111101111101101100111111111011011110111100011111111110111111111100111100111100111101111111111011011110111001111001111111111101
11111101111101101100111111111011011110111100111111111110111111111100111100111100111101111111111011011110111001111001111111111101
11111101111101101100111111111011011110111100111111111110111111111100111100111100111101111111111011011110111001111001111111111101
11111101111101101100111111111111011110111100111111111110111111111100111100111100111101111111111011011110111001111001111111111101
11111101111101101100111111111111011110111100111111111110111111111100111100111100111111111111111011011110111001111001111111111101
11111100111101101100111111111101011110111100111101111110111111111100111100111100111111111111111011011110111000111001111111111101
11111110111101101100111111111101011110111100111101111110111111111100111100111100111111111111111011011110111000111001111111111101
11111110111101001100111111111101011110111100111100011110111100011100111100111100111111111100111011011110111000111001111111111101
11111110111101001100111111111101011110111100111100011110111100011100111100111100111111111100111011011110111000111101111111111101
11111110111101001100111111111101011110111100111100011110111000011100111100111100111111111000111011011110111000111100111000111101
11111110111101011100111111111101011110111100111100011110111000011110111100111110111111111000111011011110111000111100111000111101
11111110111101011100111111111101011110111100111100011110111000011110111110111110111111111000011010011110111000111100111000111101
11111110111100011100111111111101011110111100111100011110111000011110111110111110111111111000011010011110111000111100111000111101
11111110111100011100111111111101011110111100111100011110111000011110111110111110111111111000011010011110111000111110111000111101
11111110111100011100111111111101011110111100011000011110111000011110011110111110111111111000011010011110111000111110111000111101
11111110111100011100111111111101011110111100011000011110111000011111011110111110111111111000011010011110111000111110111000111101
11111110111100011100111111111101011110111100011000011110111000011111011110111111111111111000011100011110111010111110111000111101
11111110011100011100111111111100011110111100011000011110111000011111011110011111011010111000011100011110111010111110111000111101
11111110011100011100111111111100011110111100011000011111111100011111011110011111011010111000011100011110111010111110111000111101
11111110011100011100011111111100011110111100011000011111111100011111011110011111011010111000011100011110111010111110111000111101
11111110011100011100011111111100011110111101011100011111111100011111011110011111011010111000111100011110111010111110111000111111
11111110011100011100011111111100011111111101011100011111111100011111011111011111011010111000111100111110111010111110111000111111
11111110011100011100011111111100011111111101011100011111111100011111011111011111011010111000111100111110111010111110111000111111
11111111011101011100011111111100011111111101011100011111111111111111011111011111011010111111111100111110111010111110111000111111
11111111011101011100011111111100011111111101011100011101111111111111011111011111011010111111111100111110111010111110111000111111
11111111011101011100011111111100011111111101011111111101111111111111011111011111011010111111111100111110111011111110111111111111
11111111011101001100011111111100011111111101011111111101111111111111011111011111011010111111111100111110111011111110111111111111
11111111011101001100011111111100011111111101011111111101111111111111011111011111011010111111111100111110111011111110111111111111
11111111011101001100011111111110011111111001011111111101111111111111011111011111011010111111111100111110111011111110111111111111
11111111011101001100011111111110011111111001011111111101111111111111011111011111011010111111111100111110111011111110111111111111
11111111011101001100011111111110011111111011011111111101111111111111011111011111011010111111111100111110111011111110111111111111
11111111011101001100011111111110011101111011011111111101111111111111011111011111011000111111111100111110111011111110111111111111
11111111011101101100011111111110011101111011011111111101111111111111011111011111011000111111111110111110111111111110111111111111
11111111011101101101011111111110011101111011011111111101111111111111011111011111011000111111111110111110111111011110111111111111
11111111011101101101011111111110011101111011011111111101111111111111011111011111011000011111111110111110111111011110111111111111
11111111011101101101011111111110011101111011011111111101111111111111011111011111011000011111111110111110111111011110111111111111
11111111011101101101011111111110011101111011011111111101111111111111011111011111011000011111111110111110111111011110111111111111
11111111011101101101011111111111011101111011011111111101111111111111011111011111011000011111111110111110111111011110111111111111
11111111011101101101011111111111011101111011011111111101111111111111011111011111011000011111111110111110111111011110111111111011
11111111011101101101011111111111011101111011011111111101111111111111011111011111011000011111111110111110111111011110111111111011
11111111111101101101011111111111011101111011011111111101111111111111011111011111011000011111111110111110111111011110111111111011
11111111111101101101011111111111011101111011011111111101111111111111011111011111011000011111111110111110111111011110111111111011
11111111111101101101011111111111111101111011011111111101111111111111011111011111011000011111111110111110111111011110111111111011
11111111111101101101011111111111111101111011011111111101111111111111011111011111011000011111111110111110111111011110111111111011
11111111111101101101011111111111111101111011011111111101111111111111011111011111011000011111111110111110111111011110111111111011
11111111101101101101011111111111111101111011011111111101111111111111011111011111011000011111111110111110111111011110111111111011
11111111101101101101011111111111111101111011011111111101111111111111011111011111011000011111111110111110111111011110111111111011
11111111101101101101011111111111111101111011011111111101111111111111011111011111011100011111111110111110111111011110111111111011
11111101101101101101011111111110111101111011011111111101111111111111011111011111011100011111111110111110111011011110111111111011
11111101111101101101011111111110111101111011011111111101111111111111011111011111011110011111111110111110111011111110111111111011
11111101111101101101011111111110111101111011011111111101111111111111011111011111011110111111111110111110111011111110111111111011
10111101111101101101011111111110111101111011011111111101111111111111011111011111011110111111111110111110111011111110111111111011
10111101111101101101011111111110111101111011011111111101111111111111011111011111111110111111111110111110111011111110111111111011
10111101011101101101011111111110111101111011011111111101111111111110011111011111111110111111111110111110111011111110111111111011
10111101011101101101011111111110111101111011011111111101111111111110111111011111111110111111111110111110111011111110111111111011
10111101011101101101011111111110111101111011011111111101111111111110111111011110111110111111111110111110111011111110111111111011
10111101011101101101011111111110111101111011011111111101111111111110111111011110111110111111111111111110111011111110111111111011
10111101011101001101011111111110111101111011011111111101111111111110111111011110111110111111111111111110111011111110111111111011
10011101011101001101011111111110111101111001011111111101111111111110111110011110111110111111111101111110111010111110111111111011
10011101011101001101011111111110111101111001011111111101111111111110111110011110111110111111111101111110111010111110111111111011
10011101011101001101011111111110111101111001011111111101111111111110111010011110111110111111111101111110111010111110111111111011
10011101011101011101011111111110111101111101011111111101111111111110111010011110111110111111111101111110111010111110111111111011
10011100011101011101011111111110111101111101011111111101111111111110111010111100111110111111111101111110111010111101111111111011
10011100011100011101011111111110111101111101011111111101111111111100111010111100111110111111111101111110111000111101111111111011
10011110011100011101011111111110111101111101011111111101111111111100111010111100111110111111111101111110111000111101111111111011
10011110011100011101011111111110111101111100011111111101111111111100111000111100111110111111111101111110111000111101111111111011
10011110011100011101011111111110111101111100011111111101111111111100111000111100111110111111111101111111111000111101111111111011
10011110011100011101011111111110111101111100011111111101111111111100111000111100111110111111111101111111111000111001111111111011
10011110011100011101011111111110111101111100011111111101111111111100111000111100111111111111111101111111111000111001111111111011
10011110011100011101011111111111111101111100011111111101111111111100111000111100111111111111111101111111111100111001111111111011
10011110011100011101011111111111111101111100011111111101111111111100111000111100111111111111111101111111111100111001111111111011
10011110011100011111111111111111111101111100111111111101111111111101111000111101111111111111111101111111111100111001111111111011
10011110011100011111111111111111111101111100111111111101111111111101111000111101111111111111111101111111111100111001111111111011
11111110011100011111111111111111111101111100111111111101111111111101111000111101111111111111111101111111111100111001111111111111
11111110111110111111111111111111111111111100111111111101111111111101111100111101111111111111111111111111111100111011111111111111
11111110111110111111111111111111111111111100111111111101111111111101111100111101111111111111111111111111111100111011111111111111
11111111111111111111111111111111111111111110111111111111111111111111111101111111111111111111111111111111111101111011111111111111
11111111111111111111111111111111111111111110111111111111111111111111111101111111111111111111111111111111111101111011111111111111
11111111111111111111111111111111111111111111111111111111111111111111111101111111111111111111111111111111111101111011111111111111
11111111111111111111111111111111111111111111111111111111111111111111111101111111111111111111111111111111111101111011111111111111