11111111111111111111111111111111111111111111111110100111111111011111111111111111011111011110001111011111111110001111111111111111
11111111111111111111111111111111111111111111111110100111111111011111111111111111011111011110001111011111111110001111111111111111
11111111111111111111111111101111000111001111111110000111111111001111011111111110011110011110001110011111101110000111111111001111
11111111111111111111111111101111000111001111111110000111111111001111011111111110011110011110001110011111101110000111111111001111
11111111111111111111111111101111000111001111111110000111111111001111011111111110001110001110001110011111101110000111111111001111
11111111111111111111111111101111000111001111111110000111111111001111011111111110001110001110001110011111101110000111111111001111
11111111111111111111111111100111000111001111111110000111111110001111011111111110001110001110000110001111101110000111111111001111
11111111111111111111111111100111000111001111111110000111111110001111011111111110001110001110000110001111101110000111111111001111
11111111111111111111111111000111000111001111111110000111111110001111011111111110001110001110000110001111101110000111111111001111
11111111111111111111111111000111000111001111111110000111111110001111011111111110001110001110000110001111001110000111111111001111
11111111111111111111111111000111000111000111111110000111111110001111011111111110001110001110000110001111001110000111111111001111
11111111111111111111111111000111000111000111111110000111111110001111011111111110001110001110000110001111001110000111111110001111
11111111111111111111111111000111000111000111111110000111111110001111011111111110001110001110000110001111001110000111111110001111
11111111111111111111111111000111000111000111111110000111111110001111011111111110001110001110000110001111001110000111111110001111
11111111111111111111111111000111000111000111111110000111111110001111011111111110001110001110000110001111001110000111111110001111
11111111011100011101111111000111000111000111111110000111111110001111011111111110001110001110000110001111001110000111111110000111
11111111011100011101111111000111000111000111111111000111111110001111011111111110001110001110000110001111001110000111111110000111
10011110011100011101101111000111000110000111111111000111111110001111011111111110001110001110000110001111001110000111111110000111
10011110011100011101101111000111100110000111111111100111111110001111011111111110001110001111100110001111001111100111111110000111
10001110011100011101101111000111110110010111111111100111111110101111011111111110101110101111101110001111011111100111111110000111
10001110011100011101101111000111110110010111111111100111111110101111011111111110101110101111101110001111011111100111111110000111
10001110011100011101101111010111110110010111111111100111111110101111011111111110101110101111101110101111011111100111111110010111
10001110011100011101101111010111110110010111111111100111111110100111011111111110101110101111101110101111011111100111111110010111
10001110011100011101101111010111110110010111111111100111111110110111011111111110101110101111101110101111011111100111111110110111
10001110011100011101101111010111110110010111111111100111111110110111011111111110101110101111101110101111011111100111111110110111
10001110011100011101101111010111110110010111111111100111111110110111011111111110101110101111101110101111011111100111111110110111
10001110011100001101101111010111110110010111111111100111111110110111011111111110101110101111101110101111011111100111111110110111
10001110011100001101101111010111110110010111111111100111111110110111011111111110101110101111101111101111011111100111111110110111
10011110001100001101101111010111110110010111111111100111111110110111011111111110101110101111101111101111011111100111111110110111
10011110001100001101101111010111110110010111111111100111111110110111011111111110100110101111101111101111011111100111111110110111
11011110001100001101101111010111110110010111111111100111111110110111011111111110100110101111101111101111011111101111111110110111
11011110001100001101101111010111110110010111111111100111111110110111011111111110100110101111101111101110011111101111111110110111
11011110001101001101101111010111110110010111111111100111111110110111011111111110100110101111101111101110011111101111111110110111
11011110001101001100101111010011110110010111111111100111111110110111011111111110100110101111101111101110011111101111111110110111
11011110001101101100101111010011110110010111111111101111111110110111011111111110100110101111101111101110011111101111111110110111
11011100001101101100101111010011110110010111111111101111111110110111011111111110100110101111101111101110011111101111111110110111
11011100001101101100101111010011110110010111111111101111111110110111011111111110100110101111101111101110011111101111111110110111
11011100101101101100101111010011100110010111111111101111111110110111011111111110110110110111101111101110011111101111111110110111
11011100101101101100101111010011100110010111111111101111111110110111011111111110110110110111101111101110011111101111111110110111
11011100101101101100101111010011100111010111111111101111111110110111011111111110110110110111101111101110011111101111111110110111
11011100101101101100101111010011100111000111111111101111111110110110011111111110110110110111101111101110011111101111111110110111
11011100101101101100101111010011100111000111111111101111111110110110011111111110110110110111101111101110011111101111111110110111
11011100101101101100101111010011100111000111111111101111111110110110011111111110110110110111001111101110011111101111111110110111
11011100101101101100101111010011100111000111111111101111111110110110011111111110110110110111001111101110011111101111111110110111
11011100101101101100101111010011100111000111111111101111111110110110011111111110110110110111001111101110011111101111111110110111
11011100111101101100101111010011100111000111111111101111111110110110011111111110110110110111001111101110011111101111111110110111
11011100111101101100101111010011101111000111111111101111111110110110011111111110110110110111001111101110011111101111111110110111
11011100111101101100101111010011101111000111111111101111111110110110011111111110110110110111001111101110011111101111111110110111
11011100111101101100101111010011101111000111111111101111111110110110011111111110110110110111001111101110011111101111111110110111
11011100111101001100101111010011101111000111111111101111111110110110011111111110110110110111001111101110001111001111111110110111
11011100111101001100101111010011101111000111111111101111111110110110011111111110110110110111001111101110001111001111111110110111
11011100111101001100001111010011101111000111111111001111111110110110011111111110110110110111001111101110001111001111111110110111
11011100111101001100001111010011101111000111111111001111111110110110111111111110110110110111011111101110001111001111111110110111
11011100111101001100001111010011101111000111100111001110001110110110111110001110110110110111011111101110001111001111001110110111
11011110111101001100001111010111101111000111100111001110001110110110111110001110110110110111011111101110001111001111001110110111
11011110111101001100001111010111101111000110000111001110000110110110101110001110110110110111011111101110001111001110000110110111
11011110111101001100001111010111101111000110000111001110000110110110101110000110110110110111011111101110001111001110000110110111
11011110111101001100001111010111101111000110000111001110000110110110101110000110110110110111011111101110001111011110000110110111
11011110111100001100001111010111101111000110000111001110000110110110101110000110110110110111011111001110001111011110000110100111
11011110111100001100001111010111101111000110000111001110000110110110101110000110110110110111011111001110001111011110000110100111
11011110111100001100001111010111101111000110000111001110000110110110101110000110110110110111011111001110001111011110000110100111
11011110111100001100001111010111101111000110000111011110000110110110101110000111110110110111011111001110001111011110000110100111
11011110111100001100001111000111101111000110000111011110000110110110101110000111110110110111011111001110001111011110000110000111
11011110111100001100001111000111101111000110000111011110000110110110101110000111110110110111011111001110001111011110000110000111
11011110011100001100001111000111101111000110000111011110000110110110101110000111110110110111011111001110001111011110000110000111
11011110011100001100001111000111101111000110000111011110000110110110101110000111110110110111011111001110001111011110000110000111
11011110011100001100001111000111101111000110000111011110000110110110101110000111110110110111011111001110101111011110000110000111
11011110011100001100001111000111101110000110000111011110000110110110101110000111110110110111011111001110100111011110000110000111
11011110011100001100001111000111101110000110000111011110000110110110101110000111110110110111011111001110100111011110000110000111
11011110011100001100001111000111001110000110000111011110000110110110101110000110110110110111011111001110100111011110000110000111
11011110011100001100001111000111001110000110000111011110000110110110101110001110110110110111011111011110100111011110000111000111
11011110011100001100001111000111001110000110000111011110000110110110101110001110110110110111011111011110100111011110000111000111
11011110011100001100001111000111001110010111000111011111111110110110101111111110110110110111011111011110110111011110000111000111
11011111011100001100001111000111001110010111111111011111111110110110101111111110110110110111011110011110110111011111111111000111
11011111011100001100001111000111001110010111111111011111111110110110101111111110110110110111011110011110110111011111111111000111
11011111011101001100001111100111001110010111111111011111111110110110101111111110110110110111011110011110110111011111111111000111
11011111011101001100001111100111001110010111111111011111111110110110101111111110110110110111011110011110110111011111111111000111
11011111011101001100001111100111001110010111111111011111111110110110101111111110110110110111011110011110110111011111111111000111
11011111011101101100001111100111001110010111111111011111111110110110101111111110110110110111011110011110110111011111111111000111
11011111011101101100001111100111001110010111111111011111111110110110101111111110110110110111011110011110110111011111111111000111
11011111011101101100001111100111001110010111111111011111111110110110001111111110110110110111011110011110110111011111111111000111
11011111011101101100001111100111001110110111111111011111111110110110001111111110110110110111011110011110110111011111111111000111
11011111001101101100001111100111011110110111111111011111111110110110001111111110100110110111011110011110110111011111111111100111
11011111001101101100001111100111011110110111111111011111111110110110000111111110100110110111011110011110110111011111111111100111
11011111001101101100001111100111011110110111111111011111111110110110000111111110100110110111011110011110110111011111111111100111
11011111001101101100001111100111011110110111111111011111111110110110000111111110100110110111011110011110110111011111111111100111
11011111101101101100001111100111011110110111111111011111111110110110000111111110100110110111011110011110110111011111111111101111
11011111101101101100001111100111011110110111111111011111111110110110000111111110100110110111011110011110110111011111111111101111
11011111101101101100001111100111011110110111111111011111111110110110000111111110100110110111011110111110110111011111111111101111
11011111101101101100001111100111011110110111111111011111111110110110000111111110100110100111011110111110110111011111111111101111
11011111101101101100001111100111011110110111111111011111111110110110000111111110100110100111011110111110110111011111111111101111
11011111101101101100001111100111011110110111111111011111111110110110000111111110100110100111011110111110110111011111111111101111
11011111101101101100001111100111011110110111111111011111111110110110000111111110100110100110011110111110110111011111111111101111
11011111101101101101001111100111011110110111111111011111111110110110000111111110100110100110011110111110110111011111111111101111
11011111101101101101001111100111011110110111111111011111111110110110000111111110100110100110011110111110110111011111111111101111
11011111101101101101001111100111011110110111111111011111111110110110000111111110100110100110011110111110110111011111111111101111
11011101101101101101001111100111011110110111111111011111111110100110000111111110100110100110011110111110100111011111111111101111
11011101101101101101001111101111011110110111111111011111111110100110000111111110100110101110011110111110100111011111111111101111
11011101101101101101001111101111011110110111111111011111111110100110000111111110100110101110011110111110100111011111111111101111
11011101101101101101001111101111011110110111111111011111111110100111001111111110101110101110011110111110100111011111111111101111
11011101001101101101001111101111011110110111111111011111111110100111101111111110101110101110111110111110100111011111111111101111
11011101001101001101001111101111011110110111111111011111111110100111101111111110101110101110111110111110100111011111111111001111
11011101001101001101001111101111011110110111111111011111111110101111101111111110101110101110111110111110100111011111111111001111
11011100001101001101001111101111011110110111111111011111111110101111101111111110101110101110111110111110100111011111111111001111
11011100001101001101001111101111011110110111111111011111111110101111101111111110101110101110111110111110100111011111111111001111
11011100001101001101001111101111011110000111111111011111111110101111101111111110101110101110111110111110100111011111111111001111
11011100001101001101001111101111011110000111111111011111111110101111101111111110101110101110111110111110100111011111111111001111
10011100001101001101001111101111011110000111111111011111111110101111101111111110101110101110111110111110100111011111111111001111
10011100001101001101001111101111011110000111111111011111111110101111101111111110101110101110111110111110100111011111111111001111
10011100001101001101001111101111011110000111111111011111111110001111101111111110001110001110111110111110001111011111111111001111
10011100001100001101001111001111011110000111111111011111111110001111101111111110001110001110111110001110001111011111111111001111
10011100011100001101001111001111011110000111111111011111111110001111101111111110001110001110111110001110001111011111111111001111
10011100011100001101001111001111011110000111111111011111111110001111101111111110001110001110111110001110001111011111111111001111
10011110011100011101001111001111011111000111111111011111111110001111101111111110001110001110111110001110001111011111111111001111
10011110011100011101001111001111011111000111111111011111111110001111101111111110001110001110111110001110001111011111111111001111
10011110011100011101001111001111011111000111111111011111111110001111101111111110001110001110111110001110001111011111111111011111
10011110011100011101001111001111011111000111111111011111111110001111101111111110001110001110111110001110001111011111111111011111
10011110011100011101001111001111011111000111111111011111111110001111101111111110001110001111111110001110001111011111111111011111
10001110011100011101011111001111011111001111111111011111111110001111101111111110001110001111111110001110001111011111111111011111
10001110011100011101011111001111011111001111111111011111111110001111101111111110001110001111111110001110001111011111111111011111
10011110011100011101011111011111011111001111111111011111111111001111101111111110001110001111111110001111001111011111111111011111
10011110011100011101011111011111011111001111111111011111111111001111101111111110001110001111111110001111001111011111111111011111
10011110011100011101011111011111011111001111111111111111111111001111101111111110001110001111111110001111001111011111111111011111
10011110011100011101011111011111011111001111111111111111111111001111101111111110001111001111111110001111001111011111111111011111
10011110011100011111011111011111011111001111111111111111111111011111101111111111011111011111111110001111001111111111111111011111
10011110011100011111011111011111011111001111111111111111111111011111101111111111011111011111111110001111001111111111111111011111
10011110111100111111111111111111111111111111111111111111111111111111111111111111111111011111111110001111001111111111111111011111
10011110111100111111111111111111111111111111111111111111111111111111111111111111111111011111111110001111001111111111111111011111