11111111111111111111111111111111111111111111111111111111111111111101111100111111111110111101111111111111111000111101111111111110
11111111111111111111111111111111111111111111111111111111111111111101111100111111111110111101111111111111111000111101111111111110
11111111111111111111111111111110111000011110111111111000011111111101111100111000111110111101111111111000110000011101111111111000
11111111111111111111111111111110111000011110111111111000011111111101111100111000111110111101111111111000110000011101111111111000
11111111111111111111111111111100111000011100111111111000011111111100111000111000011110111000111111111000110000011101111111111000
11111111111111111111111111111100111000011100111111111000011111111100111000111000011110111000111111111000110000011101111111111000
11111111111111111111111111111100111000011100111111111000011111111100111000111000011110111000111111111000110000111101111111111000
11111111111111111111111111111100011000011100111111111000011111111100111000111000011110111000111111111000110000111101111111111000
11111111111111111111111111111100011000011100111111111000011111111100111000111000011110111000111111111000110000111101111111111000
11111111111111111111111111111100011000011100111111111000011111111000111000111000011100111000111111111000110000111101111111111000
11111111111111111111111111111100011000011100111111111000011111111000111000111000011100111000111111111000110000111101111111111000
11111111111111111111111111111100011000011100011111111000011111111000111000111000011100111000111111111000110000111101111111111000
11111110111100111101111111111100011000011100011111111000011111111000111000111000011100111000111111111000110000111101111111111000
11111110111100111101111111111100011000011100011111111000011111111000111000111000011101111000111111111000110000111101111111111000
10011110011100111101111111111100011000011100011111111000011111111000111000111000011101111000111111111000110000111101111111111000
10011110011100111101111111111100011000011100011111111000011111111000111010111000011101111010111111111000111000111101111111111000
10011110011100011101101111111100011000011100011111111000011111111000111010111000011101111010111111111000111000111101111111111000
10011110011100011101101111111101011011011000011111111111011111111010111010111110011101111010111111111001111110111101111111111011
10011110011100011101101111111101011111011011011111111111011111111010111010111110111101111010111111111011111110111101111111111011
10011110011100011101101111111101011111011011011111111111011111111010111010111110111101111010111111111011111110111101111111111011
10011110011100011101101111111101011111011011011111111111011111111010111011111110111101111010111111111011111110111101111111111011
10011110011100011101101111111101011111011011011111111111011111111010111011111110111101111010111111111011111110111101111111111011
10011110011100011101101111111101011111011011011111111111011111111010111011111110111101111010111111111011111110111101111111111011
10011110011100011101101111111011011111011011011111111111011111111010111011111110111101111010111111111011111110111101111111111011
10011100011100011101101111111011011111011011011111111111011111111010111011111110111101111010111111111011111110111101111111111011
10011100011100011101101111111011011111011011011111111111011111111010111011111110111101111110111111111011111110111111111111111011
10011100011100001101101111111011011111011011011111111111011111111010111011111110111101111110011111111011111110111111111111111011
10011100011100001101101111111011011111011011011111111111011111111010111011111110111101111110011111111011111110111111111111111011
10011100001100001101101111111011011111011011011111111111011111111010111011011110111101111110011111111011111110111111111111111011
10011100001101001101101111111011011111011011011111111110011111111010111011011110111101110111011111111011111110111011111111111011
10011101101101001101101111111011011111011011011111111110111111111010111011011110111101110111011111111011111110111011111111111011
10011101101101001101101111111011011111011011011111111110111111111010111011011110111001110111011111111011111110111011111111111011
11011101101101101101101111111011011111011011011111111110111111111010111011011110111001110111011111111011111110111011111111111011
11011101101101101101101111111011011111011011011111111110111111111010111011011110111001110111011111111011111110111011111111111011
11011101101101101101101111111011011111011011011111111110111111111010111011011110111001110111011111111011111110111011111111111011
11011101101101101101101111111011011111011011011111111110111111111010111011011110111011110111011111111011111110111011111111111011
11011101101101101101101111111011011110011011011111111110111111111010111011011110111011110111011111111011111110111011111111111011
11011101101101101101101111111011011110011011011111111110111111111010111011011110111011110111011111111011111110111011111111111011
11011101101101101101101111111011011110011011011111111110111111111010111011011110111011110111011111111011111110111011111111111011
11011101101101101101101111111011011110111011011111111110111111111010111011011110111011110111011111111011111110111011111111111011
11011101111101101101101111111011011110111001011111111110111111111010111011011110111011110111011111111011111110111011111111111011
11011101111101101101101111111011011110111101011111111110111111111010111011011110111011110111011111111001111100111011111111111011
11011101111101101101101111111011011110111101011111111110111111111010111011011110111011110111011111111001111100111011111111111011
11011101111101101101101111111011011110111100011111111110111111111010111011011110111011110111011111111001111100111011111111111001
11011101111101101101101111111011011110111100011111111110111111111010111011011110111011110111011111111001111101111011111111111001
11011101111101101100101111111011011110111100011111111110111111111010111011011110111011110111011111111001111101111011111111111001
11011101111101101100101111111011011110111100011111111110111111111010111111011100111011110111011111111001111101111011111111111001
11011101111101101100101111111011011110111100111111111110111111111000111111011101111001110111011111111001111101111011111111111001
11011101111101101100101111111011011110111100111111111110111111111000111111011101111001110111011111111001111101111011111111111001
11011101111101101100101111111011011110111100111111111110111111111100111111011101111001110111011111111001111101111011111111111001
11011101111101101100101111111011011110111100111111111110111111111100111111011101111000110111011111111001111101111011111111111001
11011101111101101100101111111011011110111100111111111110111111111100111111011101111000110111011111111001111101111011111111111001
11011100111101101100101111111011011110111100111111111110111111111100111111011101111000110110011000111000111101111011111000111001
11011100111101101100101111111011011110111100111000011110111000011100111111011101111000111010010000111000111101111011110000111001
11011100111101101100101111111011011110111100111000011110111000011100111111011101111000111010010000111000111101111011110000111001
11011100111101101100101111111011011110111100111000011110111000011100111111011101111000111010010000111000111101111011110000111000
11011110111101101100101111111011011110111100111000011100111000011100111111011101111000111010110000111000111101111011110000111000
11011110111101001100101111111011011110111100111000011100111000011100110111011101111000111010110000111000111101111011110000111000
11011110111101001100101111111011011110111100111000011101111000011100110111011101111000111010110000111100111101111011110000111100
11011110111101011100101111111001011110111100111000011101111000011100110111011101111000111010110000111110111101111010110000111100
11011110111100011100101111111001011110111100111000011101111000011100110111011101111000111010110000111110111101111010110000111100
11011110111100011100101111111101011110111100111000011101111000011100110111011101111000111010110000111110111101111010110000111110
11011110111100011100101111111101011110111100111000011101111000011000110111011101111000111010110000111110111101111010110000111110
11011110111100011100101111111101011110111100111000011101111000011000110111011101111010111010110000111110111101111010110000111110
11011110011100011100101111111101011111111100111000011101111000011000110111011101111010111000110000111110111101111010110000111110
11011110011100011100101111111100011111111100011000011101111000011000110111011101111010111000110000111110111101111010110000111110
11011110011100011100101111111100011111111100011000011101111000011000110111011101111010111000110000111110111101111010110000111110
11011110011100011100101111111100011101111100011000011101111000011000110111011101111010111000110000111110111101111010110000111110
11011110011100011100101111111100011101111100011000011101111000011010110111011101111010111000110000111110111101111010110000111110
11011110011100011100101111111100011101111100011000011101111000011010110111011101110010111000110000111110111101111110110000111110
11011110011100011100101111111100011101111000011000011101111000011010110111011101110010111000110000111110111101111110110000111110
11011111011100011100101111111100011101111000011000011101111000011010111111011101110011111000111000111110111101111110110000111110
11011111011100001100101111111100011101111000011000011101111000011010111011011101110011011000111000111110111001111110110000111110
11011111011100001100101111111100011101111011011111111101111111111010111111011101110111011000111111111110111001111110111111111110
11011111011100001100101111111100011101111011011111111101111111111010011111011101110111011000111111111110111001111110111111111110
11011111011101001100101111111100011101111011011111111101111111111010011111011101110111011000111111111110111011111110111111111110
11011111011101001100101111111100011101111011011111111101111111111010011111011101110111011100111111111110111011110110111111111110
11011111011101001100101111111100011101111011011111111101111111111010011111011101110111011100111111111110111011110110111111111110
11011111011101101100101111111100011101111011011111111101111111111011011111011101110111011100111111111110111011110110111111111110
11011111011101101100101111111100011101111011011111111101111111111011011111011101110111011100111111111110111011110110111111111110
11011111011101101100101111111110011101111011011111111101111111111011011111011101110111011100111111111110111011110110111111111110
11011111001101101101101111111111011101111011011111111101111111111011011011011111110111011110111111111110111011110010111111111110
11011111001101101101101111111111011101111011011111111101111111111011011011011111110111011110111111111110111011110000111111111110
11011111001101101101101111111111011101111011011111111101111111111011011011011111110111011110111111111110111011110000111111111110
11011111001101101101001111111111011101111011011111111101111111111011011011011111110111011110111111111110111011110000111111111110
11011111101101101101001111111111011101111011011111111101111111111011011011011111110111011110111111111110111011110000111111111110
11011111101101101101001111111111011101111011011111111101111111111011011011011011110111011110111111111110111011110000111111111110
11011111101101101101001111111111011101111011011111111101111111111011011011011011110111011110111111111110111011110000111111111110
11011111101101101101001111111111011101111011011111111101111111111011011011011011110111011110111111111110111011110000111111111110
11011111101101101101001111111110011101111011011111111101111111111011011011011011110111011100111111111110111011110000111111111110
11011111101101101101001111111110111101111011011111111101111111111011011011011011110111011100111111111110111011110000111111111110
11011111101101101101001111111110111101111011011111111101111111111011011011011011110111011100111111111110111011110000111111111110
11011111101101101101001111111110111101111011011111111101111111111011011011011011110111011100111111111110111011110000111111111110
11011111101101101101001111111110111101111011011111111101111111111011011011011011110111011100111111111110111011110000111111111110
11011101101101101101001111111110111101111011011111111101111111111011011011011011110111011100111111111110111011110000111111111110
11011101101101101101001111111110111101111011011111111101111111111011011011011011110111011101111111111110111011110000111111111110
11011101101101101101001111111110111101111011011111111101111111111011011011011011110111011101111111111110111011110000111111111110
11011101101101101101001111111110111101111011011111111101111111111011011011011011111111111101111111111110111011110000111111111110
11011101101101101101001111111110111101111011011111111101111111111011011011011011111111111101111111111110111011111100111111111110
11011101101101101101001111111110111101111011011111111101111111111011011011011011111111111101111111111110111011111110111111111110
11011101101101101101001111111110111101111011011111111101111111111011011011111011111111111101111111111110111011111110111111111110
11011101101101101101001111111110111101111011011111111101111111111011011011111011111010111101111111111110111011111110111111111110
11011101101101101101001111111110111101111011011111111101111111111011011011111011111010111101111111111110111011111110111111111110
11011101101101101101001111111110111101111011011111111101111111111011011011111011111010111101111111111110111011111110111111111100
11011101101101101101001111111110111101111011011111111101111111111011011011111011111010111101111111111110111011111110111111111100
11011101101101101101001111111110111101111011011111111101111111111011011010111011111010111101111111111100111011111110111111111100
11011101101101101101001111111110111101111011011111111101111111111010011010111011111010111101111111111100111011111110111111111100
11011101101101101101001111111110111101111011011111111101111111111010011010111011111010111101111111111100111011111110111111111101
11011100101101001101001111111110111101111011011111111101111111111010011010111011111010111101111111111100111011111110111111111101
11011100101101001101001111111110111101111011011111111101111111111010011010111011111010111101111111111100111011111110111111111101
10011100001100001101001111111100111101111001011111111101111111111010011010111011111010111101111111111001111011111110111111111101
10011100001100001101001111111100111101111000011111111101111111111000011000111011111000111101111111111001111011111110111111111001
10011100001100001101001111111100111101111000011111111101111111111000111000111011111000111101111111111001111011111110111111111001
10001100001100001101001111111100111101111000011111111101111111111000111000111011111000111001111111111001111011111110111111110001
10001100011100011101001111111100111101111000011111111101111111111000111000111011111000111001111111111001111011111110111111110001
10001100011100011101001111111100111101111000011111111101111111111000111000111011111000111001111111111001111011111110111111110001
10001110011100011101001111111101111101111100011111111101111111111000111000111011111000111001111111111001111011111110111111110001
10001110011100011101001111111101111101111100011111111101111111111000111000111011111000111011111111111001111011111110111111110001
10001110011100011101001111111101111101111100011111111101111111111000111000111011111000111011111111111001111011111110111111110001
10001110011100011101001111111101111101111100011111111101111111111000111000111011111000111011111111111001111011111110111111110001
10001110011100011101001111111101111101111100011111111101111111111000111000111011111000111011111111111001111011111110111111110001
10001110011100011101001111111101111101111100111111111101111111111000111000111011111000111011111111111001111011111110111111110011
10001110011100011101001111111101111101111100111111111101111111111100111000111011111101111011111111111011111011111111111111110011
10001110011100011101001111111101111101111100111111111101111111111100111000111011111101111011111111111011111011111111111111110011
10001110011100111101101111111101111101111100111111111101111111111100111100111111111101111011111111111011111011111111111111110011
10001110011100111101101111111101111101111100111111111101111111111100111100111111111101111011111111111011111011111111111111110011
10001110011111111111111111111111111111111101111111111111111111111101111101111111111101111111111111111011111111111111111111111111
10001110011111111111111111111111111111111101111111111111111111111101111101111111111101111111111111111011111111111111111111111111