11111111111111111111111111111111111111111111111111111111111111111111111111111111111111011111111111111111011111111111111111111111
11111111111111111111111111111111111111111111111111111111111111111111111111111111111111011111111111111111011111111111111111111111
11111111111111111111111111111110011111001110111111111111011111111110111111111110111100011111111110011100011111111110111111111111
11111111111111111111111111111110011111001110111111111111011111111110111111111110111100011111111110011100011111111110111111111111
11111111111111111111111111111110011110001110011111111110001111111100011111011100111100001111111100011100011110111100111111111111
11111111011111111111111111111110011110001110011111111100001111111100011111011100011100001111111100011100011110111100011111111111
11111111011111111111111111111110011110001110011111111100001111111100011111011100011100001111111100011100011110111100011111111111
11111110011111111111111111111110001110001110011111111100001111111100011111011100011100001111111100011100011110111100011111111111
11111110011111111111111111111110001110001110011111111100001111111100011111011100011100001111111100011100011110111100011111111111
11111110011111111111111111111110001110001110011111111100001111111100011111011100011100001111111100011100011110111100011111111111
10111110011111111111111111111100001110001100011111111100001111111100011110011100011100001111111100011100011110111100011111111100
10111110011111111111111111111100001110001100011111111100001111111100011110011100011100001111111100011100011110111100011111111100
10111110011100111111111111111100001100001100011111111100001111111100011110011100011100001111111100011100011110111100011111111100
10111110011100011111111111111100001100001100011111111100001111111100011110011100011100001111111100011100011110111100011111111100
10111110011100011111111111111100001100001100011111111100001111111100011110011100011100001111111100011100011110111100011111111100
10011110011100011101111111111100001100001100011111111100001111111100011110011100011100001111111100011100011110111100011111111100
10011100011100011101101111111100001110001100011111111100001111111100011110011100011100001111111100011100011100111100011111111100
10011100011100011101101111111100001111001100011111111110001111111100011110011100111110001111111100011110011100111100011111111100
10011100011100011101101111111100001111001100001111111110001111111100011110011100111110001111111100001110011100111100011111111100
10011100011100011101101111111100001111001100001111111111001111111100111110011100111111001111111101001110011100111110011111111100
10011100011100011101101111111100001111001100001111111111001111111100111110011101111111001111111101001111011100111110011111111100
10011100011100011101101111111100001111001100001111111111001111111100111110011101111111001111111101001111011100111110011111111100
10011100011100011101101111111100001111001100001111111111001111111101111110111101111111001111111101001111011100111110011111111100
10011100011100001100101111111100001111001100001111111111001111111101111110111101111111001111111101001111011100111110011111111100
10011100011100001100101111111100101111001100001111111111001111111101111110111101111111001111111101101111011100111110011111111100
10011100011100001100101111111101101111001101001111111111001111111101111110111101111111001111111101101111011100111110011111111100
10011100011100001100101111111101101111001101001111111111001111111101111110111101111111001111111101101111011100111110011111111100
10111100011100001100101111111101101111101101001111111111001111111101111110111101111111001111111101101111011100111110011111111100
10111100011100001100101111111101101111101101001111111111001111111101111110111101111111001111111101101111011100111110111111111100
10111100011100001100101111111101101111101101001111111111001111111101111110111101111111001111111101101111011100111110111111111100
10111100011101001100101111111101101111101101001111111111011111111101111110111101111111001111111101101111011100111110111111111100
10111100011101001100101111111101101111101101001111111111011111111101111110111101111111001111111101101111011100111110111111111100
10111100111101001100101111111101101111101101001111111111011111111101111110111101111111001111111101101111011100111110111111111100
10111100111101001100101111111101101111101101001111111111011111111101111110111101111111011111111101101111011100111110111111111100
10111100111101001100101111111101101111001101001111111111011111111101111110111101111111011111111101101111011100111110111111111100
10111100111101101100101111111101101111001101001111111111011111111101111110111101111111011111111101101111011100111110111111111100
10111100111101101100101111111101101111001101001111111111011111111101111100111101111111011111111101101111011100111110111111111100
10111100111101101100101111111101101111001101001111111111011111111100111100111101111111011111111101101111011100111110111111111100
10111100111101101100101111111101101111001101001111111111011111111100111100111101111111011111111101101111011100111110111111111110
10111100111101101100101111111101101111001100001111111111011111111100111100111100111111011111111101101111011100111110111111111110
10111100111101101100101111111101101111011100001111111111011111111100111100111100111111011111111101101111011100111110111111111110
10111100111101101100101111111101101111011100001111111111011111111100111100111100111111011111111101101111011110111110111111111110
10111100111101101100101111111101101111011100001111111111011111111100111100111100111111011111111101101110011110111110111111111110
10111100111101101100101111111101101111011100001111111111011111111100111100111100111111011111111101101110011110111110111111111110
10111100111101101100001111111101101111011100001111111111011111111100111100111100111111011111111101101110011110111110111111111110
10111100111101101100001111111101101111011100001111111111011111111100111100011100111111011111111101101110011110111110111111111110
10111100111101101100001111111101101111011100001111111111011111111100111100011100111111011111111101101110111110111110111111111110
10111100111101101100001111111101101111011100001111111111011111111100011100011100111111011111111101101110111110111110111111111110
10111100111101001100001111111101101111011100001111111110011111111100011100011100011111011111111101101110111110111110111111111110
10111100111101001100001111111101101111011100001111111110011111111100011100011100011111011111111101101110111110111110111111111110
10111100111101001100001111111101101111011100001111111110011111111100011100011100011111011111111101101110111110111100111111111110
10111100111101001100001111111101101111011100001111111110011111111100011100011100011111011111111101101110111110111100111111111110
10111100111101001100001111111101101111011100001110111110011110111100011100011100011110011111011101101110111110111100111111111110
10111100111101001100001111111100101111011100001110011110011110011100011100011100011110011110011101101110111110111100111100111110
10111100111101001100001111111100101111011100001110011110011110011100011100011100011110011110011101101110111110111100111100111110
10111100111100001100001111111100101111011100001100001110011100011100011100001100011110011100011101101110111110111100111100111110
10111100011100001100001111111100001110011100001100001110011100011100011100001100011110011100011101101110111110111100111100011110
10111110011100001100001111111100001110011100001100001110011100011100011100001100011110111100011101101110111110111100111100011110
10111110011100001100001111111100001110011100001100001110011100001100011100001100011110111100011101101110111110111100111000011110
10111110011100001100001111111100001110011100001100001110011100001100011100001100011110111100011101101110111110111100111000011110
10111110011100001100001111111100001110011100001100001110111100001110011100001100011110111100011101101110111110111110111000011110
10111110011100001100001111111100001110011100001100001110111100001110011100001100011110111100011101101110111110111110011000011110
10111110011100001100001111111100001110011100001100001110111100001110011100001100011110111100011101101110111110111110011000011110
10111110011100001100001111111100001110011100001100001110111100001110011100001100011110111100011101101110111110111110011000011110
10111110011100001100001111111100001110011100001100001110111100001110011100001110011110111100011101101110111110111110011000011110
10111110011100001100001111111100001110011100001100001110111100001111011100001111011110111100011101101110111110111110011000011110
10111110011100001100001111111100001110011100001100001110111100001111011100001111011110111100011101101110111110111110011000011110
10111110011100001100001111111100001110011100001100001110111100001111011100001111011110111100011101101110111110111110011000011110
10111110011100001100001111111100001110111100001100001110111100001111011101001111011110111100011101101110111110111110011000011110
10111110011100001100001111111100001110111100001100001110111100001111011101001111011110111100011101101110111110111110011000011110
10111110011100001100001111111100001110111100001100001110111100001111011101001111011110111100011101101110111110111110011000011110
10111110011100001100001111111100001110111100001100001110111100001111011101001111011110111100011101101110111110111110011000011110
10111110011100001100001111111110001110111100001100001110111100001111011101001111011110111100011101101110111110111110011100011110
10111110011100001100001111111110001110111100001100001110111100011111011101101111011110111100011101101110111110111111011100011110
10111110001100001100001111111110001110111100001100001110111100011111011101101111011110111100011101101100111110111111011100011110
10111111001101001100001111111110001110111100001110011110111111011111011101101111011110111111111101101100111110111111011100011110
10111111001101001100001111111110001110111101001111111110111111111111011101101111011110111111111101101100111110111111011110111110
10111111001101001100001111111110001110111101001111111110111111111111011101101111011110111111111101101100111110111111011110111110
10111111001101101100001111111110001110111101001111111110111111111111011101101111011110111111111101101100111110111111011111111110
10111111001101101100001111111110001110111101001111111110111111111111011101101111011110111111111101101100111110111111011111111110
10111111001101101100001111111110001110111101001111111110111111111111011101101111001110111111111101101101111110111111011111111110
10111111001101101101001111111110001110111101101111111110111111111111011101101111001110111111111101101101111110111111011111111110
10111111001101101101001111111110001110111101101111111110111111111111011101101111001110111111111101101101111110111111011111111110
10111111001101101101001111111110001110111101101111111110111111111111011101101111001110111111111101101101111110111111011111111110
10111111001101101101001111111110001110111101101111111110111111111111011101101111001110111111111101101101111110111111011111111110
10111111001101101101001111111110001110111101101111111110111111111111011101101111001110111111111101101101111110111111011111111110
10111111001101101101001111111110011110111101101111111110111111111111011101101111011110111111111101101101111110111111011111111110
10111111001101101101001111111110011110111101101111111110111111111111011101101111011110111111111101101101111110111111011111111110
10111111001101101101001111111110011110111101101111111110111111111111011101101111011110111111111101101101111110111111011111111110
10111111001101101101001111111111011110111101101111111110111111111111011101101111011110111111111101101101111110111111011111111110
10111111001101101101001111111111011110111101101111111110111111111111011101101111011110111111111101101101111110111111011111111110
10111111001101101101001111111111011110111101101111111110111111111111011101101111011110111111111101101101111110111111011111111110
10111111001101101101001111111111011110111101101111111110111111111111011101101111011110111111111101101101111110111111011111111110
10111111001101101101001111111111011110111101101111111110111111111111011101101111011110111111111101101101111110111111011111111110
10111111001101101101001111111111011110111101101111111110111111111111011101101111011110111111111101101101111110111111011111111110
10111100001101101101001111111111011110111101101111111110111111111111011101101111011110111111111101101101111110111111011111111110
10111100001101101101001111111111011110111101101111111110111111111111011101101111011110111111111101101101111110111111011111111110
10111100001101101101001111111111011110111101101111111110111111111111011101101111011110111111111101101101111110111111011111111110
10111100001101101101001111111111011110111101101111111110111111111111011101101111011110111111111101101101111110111111011111111110
10111100001101101101001111111111011110111101101111111110111111111111011101101111011110111111111101101101111110111111011111111110
10111100001101001101001111111111011110111101101111111110111111111111011101101111011110111111111101101101111110111111011111111110
10111100001101001101001111111110011110111101101111111110111111111111011101101111011110111111111101101101111110111111011111111110
10111100001101001101001111111110011110111101101111111110111111111111011101101111011110111111111101101101111110111111011111111110
10011100001101001101001111111110011110111101101111111110111111111111011101101110011110111111111101101101111110111111011111111110
10011100001101001101001111111110011110111101001111111111111111111110011100001110011110111111111101101101111110111111011111111110
10011100001101001101001111111110011110111101001111111111111111111110011100001110011110111111111101101101111110111111011111111110
10011100001101001101001111111110011110111100001111111111111111111110011100001110011110111111111101001101111110111111011111111110
10011100001101001101001111111110011110111100001111111111111111111110011100001110011110111111111101001101111110111111011111111110
10011100001101001101001111111110011110111100001111111111111111111110011100001110011110111111111101001101111110111111011111111110
10011100001100001101001111111110011110111100001111111111111111111110011100001110011110111111111101001101111110111110011111111110
10011100011100001101001111111110011110111100001111111111111111111110011100001110011111111111111101001101111110111110011111111110
10011100011100001101001111111110011110111100001111111111111111111110011100001110011111111111111100001101111110111100011111111110
10011100011100001101001111111110111110111100001111111111111111111110011100001110011111111111111100001111111110111100011111111110
10011100011100001101101111111110111110111100001111111111111111111110011100001110011111111111111100001111111110111100011111111110
10011100011100001101101111111110111110111100001111111111111111111110011100001110011111111111111100001111111110111100011111111110
10011100011100011101101111111110111110111100001111111111111111111110011100001110011111111111111100001111111110111100011111111110
10011110011100011101101111111110111110111100001111111111111111111100111100011100111111111111111100001111111110111100011111111110
10011110011100011101101111111110111110111100001111111111111111111100111100011100111111111111111100001111111110111100011111111110
10011110011100011111101111111110111110111100001111111111111111111100111100011100111111111111111100011111111110111100011111111110
10011110011100011111101111111110111110111100001111111111111111111100111100011100111111111111111100011111111110111100011111111110
10011110011100011111101111111110111111111110011111111111111111111100111110011100111111111111111100011111111110111100011111111110
10111110011100011111101111111110111111111110011111111111111111111100111110011100111111111111111100011111111110111100111111111110
10111110011100011111101111111110111111111110011111111111111111111100111110011100111111111111111100011111111110111100111111111110
10111110011100011111101111111110111111111110011111111111111111111100111110011100111111111111111110011111111111111100111111111110
11111111111100111111101111111111111111111110011111111111111111111100111110011101111111111111111110011111111111111100111111111111
11111111111100111111101111111111111111111110011111111111111111111100111110011101111111111111111110011111111111111100111111111111
11111111111111111111111111111111111111111110011111111111111111111111111111111111111111111111111110011111111111111100111111111111
11111111111111111111111111111111111111111110011111111111111111111111111111111111111111111111111110011111111111111100111111111111