11111111111111111111111111111111111111111111111111111111111111100111111111111111111111001111101111111111111110111111111111111111
11111111111111111111111111111111111111111111111111111111111111100111111111111111111111001111101111111111111110111111111111111111
11101111111111111101111111111111100111111111111111111110011111100111111111111111111101001111000111111011111000011111111111100111
11101111111111111101111111111111100111111111111111111110011111000111111111111111111101001111000111111011111000011111111111100111
11101111100101111101111111111111100111111111111101111110011111000111111111111111111100001111000111111001111000011111111111100111
11001111100001111000111111111111000111111111111101111110011111000111111111111101111100001111000111110001111000011111111111100111
11001111100001111000111111111111000111111111111101111110011111000111111111111101111100001111000111110001111000011111111111100111
11000111100001111000111111111110000111111111111101111110001111000111111111111101111100001111000011110001110000011111111111000111
11000111100001111000111111111110000011111111111101111110001111000111111111111101111100001111000011110001110000011111111111000111
11000111100001111000111111111110000011111111111101111110001111000111111111111101111100001111000011110001110000011111111111000111
11000111100001111000111111111110000011111111111101111100001111000111111111111100111100000111000011110001110000011111111111000111
11000111100001111000111111111110000011111111111101111100001111000011111111111100111100000111000011100001110000011111111111000011
11000111100001111000111111111110000011111111111101111100001111000011111111111100111100000111000011100001110000011111111111000011
11000111100001111000111111111111000011111111111101111100001111000011111111111100111100000111000011100001111000011111111111000011
10000111100001111000111111111111000011111111111101111100001110000011111111111100111100000111000011100001111000011111111111000011
10000111100001111000111111111111000011111111111101111100001110000011111111111100111100000111000011100001111000011111111111000011
10000111100001110000111111111111000011111111111001111100001110000011111111111000111100000111000011100001111000011111111111000011
10000111100001110000111111111111000011111111111000111100001110000011111111111000111100000111000011100001111000011111111110000011
10000111111001110000111111111111100011111111111000111101001110000011111111111000111110000111000111100001111000011111111110000011
10000111111001110000111111111111100011111111111000111101001110000011111111111000111110000111000111100001111000011111111110000011
10010111111001110000111111111111110011111111111000111101101110010011111111111000111111000111000111100011111110011111111110000011
10010111111001110010111111111111110011111111111000111101101110010011111111111000111111000111000111100111111110011111111110000011
10010011111001110010111111111111110011111111111000111101101110010011111111111000111111000111000111100111111110011111111110000011
10010011111001110010111111111111110011111111111000111101101110010011111111111000111111000111001111100111111110011111111110010011
10110011111101110010111111111111110011111111111000111101100110010011111111111000111111100111011111100111111110011111111110010011
10110011111101110010111111111111110011111111111000111101100110010011111111111000111111100111011111100111111110011111111110010011
10110011111101110110111111111111110011111111111000111101100110011011111111111000111111100111011111100111111110011111111110010011
10110011111101110110111111111111110011111111111000111101100110011011111111111000111111101111011111100111111110011111111110011011
10110011111101110110111111111111110011111111111000111101100110011011111111111000111111101111011111100111111110011111111110011011
10110011111101110110111111111111110011111111111000111101100110011011111111111000111111101111011111100111111110011111111110011011
10111011111101110110111111111111110111111111111000111101100110011011111111111000111111101111011111100111111110011111111110011011
10111011111001110110111111111111110111111111111000111101100110011011111111111000111111001111011111100111111110011111111110011011
10111011111001110110111111111111110111111111111000111101100110011011111111111000111111001111011111100111111110011111111110011011
10111011111001110110111111111111110111111111111000111101100110011011111111111000111111001111011111100111111110011111111110011011
10111011111001110010111111111111110111111111111000111101100110011011111111111000111111001111011111100111111110011111111110011011
10111011111001110010111111111111110111111111111000111101100110111011111111111000111111001111011111100111111110011111111110011011
10111011111001110010111111111111110111111111111000111101100110111011111111111000111111001111001111100111111110011111111110011011
10111011111001110010111111111111110111111111111000111101100110111011111111111000111111001111001111100111111110011111111110011011
10111011111011110010111111111111110111111111111000111101100110111011111111111000111111001111001111100111111110011111111110011011
10111011111011110010111111111111110111111111111000111101100110111011111111111000111111001111001111100111111110011111111110011011
10111011111011110010111111111111110111111111111100111101100110111011111111111100111111001111001111100111111110011111111110011011
10111011111011110010111111111111110111111111111100111101100110111011111111111100111111001111001111100111111110111111111110011011
10111011111011110000111111111111110111111111111100111101100110111011111111111100111111001111001111100011111110111111111110011011
10111011111011111000111111111111110111111111111100111101100110111011111111111100111111001111001111100011111110111111111110011011
10111011111011111000111111111111110111111111111100111101100110111011111111111100111111001111001111100011111110111111111110011011
10111011111011111000111111111111110111111111111100111101100110111011111111111100111111001111000111100011111110111111111110011011
10111011111011111000111111111111110111111111111100111101100110111011111111111100111111001111000111100011111110111111111110011011
10111011111011111000111111111111100111111111111100111101100110111011111111111100111111011111000111100011111110111111111110011011
10111011111011111000111111111111100111111111111100111101100110111011111111111100111111011111000111100011111100111111111110011011
10111011111011111000111111111111100111111111111100111101100110111011111111111100111111011111000111100011111100111111111110011011
10111011111011111000111111111111101111111111111100111101110110111011111111111100111111011111000111100011111100111111111110011011
10111011111011111000111111111111101111110111111100111101110110111011100111111100111111011111000111100011111100111100001110011011
10111011111011111000111111111111101111110111111100111101110110111011100111111100111111011111000111100011111100111100001110011011
10111011111011111000111110011111101111100001111100111101110110111011100001111100111111011111000111100001111100111100001110011011
10110011111011111000111100001111101111100001111100111101110110111011100001111100111111011111000111100001111100111100001110011011
10110011111011111000111100001111101111100001111100111101110110111011100001111100111111011111000111100001111100111100001110011011
10110011111011111000111100001111101111100001111100111101100110111011100001111100111111011111000111100001111100111100000110011011
10110011111011111000111100001111101111100001111100111101100110111011100001111100111111011111000111100001111100111100000110011011
10110011110111111000111100001111101111100001111100111101100110111011100001111100111110011111000011110001111100111100000110011011
10010011110111111000111100001111101111100001111100111101100110111011100001111100111110011111000011110001111100111100000110000011
10010011110111111000111100001111101111100001111100111101100110111011100001111100111110011111100011110001111101111100000110000011
10010011110111111000111100001111101111100001111100111101100110111011100001111100111110011111100011111001111101111100000111000011
10010011110111111000111100001111101111100001111100111101100110111011100000111100111110011111100011111001111101111100000111000011
10010011110111111000111100001111101111100001111100111101100110111011100000111100111110011111110011111101111101111100000111000011
10000011110111111000111100001111101111100001111100111101100110111011100000111100111110011111110011111101111101111100000111000011
10000011110111111000111100001111101111100001111100111101100110111011100000111100111110011111110011111101111101111100000111000011
10000011110111111000111100001111101111100001111100111101100110111011100000111100111110011111110011111101111101111100000111000011
10000111110111110000111100001111101111100001111100111101100110111011100000111100111110011111110011111101111101111100000111000011
10000111110111110000111100001111101111100001111100111101100110111011100000111100111110011111110011111101111101111100000111000011
11000111110111110000111100001111101111100001111100111101100110111011100000111100111110011111110011111101111101111100000111000011
11000111110111110010111100001111101111110011111100111101100110111011100001111100111110011111110011111100111101111100000111000011
11000111110111110010111100001111101111110011111100111101100110111011100001111100111110011111110011111100111101111100000111000011
11000111110111110010111110011111101111110111111100111101100110111011100001111100111110111111110011111100111101111110001111000011
11000111110111110010011110011111101111110111111100111101100110111011100001111100111110111111110011111100111101111110001111000011
11000111110111110010011111111111101111111111111100111101100110111011110111111100111110111111110011111100111101111111111111000011
11000111110111110110011111111111101111111111111100111101100110111011111111111100111110111111110011111100111101111111111111000011
11000111110111110110011111111111101111111111111100111101100110111011111111111100111110111111110011111100111001111111111111000011
11000111110111110110011111111111101111111111111100111101100110111011111111111100111110111111110011111100111001111111111111100011
11000111110111110110011111111111001111111111111100111101100110111011111111111100111110111111111011111100111001111111111111100011
11000111110111110110011111111111001111111111111100111101100110111011111111111100111110111111111011111100111001111111111111100011
11100111110111110110011111111111011111111111111100111101100110111011111111111100111110111111111011111100111001111111111111100011
11100111110111110110011111111111011111111111111100111101100110111011111111111100111110111111111011111101111001111111111111100011
11100111110111110110011111111111011111111111111100111101100110111011111111111100111110111111111011111101111001111111111111100011
11100111110111110110011111111111011111111111111100111101100110111011111111111100111110111111111011111101111001111111111111100011
11100111110111110110011111111111011111111111111100111101100110111011111111111100111110111111111011111101111001111111111111110011
11100111110111110110011111111111011111111111111100111101100110111011111111111100111110111111111011111101111001111111111111110011
11100111110111110111011111111111011111111111111100111101100110111011111111111100111110111111111011111101111001111111111111110011
11100111110111110111011111111111011111111111111100111101100110011011111111111100111110111111111011111101111001111111111111110111
11100111110111110111011111111111011111111111111100111101100110011011111111111100111110111111111011111101111001111111111111110111
11100111110111110111011111111111011111111111111100111101100110011011111111111100111110111111111011111101111001111111111111110111
11100111110111110111011111111111011111111111111100111101100110011011111111111100111110111111111011111101111001111111111111110111
11100111110111110111011111111111011111111111111100111101100110011011111111111100111110111111110011111101111001111111111111110111
11100111110111110111011111111111011111111111111100111101100110011011111111111100111110111111110011111101111001111111111111110111
11100111110111110111011111111111011111111111111100111101100110011011111111111100111110111111110011111101111001111111111111110111
11101111110111110111011111111111011111111111111100111101100110011011111111111100111110111111110011111101111001111111111111110111
11101111111111110111011111111111011111111111111100111101100110011011111111111100111110111111110011111101111001111111111111100111
11101111111111110111011111111111011111111111111100111101100110011011111111111100111110111111110011111101111001111111111111100111
11101111111111110111011111111111011111111111111100111101100110011011111111111100111110111111110011111101111001111111111111100111
11101111111111110111011111111111011111111111111100111101100110011011111111111100111110111111110011111101111001111111111111100111
11101111101111110111011111111111011111111111111100111101100110011011111111111100111110111111110011111001111001111111111111100111
11101111101111110111011111111111011111111111111100111101100110011011111111111100111110111111110011111001111001111111111111100111
11101111101111110110011111111111011111111111111100111101100110010011111111111100111110111111110011111001111001111111111111100111
11101111101111110010011111111111011111111111111100111101100110010011111111111100111110111111110011111001111001111111111111100111
11101111101111110010011111111111011111111111111100111101100110010011111111111100111110111111110011111001111001111111111111100111
11101111101111110010011111111111011111111111111101111101101110010011111111111100111110111111110011111001111101111111111111100111
11001111101111110010011111111111011111111111111101111101101110010011111111111100111110111111100011110001111101111111111111100111
11001111101111110010011111111111011111111111111101111101101110010011111111111100111110111111100111110001111101111111111111100111
11001111101111110010011111111111011111111111111101111101101110000011111111111100111110111111100111110001111101111111111111100111
11001111101111110000011111111111011111111111111101111100001110000011111111111100111110111111100111110001111101111111111111100111
11001111101111110000111111111111011111111111111101111100001111000011111111111100111110111111100111110001111101111111111111100111
11001111101111110000111111111111011111111111111101111100001111000011111111111100111110111111000111110001111101111111111111100111
11001111101111110000111111111111011111111111111101111100001111000011111111111100111110111111000111110001111101111111111111101111
11001111111111110000111111111111011111111111111101111100001111000011111111111100111110111111000111110001111101111111111111101111
11001111111111110000111111111111011111111111111101111100001111000011111111111100111110111111000111100001111101111111111111101111
11011111111111110000111111111111111111111111111111111100001111000011111111111100111110111111000111100011111101111111111111101111
11011111111111111000111111111111111111111111111111111100001111000011111111111110111110111111000111100011111111111111111111101111
11011111111111111000111111111111111111111111111111111100001111000011111111111110111110111111000111100011111111111111111111101111
11011111111111111000111111111111111111111111111111111100001111000011111111111110111110111111000111100011111111111111111111101111
11011111111111111000111111111111111111111111111111111110001111000111111111111110111110111111001111100011111111111111111111101111
11011111111111111000111111111111111111111111111111111110001111000111111111111110111110111111001111100011111111111111111111101111
11011111111111111001111111111111111111111111111111111110011111000111111111111111111110111111001111100011111111111111111111101111
11011111111111111001111111111111111111111111111111111110011111000111111111111111111110111111001111100111111111111111111111101111
11011111111111111001111111111111111111111111111111111110011111000111111111111111111110111111001111100111111111111111111111101111
11111111111111111101111111111111111111111111111111111110011111100111111111111111111110111111001111100111111111111111111111111111
11111111111111111101111111111111111111111111111111111111011111100111111111111111111111111111011111110111111111111111111111111111
11111111111111111101111111111111111111111111111111111111011111100111111111111111111111111111011111110111111111111111111111111111
11111111111111111111111111111111111111111111111111111111111111100111111111111111111111111111111111110111111111111111111111111111
11111111111111111111111111111111111111111111111111111111111111100111111111111111111111111111111111110111111111111111111111111111