11111111101101111111111111111110000011111111111000011111011111100111111111111110111110000111111011111111111111011111111111111011
11111111101101111111111111111110000011111111111000011111011111100111111111111110111110000111111011111111111111011111111111111011
11101111100001111101111111111110000011111111111000011111001111100011111111111100111110000111111011111111111110011111111111110011
11101111100001111101111111111110000011111111111000011111001111100011111111111100111110000111111011111111111110011111111111110011
11001111000001111100111111111110000011111111111000011110001111100011111111111100011110000111111011111110111110011111111111110001
11000111000001111000111111111110000011111111111000011110001111100011111111111100011110000111111011111100111110001111111111110001
11000111000001111000111111111110000011111111111000011110001111100011111111111100011110000111111011111100111110001111111111110001
11000111000001111000111111111110000011111111111000011110001111100011111111111100011110000111111011111100111110001111111111110001
11000111000001111000111111111110000011111111111000011110000111000011111111111100011110000111111011111100111110001111111111100001
11000111000001111000111111111110000011111111111000011110000111000011111111111100011110000111111011111100111110001111111111100001
11000111000001111000111111111110000011111111111000011110000111000011111111111000011110000111111011111100111100001111111111100001
11000111000001111000111111111110000011111111111000011110000111000011111111111000011110000111111011111100111100001111111111100001
11000111000001111000111111111110000011111111111000011110000111000011111111111000011110000111110111111100111100001111111111100001
10000111000001111000111111111110000011111111111000011110000111001011111111111000011110000111110111111100111100001111111111100101
10000111000001111000011111111110000011111111111000011110000111001011111111111000001110000111110111111100111100001111111111100101
10000111100001111000011111111110000011111111111000011110100111011011111111111001001110000111110111111100111100001111111111100101
10000111111101110010011111111111111011111111111110011110110111011011111111111001001111110111110111111100111100101111111111100100
10000011111101110010011111111111111011111111111110011110110111011001111111111001001111110111110111111000111100101111111111100100
10010011111101110010011111111111111011111111111110011110110111011001111111111011001111110111110111111000111100101111111111101100
10010011111101110010011111111111111011111111111110011100110111011001111111111011001111110111110111111000111100101111111111101100
10010011111101110010011111111111111011111111111110011100110111011101111111111011001111110111110111111000111101101111111111101100
10010011111101110011011111111111111011111111111110011100110111011101111111111011001111110111110111111000111101101111111111111100
10010011111101110011011111111111111011111111111110011100110111011101111111111011001111110111110111111000111101101111111111111100
10110011111101110011011111111111111011111111111110011100110111011101111111111011101111110111110111111000111101101111111111111110
10110011111101110011011111111111111011111111111110011101110111011101111111111111101111110111110111111000111101101111111111111110
10110011111101110011011111111111111011111111111110011101110111011101111111111111101111100111110111111000111101101111111111111110
10111011111101110011011111111111111011111111111110011101110111011101111111111111101111100111110111111000111101101111111111111110
10111011111101110011011111111111111011111111111110111101110111011101111111111111101111100111110111111000111101101111111111111110
10111011111101110011011111111111111011111111111110111101110111011101111111111111101111100111110111111000111101101111111111111110
10111011111101110111011111111111111011111111111110111101110111011101111111111111101111100111110111111000111101101111111111111110
10111011111101110111011111111111111011111111111110111101110111011101111111111111101111100111110111111000111101101111111111111110
10111011111101110111011111111111110011111111111110111101110111011101111111111111101111100111110111111000111101101111111111111110
10111011111101110111011111111111110011111111111110111101110111011101111111111111101111101111110111111000111101101111111111111110
10111011111101110111011111111111110011111111111110111101110111011101111111111111101111101111110111111000111101101111111111111110
10111011111001110111011111111111110011111111111110111101110111011101111111111111101111101111110111111000111101101111111111111110
10111011111001110111011111111111110011111111111110111101110111011101111111111111101111101111110111111000111101101111111111111110
10111011111001110011011111111111110011111111111110111101110111011101111111111111101111101111110111111000111101101111111111111110
10111011111001110010011111111111110111111111111110111101110111011101111111111111101111101111110111111000111101101111111111111110
10111011111001111010011111111111110111111111111110111101110111011101111111111111101111101111110111111100111101101111111111111110
10111011111001111010011111111111110111111111111100111101110111011101111111111111101111101111110111111100111101101111111111111110
10111011111011111010011111111111110111111111111100111101110111011101111111111111101111101111110111111100111101101111111111111110
10111011111011111010011111111111110111111111111100111101110111011101111111111111101111101111110111111100111101101111111111111110
10111011111011111010011111111111110111111111111100111101110111011101111111111111101111001111110111111100111100101111111111111100
10111011111011111010111111111111110111111111111101111101110111011101111111111111101111001111110111111100111100101111111111111100
10111011111011111010111111111111110111111111111101111101110111011101111111111111001111001111100111111100111100001111111111111100
10111011111011111010111111111111110111111111111101111101110111011101111111111111001111001111100111111100111100001111111111111100
10111011111011111010111111111111110111111111111101111101110111011101111111111111001111001111100111111100111100001111111111111100
10111011111011111010111111111111110111111111111101111101110111011101111111111111001111001111100111111100111110001111111111111100
10111011111011111000111111111111110111111111111101111101110111011101111111111111001111001111100111111100111110001111111111111100
10111011111011111000111111111111110111111111111101111101110111011101111111111111001111001111100111111100111110001111111111111100
10111011111011111000111111111111110111111111111100111101110111011101111111111111001111001111101111111100111110001111111111111100
10111011111011111000111111111111100111111111111100111101110111011101111111111111001111001111101111111100111110001111111111111100
10111011111011111000111111111111100111111111111100111101110111011101111111111111001111001111101111111100111110001111111111111100
10111011111011111000111100001111101111100000111100111101110111011101110000111111011111000111101111111100111110011110000011111101
10111011110011111000111100000111101111100000111100111101110111011101100000111111011111000111101011111100111110011110000011111101
10111011110011111000111100000111101111100000111100111101110111011101100000111111011111000111101011111100111110011110000011111101
10110011110011111000111100000111101111100000111100011101110111011101100000111111011111000111101011111100111110011110000011111001
10110011110011111000111100000111101111100000111100011101110111011101100000111111011111000111101011111100111110011110000011111001
10110011110011111000111100000111101111100000111100011101110111011101100000111110011111000111101011111100111110011110000011111001
10110011110011111000111100000111101111100000111100011101110111011101100000111110011111000111101011111100111110001110000011111001
10110011110111111000111100000111101111100000111100011101110111011101100000111110011111000111101011111100111110001110000011111001
10010011110111111000111100000111101111100000111100011101110111011101100000111110011111000111101011111100111110001110000011111001
10010011110111111000111100000111101111100000111100011101110111011101100000111110011111000111101011111100111110001110000011111001
10010011110111111000111100000111101111100000111110011101110111011101100000111110011111000111101011111100111110001110000011111001
10010011110111111000111100000111101111100000111110011101110111011101100000111110011111100111101011111100111100001110000011111001
10000011110111111000111100000111101111100000111110011101110111011101100000111110011111100111101011111100111100001110000011111001
10000011110111111000111100000111101111100000111111011101110111011101100000111110011111110111101011111100111100001110000011111001
10000011110111111010011100000111101111100000111111011101110111011101100000111110111111110111101011111100111100001110000011111011
10000011110111111010011100000111101111100000111111011101110111011101100000111110111111110011101011111100111100001110000011111011
10000011110111111010011100000111101111100000111111011101110111011101110000111110111111110011101011111100111100101110000011111011
11000011110111110010011100001111101111100000111111011101110111011101110000111100111111110011101011111100111100101111000011110011
11000011110111110010011100001111101111100000111111011101110111011101110000111100111111110011101011111100111100101111000011110011
11000111110111110010011111111111101111111111111111011101110111011101111111111100111111110011101011111100111101101111111111110011
11000111110111110010011111111111101111111111111111011101110111011101111111111100111111110011101011111100111101101111111111110011
11000111110111110010011111111111101111111111111111011101110111011101111111111100111111110011001011111100111101101111111111110011
11000111110111110011011111111111101111111111111111011101110111011101111111111100111111110011001011111100111101100111111111110011
11000111110111110011011111111111101111111111111111011101110111011101111111111100111111110011001011111100111101100111111111110011
11000111110111110011011111111111101111111111111111011101110111011101111111111100111111110011001011111100111101100111111111110111
11000111110111110111011111111111101111111111111111011101110111011101111111111101111111110011001011111100111101100111111111110111
11000111110111110111011111111111101111111111111111011101110111011101111111111101111111110011001001111100111101100111111111110111
11100111110111110111011111111111101111111111111111011101110111011101111111111101111111110011001001111100111101100111111111110111
11110111110111110111011111111111101111111111111111011101110111011101111111111101111111110011000001111100111101110111111111110111
11110111110111110111011111111111101111111111111111011101110111011101111111111101111111110011000001111100111101110111111111110111
11110111110111110111011111111111101111111111111111011101110111011101111111111101111111111011000001111100111101110111111111110111
11110111110111110111011111111111011111111111111111011101110111011101111111111101111111111011000001111100111101110111111111110111
11110111110111110111011111111111011111111111111111011101110111011101111111111101111111111011000001111100111101110111111111110111
11110111110111110111011111111111011111111111111111011101110111011101111111111101111111111011000001111100111101110111111111110111
11110111110111110111011111111111011111111111111111011101110111011101111111111101111111111011000001111100111101110111111111100111
11110111110111110111011111111111011111111111111111011101110111011101111111111001111111111011000001111100111101110111111111100111
11110111110111110111011111111111011111111111111111011101110111011101111111111001111111111011000001111100111101110111111111100111
11110111110111110111011111111111011111111111111111011101110111011101111111111001111111110011000001111100111101110111111111100111
11100111110111110111011111111111011111111111111111011101110111011101111111111001111111110011000001111100111101110111111111100111
11100111110111110111011111111111011111111111111111011101110111011101111111111001111111110011000001111100111101110111111111100111
11100111110111110111011111111111011111111111111111011101110111011101111111111001111111110011000001111100111101110111111111100111
11100111110111110111011111111111011111111111111111011101110111011101111111111001111111110011000001111100111101110111111111100111
11100111100111110111011111111111011111111111111111011101110111011101111111111011111111110011100001111100111101110111111111100111
11100111100111110111011111111111011111111111111111011101110111011101111111111011111111110011100001111100111101110111111111100111
11101111100111110111011111111111011111111111111111011101110111011101111111111011111111110011111001111100111101110111111111101111
11101111100111110111011111111111011111111111111111011101110111011101111111111011111111110011111001111100111101100111111111101111
11101111100111110111011111111111011111111111111111011101110111011101111111111011111111110011111001111100111101100111111111101111
11101111100111110111011111111111011111111111111111011101110111011101111111111011111111110011111011111100111101100111111111101111
11101111100111110111011111111111011111111111111111011101110111011101111111111011111111110011111011111100111101100111111111101111
11101111100111110111011111111111011111111111111111011101110111011001111111111011111111110011111011111100111101100111111111101111
11101111100111110111011111111111011111111111111111011101110111011001111111111011111111110111111011111100111101100111111111101111
11101111100111110111011111111111011111111111111111011101110111011001111111111011111111110111111011111100111101100111111111101111
11101111100111110011011111111111011111111111110111011100110111011001111111111011111111100111111011111100111101100111111111101111
11101111100111110011011111111111011111111111110111011100110111011001111111111011111111100111111011111100111101100111111111101111
11001111100111110011011111111111011111111111110111011100110111011011111111111001111111100111111011111100111101100111111111100111
11001111100111110010011111111111011111111111110110011100100111011011111111111000011110100111111011111100111100100111111111100011
11001111100111110010011111111111011111111111110110011100100111011011111111111000011110100111111011111100111100100111111111100011
11001111100111110010011111111111011111111111110000011100100111000011111111111000001110000111111011111100111100000111111111100000
11001111100111110010011111111111011111111111110000011110100111000011111111111000001110000111111011111100111100000111111111100000
11001111100111110000011111111111011111111111110000011110000111000011111111111000001110000111111011111100111100001111111111100000
11001111100111110000011111111111011111111111110000011110000111000011111111111000001110000111111011111100111100001111111111100000
11001111100111110000011111111111011111111111110000011110000111000011111111111000001110000111111011111100111100001111111111100000
11011111100111111000011111111111011111111111110000011110000111000011111111111000001110000111111011111100111100001111111111100000
11011111100111111000011111111111011111111111110000011110000111000011111111111000001110000111111011111100111100001111111111100000
11011111100111111000111111111111011111111111111000111110000111000011111111111000001110000111111011111100111100001111111111100000
11011111100111111000111111111111011111111111111000111110000111000011111111111000001110001111111011111100111100001111111111100000
11011111100111111000111111111111011111111111111000111110000111000011111111111000001110001111111011111100111100001111111111100000
11011111100111111000111111111111011111111111111000111110001111100011111111111000001110001111111011111100111110001111111111100000
11011111100111111000111111111111011111111111111000111110001111100011111111111000001110001111111011111100111110001111111111100000
11011111100111111000111111111111011111111111111000111110001111100011111111111000001110001111111011111100111110001111111111100000
11011111101111111000111111111111011111111111111000111111001111100011111111111000001110001111111011111111111110011111111111110001
11011111111111111100111111111111111111111111111101111111001111100111111111111111111111001111111111111111111110011111111111111111
11011111111111111100111111111111111111111111111101111111001111100111111111111111111111001111111111111111111111011111111111111111
11111111111111111111111111111111111111111111111111111111111111111111111111111111111111111111111111111111111111111111111111111111
11111111111111111111111111111111111111111111111111111111111111111111111111111111111111111111111111111111111111111111111111111111