11111111111111111111111111111111111111111111111111111111111111111111111111111111111111111111111111111111111111111111111111111111
11111111111111111111111111111111111111111111111111111111111111111111111111111111111111111111111111111111111111111111111111111111
11001111111111111111111111111111111111111111111111111111111111111011111111111111111111111111111111111111111111111111111111111111
11001111111111111111111111111111111100011111111111111111101111111011111111111111111111011111111111110111111111111111111111111111
10001111101111100011111111101111111000011111111111111111100111111011111111111110111111000111111111110100111100001111111111111111
10001111101111100011111111101111111000011111111111111111100111111011111111111110111111000111111111110100111100001111111111111111
10001111101111100011111111101111111000011111111111111111100111111001111111111110011110000011111011110000011000001111111111111011
10001111100111000011111011101111110000011111111111100111000111110001111111111110011110000011111011110000011000001111111111111011
10001111000111000001111011101111110000011111111111100111000111110001111111111110001110000011111011110000011000001111111111110011
10001111000111000001111011101111110000011111111111100111000111110001111111111110001110000011111011110000011000001111111111110011
10001111000111000001111011101111110000011111111111100111000111110001111111111110001110000011111011110000011000001111111111110001
10001111000111000001111011101111110000011111111111100111000011100001111111111110001110000011111011110000011000001111111111110001
10001111000111000001111011101111110000011111111111100111000011100001111111111110001110000011111011110000011000000111111111110001
10001111000111000001111011101111110000011111111111100111000011100001111111111110001110000011111011110000011000000111111111110001
10001111000111000001111011101111110000011111111111100111000011100001111111111100001110000011111011110000011000000111111111110001
10001111000111000001111011101111110000011111111111100111000011100001111111111100001110000011111011110000011000000111111111100001
10001111000111000001111011101111110000011111111111100111000011100001111111111100001110000011111011110000011000000111111111100001
10001111000111000001111011101111110000011111111111100111000011100001111111111100001110000011111011110000011000001111111111100001
10001111000111000001110011101111110000011111111111100110000011100001111111111100001110000011111011110000011000001111111111100001
10001110000111000001110011101111110000011111111111100110000011100001111111111100000110000011111011110000011000001111111111100001
10001110000111000000110001101111110000011111111111000110000011100001111111111100000110000011110011110000011000000111111111100001
10001110000111001000110001101111111000011111111111000110000011100001111111111100000110000011110011110000011100000111111111100001
10001110000011001000110001101111111100011111111111000110000011100001111111111100000110000011110011110000011100000111111111100001
11001110010011001000110001101111111110011111111111000110000011100000111111111100100110000011110011111000011101000111111111100001
11001110010011001000110001101111111110011111111111000110000011100000111111111100100110000011110011111000011101000111111111100000
11001110010011001100110001101111111110011111111111000110011011101000111111111101100110000011110011111100011101000111111111100100
11001110010011001100110001101111111110011111111111000110011011101100111111111101100111100011110011111110011111000111111111100100
11001110010011001100110001101111111110011111111111000110011011101100111111111101100111100011110011111110011111100111111111001100
11001110010011001100110001101111111110011111111111000110011011101100111111111101100111100011110011111110011111100111111111001100
11001110011011001100110001101111111110011111111111000110011011101100111111111101100111100011110011111110011111101111111111001100
11001110011011001100110001101111111110011111111111000110011011101100111111111101100111100111110011111110011111101111111111001100
11001110011011011100110001101111111110011111111111000110011011001100111111111101100111100111110111111110011111101111111111001100
11001110111011011100110001101111111110011111111111000110011011001100111111111101100111100111110111111110011111101111111111001100
11001110111011011100110001101111111110011111111111000110011001001100111111111101100111100111110111111110011111001111111111001100
11001110111011011100110001101111111110011111111111000110011001001100111111111101100111100111110111111110011111001111111111001100
11001110111111011100110001101111111110011111111111000110011001001100111111111101100111100111110111111110111111001111111111001100
11001110111111011100110001101111111110011111111111000110111001001100111111111101100111100111110111111110111111001111111111001100
11001110111111011100110001101111111110011111111111000110111001001100111111111101100111100111110111111110111111001111111111001100
11001110111111011100110001101111111110011111111111000110111001001100111111111101100111100111110111111110111111001111111111001100
11001110111111011100110001101111111110011111111111000110111001001100111111111101100111100111110111111110111111001111111111001110
11001110111111011100110001101111111110011111111111000110111001001100111111111101100111100111110111111110111111001111111111011110
11001110111111011100110001101111111110011111111111000110111001001100111111111101100111100111110111111110111111001111111111011110
11001110111111011100110001101111111110011111111111100110111001001100111111111001100111100111110111111110111111001111111111011110
11001110111111011100110001101111111110111111111111100110111001001110111111111101100111100111110111111110111111001111111111001110
11001110011111011100110001101111111110111111111111100110111001001110111111111101100111100111110111111100111111001111111111001110
11001110011111011100110001101111111110111111111111100110111001001110111111111101100111100111110111111100111111001111111111001110
11001110011111011100110001101111111110111111111111100110111001001110111111111101100111100111110111111100111111001111111111001110
11001110011111001100110001101111111110111111011111100110111001001110111111111101110111100111100111111100111111001111111111001110
11011110011111001100110001101111111110111111011111100110111001001100111111111101110111100111100111111100111111001111111111001110
11011110011111001100110000101111111110111101011111100110111001001100111111111101100111100111100111111100111111001111111111001110
11011110011111001100110000101111111110111101011111100110111001001110111111111101100111100111100111111100111111001111111111001110
11011110011111001100110000101111111110111101001111100110111001001110111000111101100111100111100111111100111111001111111111001110
11011111011111001100110000101111111110111100000111100110111001001110110000111001110111000111100111111100111111011111111111001110
11011111001111000000110000101111111110111100000111100110111001001110110000011001110111000111100111111100111111011110111011001110
11011111001111000000110000001111111110111100000111100110111001001110110000011001110111000111100111111100111111011110111011001110
11011111001111000000110000001111111110111100000111100110111001001100110000011001110111000111100111111100111111011110000011001100
11011111001111000000110000001111111100111100000111100110111001001100110000011001110111000111100111111100111111011110000011001100
11011111000111000000110000001111111100111100000111100110111001001100110000011001110111000111100111111100111111011110000011001100
11011111000111000000110000001111111100111100000111100110111001001100110000011001110111000111100111111101111111011110000011001100
11011111000111000000110000001111111100111100000111100110111001001100110000011001110111000011100111111101111110011110000011001100
11011111000111000000110000001111111100111100000111100110111001001100110000011001110111000011100111111101111110011110000011001100
11011111000111000000110000001111111100111100000111100110111001001100110000011001110111000011100111111101111110011110000011001100
11011111000111000000110000001111111101111100000111100110111001001100110000011001110111000011100111111101111110011110000011101100
11011111000111000000110000001111111101111100000111100110111001001100110000011001110111100011100111111101111110011110000011101100
11011111000111000000110000001111111101111100000111100110111001001100110000011001110111100011100111111101111110011110000011100100
11011111000111000000110000001111111101111100000111100110111001001100110000011001110111100011100111111101111110011110000011100000
11011111100111000000110000001111111101111100000111100110111001001100110000011001110111100011100011111001111110011110000011100000
11011111100111000000111000001111111101111100000111100110111001001100110000011001110111100011100011111101111110011110000011100000
11011111100111000000111000001111111101111100000111100110111001001100110000011001110111110011100001111101111110111110000011100000
11011111100111000000111000001111111101111100000111100110111001001100110000011001110111110011100001111101111110111110000011100000
11011111100011000000111000001111111101111100000111100110111001001100110000011001110111110011100001111101111110111110000011100000
11011111100011000000111000001111111101111100000111100110111001001100111000011001110111110011100001111101111110111110000011100000
11011111100011000000111000001111111101111100000111110110111001001110111000011001110111110011101001111001111110111110000011100000
11011111100011000000111000001111111101111110000111110110111001001110111110111001110111110011101001111001111110111110011011100001
11011111100011000000111000001111111101111110000111100110111001001110111110111101110111110011001001111001111110111110011011100001
11011111100011001000111010001111111101111110111111100110111001001110111110111001110111110011001001111001111110111110011111100001
11011111110011001100111010001111111101111111111111100110111001001110111111111001110111111011000001111001111110111110011111100001
11001111110011001100111010001111111101111111111111100110111001001100111111111001100111111011000001111011111110111111111111100001
11001111110011001100111010001111111101111111111111100110111001001100111111111001100111111011000001111011111110111111111111100001
11001111110011001100111010001111111101111111111111100110111001001100111111111001100111111011000001111011111110111111111111100001
11001111110011001100111010001111111101111111111111100110111001001110111111111101100111111011000001111011111110111111111111100001
11001111110011001100110010001111111101111111111111100110111001001110111111111101100111111011000001111011111110111111111111110001
11001111110011001100110010001111111101111111111111100110111001001110111111111101100111111011000001111011111110111111111111110001
11001111110011001100110010001111111101111111111111100110111001001110111111111101100111111011000001111011111110111111111111110001
11001111110011001110110010001111111101111111111111100110111001001110111111111101100111111011000001111011111110111111111111110001
11001111110011001110110010001111111101111111111111100110111011001100111111111101100111111011000001111011111110111111111111110001
11001111110011001110110010001111111101111111111111100110111011001100111111111101100111111011000001111011111110111111111111110001
11001111110011001110111010001111111101111111111111100110111011001100111111111101100111111011000001111011111110111111111111111001
11001111110011001110111010001111111101111111111111100110111011001100111111111101100111111011000001111011111110111111111111111001
11001111110011001110111011001111111111111111111111100110111011001100111111111101100111111011000001111011111110111111111111111001
11001111110011001110111011001111111111111111111111100110011011001100111111111101100111111011000001111011111110111111111111111001
11001111110011001110111011001111111011111111111111100110111011001100111111111101100111111011000001111011111110111111111111111001
11001111110011001110111011001111111001111111111111100110111011101100111111111101100111111011000001111011111110111111111111111011
11001110110011001110110011001111111011111111111111100110011011101100111111111101100111111011000001111011111101111111111111111011
11001110110011001110110011001111111011111111111111100110011011101100111111111101100111111011000001111011111101111111111111111011
11001110110011001110111011001111111011111111111111100110011011101100111111111101100111111011000001111011111101111111111111111011
11001110110011001110111011001111111011111111111111100110011011101100111111111101100111111011100001111011111101111111111111111011
11001110010011001110111011001111111011111111111111100110011011101100111111111101100111111011100001111011111111111111111111111011
11001110010011001110111011001111111011111111111111100110011011101100111111111101100111110011100001111011111111111111111111111011
11001110010011001100111011001111111011111111111111100110011011101100111111111101100111110011100001111011111111111111111111111011
11001110010011001100111011001111111011111111111111110110011011101100111111111101100111110011110001111011111111111111111111111011
11001110010011001100111011001111111011111111111111110110011011101100111111111101100111110011111001111011111101111111111111110011
11001110010011001100111011001111111011111111111111110110011011101100111111111101100111110011111001111011111101111111111111110011
11001110000011001100111011001111111011111111111111100110010011101100111111111101100111110011111001111011111101111111111111110011
11001110000011001100111011001111111011111111111111100110010011101101111111111101100111110011111001111011111101111111111111110011
10001110000011001100111011001111111011111111111111100110010011101101111111111101100110100011111001111011111101111111111111110011
10001110000011001100111011001111111011111111111111100110010011100001111111111100100110100011111001111011111101111111111111110011
10000110000011001100111011001111111011111111111111100110010011100001111111111100100110000011111001111011111101111111111111110011
10000110000011001100111011001111111011111111111111100110010011100001111111111100101110000011111001111011111101111111111111110011
10000110000011001000111011001111111011111111111111100110000011100001111111111100001110000011111001111011111101111111111111110011
10000110000011000000111011001111111011111111111111100110000011100001111111111100001110000011111001111011111101111111111111110011
10000110000011000000111011001111111011111111111111100110000011100001111111111100001110000011111001111011111101111111111111110011
10000110000011000000111011001111111011111111111111100110000011100001111111111100001110000111111011111011111101111111111111110111
10000111000111000000111011001111111011111111111111100111000011100001111111111100001110000111111011111011111101111111111111110111
10000111000111000000111011001111111011111111111111100111000011100001111111111100001110000111111011111011111101111111111111110111
10000111000111000000111011001111111011111111111111100111000011100001111111111100001110000111111011111011111101111111111111110111
10000111000111000000111011101111111011111111111111100111000111100001111111111100001110000111111011111011111101111111111111110111
10000111000111000000111011101111111011111111111111110111000111100001111111111100001110000111111011111011111101111111111111110111
10000111100111000001111011101111111011111111111111110111000111100001111111111100001110000111111011111011111101111111111111100111
10000111100111000001111011101111111011111111111111110111000111100001111111111100001110000111111011111011111101111111111111100111
10000111100111000001111011101111111011111111111111110111000111110001111111111100001110000111111011111011111101111111111111100111
10001111100111100001111111101111111011111111111111111111000111110001111111111100001110000111111111111011111101111111111111100111
10001111100111100001111111101111111011111111111111111111000111110011111111111110011110001111111111111011111101111111111111100111
10001111100111100001111111101111111011111111111111111111000111110011111111111110011110001111111111111011111101111111111111100111
10001111100111100001111111111111111111111111111111111111000111110011111111111110011110001111111111111011111101111111111111101111
10111111101111100001111111111111111111111111111111111111100111110111111111111110011111011111111111111111111111111111111111101111
11111111111111110011111111111111111111111111111111111111101111110111111111111110111111111111111111111111111111111111111111101111
11111111111111110011111111111111111111111111111111111111101111110111111111111110111111111111111111111111111111111111111111101111