01000100011001101101110110001101001100100111010000101111010110011101111010011000101111010101111001011111111111111000000000000000
01000100011001101101110110001101001100100111010000101111010110011101111010011000101111010101111101011111111111111000000000000000
01000100011001101101110110001101001100100111010010101111010110011101111010011000101111010101111101011111111111111000000000000000
01000100011001101101110110001101001100100111010010101111010110011101111010011000101111010101111101011111111111111000000000000000
01000100011001101101110110001101001100100111010010101111010110011101111010011000101111010001111101011111111111111000000000000000
01000100011001101101110110001101001100100111010010101111010110011101111010011000101111010001111101011111111111111000000000000000
01000100011001101101110110001101001100100111010010101111010110011101111010011000101111010001111101011111111111111000000000000000
01000100011001101101110110001101001100100111010010101111010110011101111010011000101111010001111101011111111111111000000000000000
01000100011001101101110110001101001100100111010010101111010110011101111010011000101111010001111101011111111111111000000000000000
01000100011001101101110110001101001100100111010010101111010110011101111010011000101111010001111101011111111111111000000000000000
01000100011001101101110110001101001100100111010010101111010110011101111010011000101111010001111101011111111111111000000000000000
01000100011001101101110110001101001100100111010010101111010110011101111010011000101111010001111101011111111111111000000000000000
01000100011001101101110110001101001100100111010010101111010110011101111010011000101111010101111101011111111111111000000000000000
01000100011001101101110110001101001100100111010010101111010110011101111010011000101111010101111101011111111111111000000000000000
01000100011001101101110110001101001100100111010010101111010110011101111010011000101111010101111101011111111111111000000000000000
01000100011001101101110110001101001100100111010010101111010110011101111010011000101111010101111101011111111111111000000000000000
01000100011001101101110110001101001100100111010010101111010110011101111010011000101111010101111101011111111111111000000000000000
01000100011001101101110110001101001100100111010010101111010110011101111010011000101111010101111101011111111111111000000000000000
01000100011001101101110110001101001100100111010010101111010110011101111010011000101111010101111101011111111111111000000000000000
01000100011001101101110110001101001100100111010010101111010110011101111010011000101111010101111101011111111111111000000000000000
01000100011001101101110110001101001100100111010010101111010110011101111010011000101111010101111101011111111111111000000000000000
01000100011001101101110110001101001100100111010010101111010110011101111010011000101111010101111101011111111111111000000000000000
01000100011001101101110110001101001100100111010010101111010110011101111010011000101111010101111101011111111111111000000000000000
01000100011001101101110110001101001100100111010010101111010110011101111010011000101111010101111101011111111111111000000000000000
01000100011001101101110110001101001100100111010000101111010110011101111010011000101111010101111101011111111111111100000000000000
01000100011001101101110110001101001100100111010000101111010110011101111010011000101111010101111101011111111111111100000000000000
01000100011001101101110110001101001100100111010000101111010110011101111010011000101111010100111101011111111111111100000000000000
01000100011001101101110110001101001100100111010000101111010110011101111010011000101111010100111101011111111111111100000000000000
01000100011001101101110110001101001100100111010010101111010110011101111010011000101111010100111101011111111111111100000000000000
01000100011001101101110110001101001100100111010010101111010110011101111010011000101111010100111101011111111111111100000000000000
01000100011001101101110110001101001100100111010010101111010110011101111010011000101111010100111101011111111111111100000000000000
01000100011001101101110110001101001100100111010010101111010110011101111010011000101111010100111101011111111111111100000000000000
01000100011001101101110110001101001100100111010010101111010110011101111010011000101111010100111101011111111111111100000000000000
01000100011001101101110110001101001100100111010010101111010110011101111010011000101111010100111101011111111111111100000000000000
01000100011001101101110110001101001100100111010010101111010110011101111010011000101111010100111101011111111111111100000000000000
01000100011001101101110110001101001100100111010010101111010110011101111010011000101111010101111101011111111111111100000000000000
01000100011001101101110110001101001100100111010010101111010110011101111010011000101111010101111101011111111111111100000000000000
01000100011001101101110110001101001100100111010010101111010110011101111010011000101111010101111101011111111111111100000000000000
01000100011001101101110110001101001100100111010010101111010110011101111010011000101111010101111101011111111111111100000000000000
01000100011001101101110110001101001100100111010010101111010110011101111010011000101111010101111101011111111111111100000000000000
01000100011001101101110110001101001100100111010010101111010010011101111010011000101111010101111101011111111111111100000000000000
01000100011001101101110110001101001100100111010010101111010010011101111010011000101111010101111101011111111111111100000000000000
01000100011001101101110110001101001100100111010010101111010010011101111010011000101111010101111101011111111111111100000000000000
01000100011001101101110110001101001100100111010010101111010010011101111010011000101111010101111101011111111111111100000000000000
01000100011001101101110110001101001100100111010010101111010010011101111010011000101111010101111101011111111111111100000000000000
01000100011001101101110110001101001100100111010010101111010010011101111010011000101111010101111101011111111111111100000000000000
01000100011001101101110110001101001100100111010010101111010010011101111010011000101111010101111101011111111111111100000000000000
01000100011001101101110110001101001100100111010010101111010010011101111010011000101111010100111101011111111111111100000000000000
01000100011001101101110110001101001100100111010010101111010010011101111010011000101111010100111101011111111111111110000000000000
01000100111001101101110110001101001100100111010010101111010010011101111010011000101111010100111101011111111111111111100000000000
01000100111001101101110110001101001100100111010010101111010010011101111010011000101111010100111101011111111111111111111000000000
01000100111001101101110110001101001100100111010010101111010010011101111010011000101111010100111101011111111111111111111111000000
01000100111001101101110110001101001100100111010010101111010010011101111010011000101111010100111101011111111111111111111111110000
01000100111001101101110110001101001100100111010010101111010010011101111010011000101111010100111101011111111111111111111111110000
01000100111001101101110110001101001100100111010010101111010010011101111010011000101111010100111101011111111111111111111111111000
01000100111001101101110110001101001100100111010010101111010010011101111010011000101111010100111101011111111111111111111111111110
01000100111001101101110110001101001100100111010010101111010010011101111010011000101111010100111101011111111111111111111111111111
01000100111001101101110110001101001100100111010010101111010010011101111010011000101111010100111101011111111111111111111111111111
01000100111001101101110110001101001100100111010010101111010010011101111010011000101111010100111101011111111111111111111111111111
01000100111001101101110110001101001100100111010010101111010010011101111010011000101111010100111101011111111111111111111111111111
01000100111001101101110110001101001100100111010010101111010010011101111010011000101111010100111101011111111111111111111111111111
01000100111001101101110110001101001100100111010010101111010010011101111010011000101111010100111101011111111111111111111111111111
01000100111001101101110110001101001100100111010010101111010010011101111010011000101111010100111101011111111111111111111111111111
01000100111001101101110110001101001100100111010010101111010010011101111010011000101111010100111101011111111111111111111111111111
01000100111001101101110110001101001100100111010010101111010010011101111010011000101111010100111101011111111111111111111111111111
01000100111001101101110110001101001100100111010010101111010010011101111010011000101111010100111101011111111111111111111111111111
01000100111001101101110110001101001100100111010010101111010010011101111010011000101111010100111101011111111111111111111111111111
01000100111001101101110110001101001100100111010010101111010010011101111010011000101111010100111101011111111111111111111111111111
01000100111001101101110110001101001100100111010010101111010010011101111010011000101111010100111101011111111111111111111111111111
01000100111001101101110110001101001100100111010010101111010010011101111010011000101111010100111101011111111111111111111111111111
01000100111001101101110110001101001100100111010010101111010010011101111010011000101111010100111101011111111111111111111111111111
01000100111001101101110110001101001100100111010010101111010010011101111010011000101111010100111101011111111111111111111111111111
01000100111001101101110110001101001100100111010010101111010010011101111010011000101111010100111101011111111111111111111111111111
01000100111001101101110110001101001100100111010010101111010010011101111010011000101111010100111101011111111111111111111111111111
01000100111001101101110110001101001100100111010010101111010010011101111010011000101111010100111101011111111111111111111111111111
01000100111001101101110110001101001100100111010010101111010010011101111010011000101111010100111101011111111111111111111111111111
01000100111001101101110110001101001100100111010010101111010010011101111010011000101111010100111101011111111111111111111111111111
01000100111001101101110110001101001100100111010010101111010010011101111010011000101111010100111101011111111111111111111111111111
01000100111001101101110110001101001100100111010010101111010010011101111010011000101111010100111101011111111111111111111111111111
01000100111001101101110110001101001100100111010010101111010010011101111010011000101111010100111101011111111111111111111111111111
01000100111001101101110110001101001100100111010010101111010010011101111010011000101111010100111101011111111111111111111111111111
01000100111001101101110110001101001100100111010010101111010010011101111010011000101111010100111101011111111111111111111111111111
01000100111001101101110110001101001100100111010010101111010010011101111010011000101111010100111101011111111111111111111111111111
01000100111001101101110110001101001100100111010010101111010010011101111010011000101111010100111101011111111111111111111111111111
01000100111001101101110110001101001100100111010010101111010010011101111010011000101111010100111101011111111111111111111111111111
01000100111001101101110110001101001100100111010010101111010010011101111010011000101111010100111101011111111111111111111111111111
01000100111001101101110110001101001100100111010010101111010010011101111010011000101111010100111101011111111111111111111111111111
01000100111001101101110110001101001100100111010010101111010010011101111010011000101111010100111101011111111111111111111111111111
01000100111001101101110110001101001100100111010010101111010010011101111010011000101111010100111101011111111111111111111111111111
01000100111001101101110110001101001100100111010010101111010010011101111010011000101111010100111101011111111111111111111111111111
01000100111001101101110110001101001100100111010010101111010010011101111010011000101111010100111101011111111111111111111111111111
01000100111001101101110110001101001100100111010010101111010010011101111010011000101111010100111101011111111111111111111111111111
01000100111001101101110110001101001100100111000010101111010010011101111010011000101111010100111101011111111111111111111111111111
01000100111001101101110110001101001100100111000010101111010010011101111010001000101111010100111101011111111111111111111111111111
01000100111001101101110110001101001100100111000010101111010010011101111010001000101111010100111101011111111111111111111111111111
01000100111001101101110110001101001100100111000010101111010010011101111010001000101111010100111101011111111111111111111111111111
01000100111001101101110110001101001100100111010010101111010010011101111010001000101111010100111101011111111111111111111111111111
01000100111001101101110110001101001100100111010010101111010010011101111010001000101111010100111101011111111111111111111111111111
01000100111001101101110110001101001100100111010010101111010010011101111010001000101111010100111101011111111111111111111111111111
01000100111001101101110110001101001100100111010010101111010010011101111010001000101111010100111101011111111111111111111111111111
01000100111001101101110110001101001100100111010010101111010010011101111010001000101111010100111101011111111111111111111111111111
01000100111001101101110110001101001100100111010010101111010010011101111010001000101111010100111101011111111111111111111111111111
01000100111001101101110110001101001100100111011010101111010010011101111010001000101111010100111101011111111111111111111111111111
01000100111001101101110110001101001100100111011010101111010010011101111010001000101111010100111101011111111111111111111111111111
01000100111001101101110110001101001100100111011010101111010010011101111010001000101111010100111101011111111111111111111111111111
01000100111001101101110110001101001100100111011010101111010010011101111010001000101111010100111101011111111111111111111111111111
01000100111001101101110110001101001100100111011010101111010010011101111010001000101111010100111101011111111111111111111111111111
01000100111001101101110110001101001100100111011010101111010010011101111010001000101111010100111101011111111111111111111111111111
01000100111001101101110110001101001100100111011010101111010010011101111010001000101111010100111101011111111111111111111111111111
01000100111001101101110110001101001100100111011010101111010010011101111010001000101111010100111101011111111111111111111111111111
01000100111001101101110110001101001100100111011010101111010010011101111010001000101111010100111101011111111111111111111111111111
01000100111001101101110110001101001100100111011010101111010010011101111010001000101111010100111101011111111111111111111111111111
01000100111001101101110110001101001100100111011010101111010010011101111010001000101111010100111101011111111111111111111111111111
01000100111001101101110110001101001100100111011010101111010010011101111010001000101111010100111101011111111111111111111111111111
01000100111001101101110110001101001100100111011010101111010010011101111010001100101111010100111101011111111111111111111111111111
01000100111001101101110110001101001100100111111010101111010011011101111010011100101111010100111101011111111111111111111111111111
01000100111101101101110110011101001100100111111010101111011111011101111010011100101111010101111101011111111111111111111111111111
01000100111101101101110110011101001100100111111010101111011111011101111010011100101111010101111101011111111111111111111111111111
01000110111111101101110111011101001100100111111010101111011111011101111011011100101111010111111101011111111111111111111111111111
01111111111111111111111111011111011100110111111010111111111111111101111111011100101111111111111101011111111111111111111111111111
01111111111111111111111111111111111111111111111010111111111111111111111111111111111111111111111101011111111111111111111111111111
01111111111111111111111111111111111111111111111010111111111111111111111111111111111111111111111101011111111111111111111111111111
01111111111111111111111111111111111111111111111010111111111111111111111111111111111111111111111101011111111111111111111111111111
01111111111111111111111111111111111111111111111010111111111111111111111111111111111111111111111101011111111111111111111111111111
01111111111111111111111111111111111111111111111010111111111111111111111111111111111111111111111101011111111111111111111111111111
01111111111111111111111111111111111111111111111010111111111111111111111111111111111111111111111101011111111111111111111111111111
01111111111111111111111111111111111111111111111010111111111111111111111111111111111111111111111101011111111111111111111111111111
01111111111111111111111111111111111111111111111010111111111111111111111111111111111111111111111101011111111111111111111111111111