11111111111111111111111111111110111111111110111111111111111111111111111111111111111111111111111111111111111111111111111111111111
11111111111111111111111111111110111111111110111111111111111111111111111111111111111111111111111111111111111111111111111111111111
11111111111111111111111111111110111110011100111111111111111111111111111111111111111111111111111111111111111111111111111111111111
11111111111111111111111111111110111100011100111111111110011111111111111111111111111111111111111111111111111111111111111111111111
11111111111111111111111111111110111100011100111111111110011111111111111111111111111111111111111111111111111111111111111111111111
11111111111111111111111111111100111000011100111111111000011111111111111111111111111111111111111111111111111111111111111111111111
11111111111111111111111111111100111000011100111111111000011111111111111111111111111111111111111111111111111111111111111111111111
11111111111111111111111111111100111000011100111111111000011111111100111111111111111111111111111111111111111111111111111111111111
11111111111111111111111111111100111000011100111111111000011111111100111111111111111111111111111111111111111111111111111111111111
11111111111111111111111111111100111000011100111111111000011111111100011111111111111111111111111111111111111111111111111111111111
11111111111111111111111111111100011000011100011111111000011111111100011111111111111111111111111111111111111111111111111111111111
11111111111111111111111111111100011000011100011111111000011111111100011111111111111111111111111111111111111111111111111111111111
11111111111111111111111111111100011000011100011111111000011111111100011110111111111111111111111111111111111111111111111111111111
11111111111111111111111111111100011000011100011111111001011111111100011100111111111000111111111101111110111111111111111111111111
11111111111111111111111111111100011000011100011111111001011111111100011100111111111000111111111101111110111111111111111111111111
11111111111111111111111111111100011110011101011111111111011111111100011100111111111000111111111101111110111111111111111111111111
11111111111111111111111111111100011111011101011111111111011111111100111100111111111000111111111100111110111101111111111111111111
11111111111111111101111111111100011111011101011111111111011111111100111100111111111000111111111100111110111000111101111111111111
11111111111111111101111111111101011111011111011111111111011111111100111100111111111000111111111100111110111000111101111111111111
11111111111111111101111111111101011111011111011111111111011111111100111100111101111000111111111100111110111000111101111111111011
11111111111111111101011111111011011111011111011111111111011111111111111100111101111000111111111100111110111000111101111111111001
11111111111100111101011111111011011111011111011111111111011111111011111100111101111000111111111000111100111000111101111111111000
11111111111100111101011111111011011111011111011111111111011111111011111100111101111000111111111000111100111000111101111111111000
11111111111100111101011111111011011111011111011111111111011111111011111100111101111000111111111000111100111000111101111111111000
11111111011100011101011111111011011111011111011111111111011111111011111100111101111000111111111000111100111000111101111111110000
11111111011100011101011111111011011111011111011111111111011111111011111100111101111110111111111000111100111000111101111111110000
11111110011100011101011111111011011111011111011111111111011111111011111100111101111110111111111010111100111000111101111111110000
11111110011100011101011111111011011111011111011111111111011111111011111100111101111110111111111010111101111000111101111111110000
10111110011100011101011111111011011111011111011111111111011111111011111100111101111110111111111010111101111000111101111111110000
10111110011100011101011111111011011111011111011111111111011111111011111100111101111110111111111010111101111000111101111111110000
10111110011100011101011111111011011111011111011111111111011111111011111100111101111110111111111011111101111000111101111111110000
10011110011100011101011111111011011111011111011111111111011111111011111100111101111110111111111011111101111000111101111111110000
10011110011100011101011111111011011110111101011111111111011111111011111110111101111110111111111011111101111000111101111111110000
10011110011100011101011111111011011110111101011111111111011111111011111110111101111110111111111011111101111011111101111111110000
10011110011100011001011111111011011110111101011111111110111111111011111110111101111110111111111011111101111011111101111111110000
10011100011100011001011111111011011110111101011111111110111111111011111010111101111110111111111011111101111011111101111111110000
10011100011100011001011111111011011110111101011111111110111111111011111010111101111110111111111011111101111011111101111111110000
10011100011101001001011111111011011110111101011111111110111111111011111010111101111110111111111011111101111011111101111111111000
10011100011101001001011111111011011110111100011111111110111111111001111010111101111110111111111011111101111011111101111111111100
10011100011101001001011111111011011110111100011111111110111111111001111010111101111110111111111010111101111011111001111111111100
10011100011101001001011111111011011110111100011111111110111111111001111010111101111111111111111010111101111011111001111111111110
10011100111101001001011111111011011110111100111111111110111111111001111010111101111111111111111010111101111011111011111111111110
10011100111101001001011111111011011110111100111111111110111111111001111010111101111101111111111010111101111011111011111111111110
10011101111101001001111111111011011110111100111111111110111111111001111110111101111101111111111010111101111011111011111111111110
10011101101101001001111111111011011110111100111111111110111111111000111110111101111101111111111010111001111001111011111111111110
10011101101101001001111111111011011110111100111111111110111111111000111110111101111101111111111010111001111001111011111111111110
10011101101101001001111111111011011110111100111100011110111111111000111110111101111101111111111010111001111001111011111111111100
11011101111101101001111111111011011110111100111100011110111111111000111110111101111101111111111010111001111001111011111111111100
11011101111101101001111111111011011110111100111100011110111010111000111110111111111101111111111010111001111001111011111111111100
11011101111101101001111111111011011110111100111100011110111000011000111110111111111101111111111010111001111000111011111111111100
11011101111101101001111111111011011110111100111000011110111000011000111110111111111101111111111010111001111000111011111111111100
11011101111101001001011111111011011110111100111000011110111000011000111110111111111101111111111000111001111000111011111111111100
11011101111101001001011111111001011110111100111000011110111000011000111110111111111101111111111000111001111000111011111111111100
11011101111101001000011111111001011110111100111000011110111000011000111110111111111101111111111000111001111000111011111111111100
11011101111101001000011111111001011110111100111000011110111000011100111110111111111101111111111000111001111000111011111111111100
11011101111101001000011111111001011110111100111000011110111000011110111110111111111101111111111000111000111000111011111111111100
11011101111101001000011111111000011110111100011000011110111000011110111110111111111101111111111000111000111000111011111111111100
11011101111101001000011111111000011110111100011000011110111000011110111110111111111101111111111000111000111000111011111111111100
11011101111101011000011111111100011111111100011000011111111000011110111110111110111100111000111100111000111000111011111111111101
11011100111101011000011111111100011111111100011100011111111000011111111110111010111100111000011100111000111000111011111111111101
11011100111100011000011111111100011101111100011100011101111000011111011110111010111100111000011100111000111000111011111101111101
11011100111100011000011111111100011101111101011100011101111000011111011110111010111100111000011100111000111000111011111101111101
11011100111100011100011111111100011101111101011111011101111000011111011110111010111100111000011100111000111000111011111001111101
11011100111100011100011111111100011101111001011111011101111000011111011110111010111100111000011000111000111000111011111001111101
11011110111100011100011111111100011101111011011111111101111000011111011110111010111110111000011000111000111000111011111000111101
11011110111100011110011111111100011101111011011111111101111011111111011110111010111110111000011000111000111100111011111000111101
11011110111100011110011111111100011101111011011111111101111111111111011110111010111110111000011000111000011100111011110000111101
11011110111100011110011111111100011101111011011111111101111111111111011110111010111110011000011000111000011100111011110000111101
11011110111100011110011111111100011101111011011111111101111111111111011110111010111110011000011000111000011100111011110000111101
11011110111100011110011111111100011101111011011111111101111111111111011110111010111111011000011000111010011110111010110000111101
11011110011100011110011111111110011101111011011111111101111111111111011110111010111111011100111000111010011110111010110000111001
11011110011100011110011111111110011101111011011111111101111111111111011110111010111111011100111000111010011110111010110000111001
11011110011100011110011111111110011101111011011111111101111111111111011110111010111111011111111010111010011110111010110000111001
11011110011100011110011111111110111101111011011111111101111111111111011110111010111111011111111010111010011110111010110000111001
11011110011100001110011111111110111101111011011111111101111111111111011110111010111111011111111010111010011110111010110000111001
11011110011100001110011111111110111101111011011111111101111111111111011110111010111111011111111010111010011110111010110000111001
11011110011101001110011111111110111101111011011111111101111111111111011110111010111111011111111010111010011110111000110000111001
11011111011101001110011111111110111101111011011111111101111111111111011110111000111111011111111010111010011110111000110000111001
11011111011101001110011111111110111101111011011111111101111111111111011110111000111111011111111010111010011110111000110000111001
11011111011101101110011111111110111101111011011111111101111111111111011110111000111111011111111011111010011110111000110000111001
11011111011101101110011111111110111101111011011111111101111111111111011110111000011111011111111011011010011110111000110000111011
11011111011101101110011111111110111101111011011111111101111111111111011110111000011111011111111011011010011110110000110000111011
11011111011101101110011111111110111101111011011111111101111111111111011110111000011111011111111011011110011110110000110100111011
11011111011101101110011111111110111101111011011111111101111111111111011110111000011111011111111011011110011110110000111101111011
11011111011101101110011111111110111101111011011111111101111111111111011110111000011111011111111011011010011110111000111101111011
11011111001101101110011111111110111101111011011111111101111111111111011110111000011111011111111011011010011110111000111101111011
11011111001101101111011111111110111101111011011111111101111111111111011110111000011111011111111011011011011110111000111111111011
11011111001101101111011111111110111101111011011111111101111111111111011110111000011111011111111011011011011110111000111111111011
11011111001101101111011111111110111101111011011111111101111111111110011110111000011111011111111011011011011110111000111111111011
11011111001101101111011111111110111101111011011111111101111111111110111110111000011111011111111011011011011110111000111111111011
11011111101101101111011111111110111101111011011111111101111111111110111110111110011111011111111011011011011110111000011111111011
11011111101101101111011111111110111101111011011111111101111111111110111110111110111111011111111011011011011110111000011111111011
11011111101101101111011111111110111101111001011111111101111111111110111110111110111111011111111011011011011110111000011111111011
11011111101101101111011111111110111101111001011111111101111111111110111110111110111111011111111011011011011110111000011111111011
11011111101101101111011111111110111101111101011111111101111111111110111110111110111111011111111011011011011110111000011111111011
11011101101101101111011111111100111101111101011111111101111111111110111110111110111110011111111011011011011110111000011111111011
11011101101101001111011111111100111101111100011111111101111111111110111110111110111110011111111011011010011110111000111111111011
11011101101101001111011111111100111101111100011111111101111111111110111110111110111110111111111011011010111110111000111111111011
11011101101101001111011111111101111101111100011111111101111111111100111110111110111110111111111011011010111110111000111111111011
11011101101101001111011111111101111101111100011111111101111111111100111110111110111010111111111011011010111110111000111111111011
11011101101101001111011111111101111101111100011111111101111111111100111110111110111010111111111011011010111110111000111111111011
11011101101101001111011111111101111101111100011111111101111111111100111110111110111010111111111011111010111110111000111111111011
11011101101101001111011111111101111101111100011111111101111111111100111110111110111010111111111010111010111100111100111111111011
11011101001101001111011111111101111101111100011111111101111111111000111110111110111010111111111010111000111100111100111111111011
11011101001101011111011111111101111101111100111111111101111111111000111110111110111010111111111010111000111100111100111111111011
11011101011101011111011111111101111101111100111111111101111111111001111110111110111000111111111000111000111100111100111111111011
11011100011100011111011111111101111101111100111111111101111111111001111110111110111000111111111000111000111100111100111111111011
11011100011100011111011111111101111101111100111111111101111111111001111110111110111000111111111000111000111100111100111111111011
11011100011100011111011111111101111101111100111111111101111111111001111110111110111000111111111000111000111000111100111111111011
11011100011100011111011111111101111101111111111111111111111111111101111110111110111000111111111000111000111001111100111111111011
10011100011100011111011111111101111101111111111111111111111111111101111110111110111000111111111000111000111001111100111111111011
10011100011100011111011111111101111111111111111111111111111111111101111110111110111000111111111000111000111001111100111111111011
10011100011100011111011111111101111111111111111111111111111111111111111111111110111000111111111000111000111001111101111111111011
10011100011100011111011111111101111111111111111111111111111111111111111111111110111000111111111000111000111001111101111111111011
10011100011100011111111111111111111111111111111111111111111111111111111111111111111001111111111100111000111001111101111111111011
10011100011100011111111111111111111111111111111111111111111111111111111111111111111001111111111100111100111001111111111111111011
10011110011100111111111111111111111111111111111111111111111111111111111111111111111101111111111100111100111001111111111111111011
10011110011100111111111111111111111111111111111111111111111111111111111111111111111101111111111100111100111001111111111111111011
10011110011100111111111111111111111111111111111111111111111111111111111111111111111111111111111101111100111001111111111111111011
10011110011111111111111111111111111111111111111111111111111111111111111111111111111111111111111101111101111001111111111111111011
10011110011111111111111111111111111111111111111111111111111111111111111111111111111111111111111101111101111001111111111111111011
10011110011111111111111111111111111111111111111111111111111111111111111111111111111111111111111111111101111011111111111111111011
10011110111111111111111111111111111111111111111111111111111111111111111111111111111111111111111111111111111111111111111111111011
10011110111111111111111111111111111111111111111111111111111111111111111111111111111111111111111111111111111111111111111111111011
10011110111111111111111111111111111111111111111111111111111111111111111111111111111111111111111111111111111111111111111111111011
10011110111111111111111111111111111111111111111111111111111111111111111111111111111111111111111111111111111111111111111111111011
10111111111111111111111111111111111111111111111111111111111111111111111111111111111111111111111111111111111111111111111111111011
10111111111111111111111111111111111111111111111111111111111111111111111111111111111111111111111111111111111111111111111111111011