11111111111111111111111111111111101101111111111111111111111111110011111111111111111111101111111101111100001111010111111111111111
11111111111111111111111111111111101101111111111111111111111111110011111111111111111111101111111101111100001111010111111111111111
11111111111011111111111111111111101101111111111111111111110111110011111111111111111111101111111101111100001111000111111111111111
11111111111011111111111111111111101101111111111111111111110111110011111111111111111111101111111101111100001111000111111111111111
11011111111001111111111111111111100001111111111111111111110111110001111111111111011111101111111101111100001111000111111111111111
11001111110001111111111111111111100001111111111110111111010111110001111111111111011111101111111001111100001111000111111111111111
11001111110001111111111111111111100001111111111110111111010111110001111111111111011111101111111001111100001111000111111111111111
11001111111001111101111111111111100001111111111110111111010111100001111111111111001111101111111000111100001110000111111111111111
11000111111001111001011111111111100001111111111110011111010111100001111111111111001111101011111000111100001110000111111111111101
11010111111001111001011111111111100001111111111110011111010111100101111111111111001111101011111000111100001110000111111111111101
11010111111001111001011111111111100001111111111110011111010111100101111111111111001111101011111000111100001110000111111111111101
11011111111001111011011111111111110001111111111110011111011111100101111111111111001111001011111000111100001110000111111111111101
11011111111101111011011111111111111001111111111110011111011111101101111111111111001111001011110000111100001110000111111111111100
10011111111101111011011111111111111001111111111110011111011111101101111111111111001111001011110000111100001110000111111111111100
10111111111101111011011111111111111001111111111110011111011111101101111111111111001111001111110000111100001110000111111111111100
10111111111101111011011111111111111011111111111110011111111011101101111111111110001111001111110000111110001110000111111111111100
10111111111101111011011111111111111011111111111100011110111011101101111111111110001111001101110000111110001110000111111111111000
10111111111101111011011111111111111011111111111100011110111011101101111111111110001111011101110000111111001110010111111111111000
10111011111101111011011111111111111011111111111100011110111011101101111111111110001111011101110100111111001110011111111111111000
10111011111101111011011111111111111011111111111100011110111011101101111111111110001111011101110100111111001110011111111111111000
10111011111101111011011111111111111011111111111100011110111011101101111111111110001111011101110110111111001110011111111111111000
10111011111101111011011111111111111011111111111100011110111011101100111111111110001111011101110110111111001110011111111111111000
10111011111101111011011111111111111011111111111100011110111011101110111111111110001111011101110110111111001110011111111111111000
10111011111101111011011111111111111011111111111110011110111011101110111111111110001111011101110110111111001110011111111111111000
10111011111101111011011111111111111011111111111110011110111011101110111111111110001111011101110110111111001110011111111111111000
10111011111101111011011111111111111011111111111111011110111011101110111111111110001111011101110110111111001110011111111111111000
10111011111101111011011111111111111011111111111111011110111011101110111111111110001111011101110110111111001110011111111111111000
10111011111101111011011111111111111011111111111111011110111011101110111111111110001111011101110110111111001110011111111111111000
10111011111101111011011111111111111011111111111111011110111011101110111111111110001111011101110110111111001110011111111111111000
10111011111101111011011111111111111011111111111111011110111011101110111111111110001111011101110110111111001110011111111111111000
10111011111101111011011111111111111011111111111111011110111011101110111111111110001111011101110110111111001110011111111111111000
10111011111101111011011111111111111011111111111111011110111011101110111111111111001111011101110110111111001110011111111111111000
10111011111101111011011111111111111011111111111111011110111011101110111111111111001111011101110110111111001110011111111111111000
10111011111111111011011111111111111011111111111111011110111011101110111111111111001111011101110110111111001110011111111111111000
10111011111111111011011111111111111011111111111111011110111011101110111111111111001111011101110010111111001110011111111111111000
10111011111111111011011111111111111011111111111111011110111011101110111111111111001111011101110010111111001110011111111111111000
10111011111111111011011111111111111011111111111111011110111011101110111111111111001111011101110010111111001110011111111111111000
10111011111111111011011111111111111111111111111111011110111011101110111111111111101111011101110010111111011110011111111111111000
10111011111011111011011111111111111111111111111111011110111011101110111111111111101111011101110000111111011110011111111111111000
10111011111011111011011111111111111111111111111111011110111011101110111111111111101111011101110000111111011110011111111111111000
10111011111011111010011111111111111111111111111111011110111011101110111111111111101111011101110000111111011110011111111111111000
10111011111011111010011111111111111111111111111111011110111011101110111111111111101111011101110000111111011110011111111111111100
10111011111011111000011111111111111111111111111111011110111011101110111111111111101111011101110000111111011110011111111111111100
10111011111011111000011111111111110111111111111111011110111011101110111111111111101111011101110000111111011110001111111111111100
10111011111011111000111111111111110111111111111111011110111011101110111111111111101111011101111000111111011110001111111111111100
10111011111011111000111111111111110111111111111111011110111011101110111111111111101111011101111000111111011110001111111111111100
10111011111011111000111111111111110111111111111111011110111011101110111111111111101111011101111000111110011110001111111111111100
10111011111011111000111111111111110111111111111111011110111011101110111111111111101111011101111000111110011110001111111111111100
10111011111011111000111111111111110111111111111111011110111011101110111111111111101111011101111000111110011110000111111111111100
10111011111011111000111111111111110111111111111111011110111011101110111111111111101111011101111000111110011110000111111111111100
10111011111011111000111111111111110111111111111111011110111011101110111111111111101111011101111000111110011110000111111111111100
10111011111011111000111111111111110111111111111111011110111011101110111011011111101111011101111000111110011110000111100111111100
10111011111011111000111111111111110111111111111111011110111011101110111011011111101111011101111000111110011110000111100111111100
10110011111011111000111110001111110111111111111111011110111011101110111010011111101111011101111000111110011111000111100111111100
10110011111011111000111110000111110111111011111111011110111011101110111000011111101111011101111000111110011111000111100001111100
10110011111011111000111110000111110111111011111111011110111011101110111000011111101111011101111000111110111111000111100001111100
11110011111111111000111100000111110111110011111111011110111011101110111000011111101111011101111000111110111111000111100001111100
11110011110111111000011100000111110111110011111111011110111011101110111000011111101111011101111000111110111111000111100001111100
11110011110111111000011100000111111111110011111111011110111011101110111000011111101111011101111000111110111111100111100001111100
11010011110111111000011100000111111111110011111111011110111011101110111000011111101111011101111000111110111111100111100001111100
11010011110111111010011100000111111111110011111111011110111011101110111000011111101111011101111000111110111111100111100001111100
11000111110111111011011100110111101111110011111111011110111011101110111000011111101111011101111000111110111111110111100001111100
11000111110111111011011100110111101111110011111111011110111011101110111000011111101111011101110000111110111111110111100001111100
11000111110111111011011110111111101111111111111111011110111011101110111100011111101111011101110000111110111111110111100001111100
11000111110111111011011110111111101111111111111111011110111011101110111101111111101111011101110000111110111111110011100001111100
11000111110111111011011110111111101111111111111111011110111011101110111101111111101111011101110000111110111111110011100001111100
11100111110111111011011111111111101111111111111111011110111011101110111111111111101111011101110000111110111111110011100001111100
11100111110111111011011111111111101111111111111111011110111011101110111111111111101111011101110000111110111111110011100001111100
11100111110111111011011111111111101111111111111111011110111011101110111111111111101111011101110000111110111111110011100001111100
11100111110111111011011111111111101111111111111111011110111011101110111111111111101111011101110010111110111111110011101001111100
11100111110111111011011111111111101111111111111111011110111011101110111111111111101111011101110010011110111111110011101001111100
11100111110111111011011111111111101111111111111111011110111011101110111111111111101111011101110010011110111111110011101001111100
11100111110111111011011111111111101111111111111111011110111011101110111111111111101111011101110010011110111111110011111101111100
11100111110111111011011111111111101111111111111111011110111011101110111111111111101111011101110010011110111111110011111101111100
11100111110111111011011111111111101111111111111111011110111011101110111111111111101111011101110110011110111111110011111111111100
11100111110111111011011111111111101111111111111111011110111011101110111111111111101111011101110110011110111111110011111111111100
11100111110111111011011111111111101111111111111111011110111011101110111111111111101111011101110110011110111111110011111111111100
11100111110111111011011111111111101111111111111111011110111011101110111111111111101111011101110110011110111111110011111111111100
11100111110111111011011111111111101111111111111111011110111011101110111111111111101111011101110110011110111111110011111111111100
11100111110111111011111111111111101111111111111111011110111011101110111111111111101111011101110110011110111111110011111111111100
11110111110111111011111111111111101111111111111111011110111011101110111111111111101111011101110110011110111111110011111111111100
11110111110111111011111111111111101111111111111111011110111011101110111111111111101111011101110110011110111111110011111111111100
11110111110111111111111111111111101111111111111111011110111011101110111111111111101111011101110110011110111111110011111111111100
11110111110111111111111111111111101111111111111111011110111011101110111111111111101111011101110110011110111111110011111111111100
11110111110111111111111111111111101111111111111111011110111011101110111111111111101111011101110110011100111111110011111111111100
11111111110111111111111111111111101111111111111111011110111011101110111111111111101111011101110110011100111111110011111111111100
11101111110111111011111111111111101111111111111111011110111011101110111111111111101111011101110110011100111111110011111111111100
11101111110111111011111111111111101111111111111111011110111011101110111111111111101111011101110110011100111111110011111111111100
11101111110111111011111111111111101111111111111111011110111011101110111111111111101111011101110110011100111111110011111111111100
11101111110111111011111111111111101111111111111111011110111011101110111111111111101111011101110110011100111111110011111111111100
11101111110111111011111111111111101111111111111111011111111011101110111111111111101111011101110110011100111111110011111111111100
11101111111111111011111111111111101111111111111111011111111011101110111111111111101111011101110110011100111111110011111111111100
11101111111111111011111111111111101111111111111111011111111011101110111111111111101111011101110110011100111111110011111111111100
11101111111111111011111111111111101111111111111111011111111011101110111111111111101111011101110110011100111111110111111111111100
11101111111111111011111111111111101111111111111111011111111011101110111111111111101111011101110110011100111111110111111111111100
11101111111111111011011111111111101111111111111111011111111011101110111111111111101111011101110110011100111111110111111111111100
11101111111111111011011111111111101111111111111111011111111011101110111111111111101111011101110110011100111111110111111111111100
11101111111111111011011111111111101111111111111111011111111011101110111111111111101111011101110110011100111111110111111111111100
11101111111111111011011111111111101111111111111111011111011011101110111111111111101111011101110110011100111111100111111111111100
11101111111111111011011111111111101111111111111111011111011011101110111111111111101111011101110110011100111111100111111111111100
11101111111111111011011111111111101111111111111111011111011011101100111111111111101111001101110110011100111111100111111111111100
11101111111111111011011111111111101111111111111111011111011011101100111111111111101111101101110110011100111111100111111111111100
11101111111111111011011111111111101111111111111111011111011011101100111111111111101111101101110010011100111111100111111111111100
11101111111111111011011111111111101111111111111111011111011011100100111111111111101111101101110010011100111111000111111111111100
11111111111111111011011111111111101111111111111111011111011011100101111111111111101111101101110010011100111111000111111111111100
11111111111111111011011111111111101111111111111111011111011011100101111111111111101111101101110000011100111111000111111111111100
11111111111111111011011111111111101111111111111111011111011011100101111111111111101111101001110000011100111111000111111111111100
11111111111111111011011111111111111111111111111111011111011111110101111111111111101111101001110000111100111111000111111111111100
11111111111111111001011111111111111111111111111111011111011111110101111111111111101111100001110000111100111111000111111111111100
11111111111111111001011111111111111111111111111111011111010111110101111111111111101111100011110000111100111111000111111111111100
11111111111111111000111111111111111111111111111111111111000111110001111111111111101111100011110000111100111111000111111111111110
11111111111111111000111111111111111111111111111111111111000111110001111111111111101111100011110000111100111110000111111111111110
11111111111111111000111111111111111111111111111111111111000111110001111111111111101111100011111000111100111110001111111111111110
11111111111111111111111111111111111111111111111111111111000111110001111111111111111111100011111000111101111110001111111111111110
11111111111111111111111111111111111111111111111111111111000111110001111111111111111111100011111000111101111110001111111111111110
11111111111111111111111111111111111111111111111111111111000111111001111111111111111111100011111000111101111110001111111111111110
11111111111111111111111111111111111111111111111111111111101111111001111111111111111111100111111000111111111110001111111111111110
11111111111111111111111111111111111111111111111111111111101111111001111111111111111111100111111000111111111110001111111111111110
11111111111111111111111111111111111111111111111111111111111111111111111111111111111111110111111000111111111111001111111111111110
11111111111111111111111111111111111111111111111111111111111111111111111111111111111111110111111000111111111111001111111111111110
11111111111111111111111111111111111111111111111111111111111111111111111111111111111111110111111001111111111111011111111111111111
11111111111111111111111111111111111111111111111111111111111111111111111111111111111111111111111001111111111111011111111111111111
11111111111111111111111111111111111111111111111111111111111111111111111111111111111111111111111001111111111111011111111111111111
11111111111111111111111111111111111111111111111111111111111111111111111111111111111111111111111101111111111111111111111111111111
11111111111111111111111111111111111111111111111111111111111111111111111111111111111111111111111111111111111111111111111111111111
11111111111111111111111111111111111111111111111111111111111111111111111111111111111111111111111111111111111111111111111111111111
11111111111111111111111111111111111111111111111111111111111111111111111111111111111111111111111111111111111111111111111111111111
11111111111111111111111111111111111111111111111111111111111111111111111111111111111111111111111111111111111111111111111111111111