11111111111111111111111111111111111111111111111111111111111111111111111111111111111111111111111111111101111101111111111111111001
11111111111111111111111111111111111111111111111111111111111111111111111111111111111111111111111111111101111101111111111111111001
11111111111111111111111111111111111111111111111111111111111111111111111101111111111111111111111101111001111001111101111111111001
11111111111111111111111111111110111100011110111111111100111111111100111100111101111111111111111001111001111001111101111111111001
11111111111111111111111111111110111100011110111111111100111111111100111100111101111111111111111001111001111001111101111111111001
11111111111111111111111111111110111100011110111111111100011111111100111100111101111000111111111000111001111001111101111111111000
11111111111111111111111111111110011100011110111111111100011111111100111100111100111000111111111000111000111001111101111111111000
11111111111111111111111111111110011100011110111111111100011111111100111100111100111000111111111000111000111001111101111111111000
11111111111111111111111111111110011100011100011111111100011111111100111000111100111000111111111000111000111000111101111111111000
11111111111111111111111111111100011100011100011111111100011111111100111000111000111000111111111000111000111000111001111111111000
11111111111111111111111111111100011100011100011111111100011111111100111000111000111000111111111000111000111000111001111111111000
11111111111111111111111111111100011100001100011111111000011111111100111000111000111000111111111000111000111000111001111111111000
11111111111111111111111111111100011100001100011111111000011111111000111000111000111000111111111000111000111000111001111111110000
11111111111111111111111111111100011100001100011111111000011111111000111000111000111000111111111000111000111000111001111111110000
11111110011110111111111111111100011100001100011111111000011111111000111000111000111000111111111000111000111000111001111111110000
10011110011100011101111111111100011100001100011111111000011111111000111000011000111000111111111000110000110000111001111111110000
10011110011100011101111111111100011100001100011111111000011111111000111000011000111000111111111000110000110000111001111111110000
10011110011100011101101111111100011100001100011111111000011111111000111000011000111000111111111000110000110000111001111111110000
10011110011100011101101111111100011100001100011111111000011111111000111000011000111000111111111000110000110000111001111111110000
10011110011100011101101111111100011100001100011111111000011111111000111000011000111000111111111000110000110000111001111111110000
10011110011100011101101111111100001100001100011111111000011111111000111000011000111000111111111000110000110000111001111111110000
10011110011100011101101111111100001100001100011111111000011111111000111000011000011000111111111000110000110000111001111111110000
10011110011100011101101111111100001100001100011111111100011111111000111000011000011000111111111000110000110000111001111111110000
10011110011100011101101111111100001100001100011111111100011111111000111000011000011000111111111000110000110000111001111111110001
10011110011100011101101111111100001100001100011111111100011111111000111000011000011000111111111000110000110000111001111111110001
10011110011100011101101111111100001110001100011111111100011111111000111000011000011000111111111000110000110000111001111111110001
10011100011100001101101111111100001110001100011111111110011111111000111000011000011000111111111001110000010000111001111111110011
10011100011100001101101111111100001110001100011111111110011111111000111000011000011000111111111001110000010000111001111111110011
10011100011100001101101111111100001110001100011111111110011111111001111000011000011000111111111001110000010000111001111111110011
10011100011100001100101111111101001110001100011111111110011111111001111010011010011100111111111001110010010000111001111111110011
10011100011100001100101111111101001110001100011111111110011111111001111010011010011100111111111001110010010000111001111111110011
10011100011100001100101111111101001110001100011111111110011111111001111010011010011100111111111001110010010000111001111111110011
10011100001100001100101111111101001110011100011111111110011111111001111010011010011100111111111001110010010000111001111111110011
10011100001100001100101111111101001111011100011111111110011111111001111010011010011100111111111001110010010000111001111111110011
10011100001101001100101111111101001111011100011111111110011111111001111011011010011100111111111001110010010000111001111111110011
10011100011101001100101111111101001111011100011111111110011111111001111011011010011100111111111001110010010000111001111111110011
10011100011101001100101111111101001111011100011111111110011111111001111011011010011100111111111001110010010000111001111111110011
10011100111101001100101111111101001111011100011111111110011111111001111011011010011100111111111001110010010000111001111111110011
10011100111101001100101111111101001111011100011111111110011111111001111011011010011100111111111001110010010000111001111111110011
10011100111101001100101111111001001111011100011111111110011111111001111011011010011100111111111001110010010000111001111111110001
11011100111101001100101111111001001111011100011111111110011111111001111011011010011100111111111001110010010000111001111111110001
11011100111101001100101111111001001111011100011111111110011111111001111011011010011100111111111001110010010000111001111111110001
11011100111101001100101111111001001110011100011111111110011111111001111011011010011100111111111001110010010000111001111111110001
11111100111101001100101111111001001110011100011111111110011111111001111011011010011100111111111001110010010000111101111111110001
11111100111101101100101111111001001110011100011111111110011111111001111011011011011100111111111001110010010000111101111111110001
11111100111101101100101111111001001110011100011111111110011111111000111011011011011100111111111001110010010000111101111111110001
11111100111101101100101111111001001110011100011111111110011111111000111011011011011100111111111001110010010000111101111111110001
11111100111101101100101111111001001110011100011111111110011111111000111011011010011100111111111000110010011000111101111111110001
11111100111101101100101111111001001110011100011111111110011111111000111011011010011100111111111000110010011000111101111000110001
11111100111101101100101111111001001110011100011111111110011111111000111011011010011100111111111000110010011000111101111000110001
11111100111101001100001111111001001110011100011100111110111100111000111011011010011100111111111000110010011000111101110000110001
11111100111101001100001111111001001110011100011100011110111100111000111011011010011100111111111000110010011000111101110000110001
11111100111101001100001111111101001110011100011100011110111100111000111011011010011100111111111000110010011000111101110000111001
11111100111101001100001111111101001110011100011100011110111000011000111011011010011100111000111000110000011000111101110000111000
11111100111101001100001111111101001110011100011100011110111000011000111011011010011100111000111000110000011000111101110000111000
11111100111101001100001111111101001110011100011100011110111000011000111011011010011100111000111000110000011000111101110000111000
11111100111101001100001111111101001110011100011100011110111000011000111011011010011100111000111000110000011000111101110000111000
11111100111100001100001111111100001110011100011100011110111000011000111011011010011100111000111000110000011000111101110000111000
11111100111100001100001111111100001110011100011100011110111000011000111011011010011100111000111000110000011000111101110000111000
11111100111100001100001111111100001110011100011100011110111000011100111011011000011100111000111000110000011000111101110000111000
11111100111100001100001111111100001110011100011000011100111000011100111011011000011100110000111000110000011000111101110000111000
11111110111100001100001111111100001110111100011000011100111000011100111011011000011100110000111000110000010000111101110000111000
11111110011100001100001111111100001110111100011000011100111000011100011011011000011100110000111000110000010000111101110000111100
11111110011100001100001111111100001110111100011000011100111000011100011011011000011100110000111000110000010000111101110000111100
11111110011100001100001111111100001110111100011000011100111000011110011011011000011100111000111000110000010000111101110000111100
11111110011100001100001111111100001110111100011000011100111000011110011011011000011100111000111000110000010000111101110000111100
11111110011100001100001111111100001110111100011000011100111000011110011011011000011100111000111100110000010000111101110000111100
11111110011100001100001111111100001110111100011000011100111000011110011011011000011100011000111100110000010000111101110000111100
11111110011100001100001111111100001110111100011000011100111000011110011011011000011100011000111100110000010000111101110000111100
11111110011100001100001111111100001110111100011000011100111000011110011011011000011100011000111110111000010000111101110000111100
11111110011100001100001111111100001110111100011100011100111000011110011011011000011100011000111110111000010000111101110000111100
11111110011100001100001111111100001110111100011100011100111000011110011011011000011110011000111110111000110000111101111000111100
11111110011100001100001111111100001110111100011100011100111000011110011011011000011110011000111110111000110000111101111000111110
11111110011100001100001111111100001110111000011100011100111000011110011011011000011110011000111110111000110000111101111000111110
11111110011100001100001111111100001110111000011100011100111100011110011011011000011110011000111110111000110000111101111011111110
11111111011101001100001111111100001100111000011100011100111100111110011011011000111110011000111110111000110000111101111111111110
11111111011101001100001111111100001100111000011100011100111100111110011011011000111110011000111110111000110000111101111111111110
11111111011101001100001111111100011100111000011110111100111111111110011011011100111110011111111110111000110010111101111111111110
11111111001101001100001111111110011100111001011111111100111111111110011011011100111110011111111110111000110010111101111111111110
11111111001101001100001111111110011100111001001111111100111111111110011011011100111110011111111110111000110010111101111111111110
11111111001101001100001111111110011100111001001111111100111111111110011011011100111110011111111110111000110010111101111111111110
11111111001101101100001111111110011100111001001111111100111111111110011011011100111110011111111110111000110010111101111111111110
11111111001101101100001111111110011100111001001111111100111111111110011011011100111110011111111110111000110010111101111111111110
11111111001101101100001111111110011100111001001111111101111111111110011011011100111110011111111110111100110010111101111111111110
11111111001101101100001111111110011100111001001111111101111111111110011011011100111110011111111110111100110010111101111111111110
11111111001101101100001111111110011100111001001111111101111111111110011011011100111110011111111110111100110010111101111111111110
11111111001101101101001111111110011100111001001111111101111111111110011011011100111110011111111110111100110010111101111111111110
11111111001101101101001111111110011100111001001111111101111111111110011011011100111110011111111110111100110010111101111111111100
11111111001101101101001111111110011100111001001111111101111111111110011011011100111110011111111110111100110010111101111111111100
11111111001101101101001111111110011100111001001111111101111111111110011011011100111110011111111110111100110010111101111111111100
11111111001101101101001111111110011100111001001111111101111111111110011011011100111110011111111110111100110010111101111111111100
10111111001101101101001111111110011100111001001111111101111111111110011011011100111110011111111100111100110010111101111111111100
10111111001101101101001111111110011100111001001111111101111111111110011011011100111110011111111100111100110010111101111111111100
10011111001101101101001111111110011100111001001111111101111111111110011010011100111110011111111100111100110010111101111111111100
10011101001101101101001111111110011100111001001111111101111111111110011010011100111110011111111100111100110010111101111111111100
10011101001101101101001111111110011100111001001111111101111111111110011010011100111110011111111100111100110010111101111111111100
10011101001101101101001111111110011100111001001111111101111111111110011010011100111110011111111100111100110010011101111111111100
10011101001101001101001111111110011100111001001111111101111111111110011010011100111110011111111100111100110010011101111111111100
10011101001101001101001111111110011100111001001111111101111111111110011010011100111110011111111100111100110010111101111111111100
10011100001101001101001111111110011100111001001111111101111111111110011010011100111110011111111100111100110000111101111111111100
10011100001101001101001111111110011100111001001111111101111111111100011000011100111110011111111000111000110000111101111111111000
10011100001101001101001111111110011100111001001111111101111111111100011000011100111110111111111000111001110000111101111111111000
10011100001101001101001111111110011100111000001111111101111111111100011000011100111000111111111000111001110000111101111111111000
10011100001100001101001111111110011100111000001111111101111111111100011000011100111000111111111000111001110000111101111111111000
10011100001100001101001111111110111100111000011111111101111111111100111000011101111000111111111000111001110000111101111111111000
10011100001100001101001111111110111100111000011111111101111111111100111000011101111000111111111000111001110000111101111111111001
10011100001100001101001111111110111100111000011111111101111111111100111000011101111000111111111000111001110000111101111111111001
10011100001100001101001111111110111100111100011111111101111111111100111000011101111000111111111000111001110000111101111111111001
10011100011100001101001111111110111100111100011111111101111111111100111000011101111000111111111000111001110000111101111111111001
10011100011100001101001111111110111100111100011111111101111111111100111000011101111000111111111000111001110000111101111111111001
10011100011100001101001111111110111100111100011111111101111111111000111000011101111000111111111000111001110000111101111111111001
10011100011100001101001111111110111100111100011111111101111111111000111000011101111000111111111000111001110000111101111111110001
10011100011100001101001111111110111100111100011111111101111111111000111000011101111000111111111000111001110000111101111111110001
10011100011100011101001111111110111100111100011111111101111111111000111000011101111000111111111000111001111000111101111111110001
10011110011100011101001111111110111101111100011111111101111111111000111000111101111000111111111001111001111000111101111111110001
10011110011100011101001111111110111101111100011111111101111111111000111000111101111000111111111001111001111000111101111111110001
10011110011100011101001111111110111101111100011111111101111111111000111000111101111000111111111001111001111000111101111111110001
10011110011100011101001111111110111101111100011111111101111111111000111000111101111000111111111001111001111000111101111111111011
10011110011100011101001111111110111101111100011111111101111111111000111000111101111000111111111001111001111000111101111111111011
10011110011100011101101111111110111111111100011111111101111111111000111000111101111000111111111001111011111000111111111111111011
11111110011110011111101111111110111111111100011111111101111111111101111100111101111000111111111001111011111001111111111111111011
11111110011110011111101111111110111111111100011111111101111111111101111100111101111000111111111001111011111001111111111111111011
11111110011111111111111111111111111111111100011111111111111111111101111100111111111001111111111001111111111001111111111111111111
11111110111111111111111111111111111111111100111111111111111111111101111100111111111001111111111001111111111001111111111111111111
11111110111111111111111111111111111111111100111111111111111111111101111100111111111001111111111001111111111001111111111111111111
11111111111111111111111111111111111111111110111111111111111111111111111101111111111101111111111011111111111001111111111111111111
11111111111111111111111111111111111111111110111111111111111111111111111111111111111111111111111111111111111101111111111111111111
11111111111111111111111111111111111111111110111111111111111111111111111111111111111111111111111111111111111101111111111111111111