11111111111111111111111111111111111111111111111111111111111111111111111111111111111111111111111111111111111111011111111111111111
11111111111111111111111111111111111111111111111111111111111111111111111111111111111111111111111111111111111111011111111111111111
11111111111111111111111111111111111111111111111111111111111111111111111111111100111111111111111111111100011111001111111111111111
11111111111111111111111111111111111111111111111111111111111111111111111111111100111111111111111111111100011111001111111111111111
11111111111111111111111111111111111111111111111001111110011110010111111111111100111111111111100011110000011110001111111111111111
11111111111111111011111111111111000111111111111001111100011110000011111111111100111111111111100011110000011110001111111111111101
11111111111111111011111111111111000111111111111001111100011110000011111111111100111111111111100011110000011110001111111111111101
11111111111111111011111111111110000111111111111001111100011110000011111011111000111111111111100011110000011110001111111111111101
11111111110011110001111111111110000111111111111000111100011110000011111011111000011111111111100011110000011110001111111111111100
11111111110011110001111111111110000111111111111000111100011110000011111011111000011111111111100011110000011110001111111111111100
11111111100011110001111111111110000111111111110000111100001110000011111011111000011111111111100011110000011100001111111111111100
11001111100011110001111111111110000111111111110000111100001110000011111011111000011111111111100011110000011100001111111111111100
11001111100011110001111111111110000111111111110000111100001110000011111011111000011111111111100011110000011100001111111111111100
11001111100011110001111111111110000111111111110000111100001110000011111011111000011111111111100011110000011100001111111111111100
11001111100011110001111111111110000111111111110000111000001110000011111011111000011111111111100011110000011100000111111111111000
11001111100011110001111111111110000111111111110000111000001110000011111011111000011111111111100011110000011100000111111111111000
11001111110011110001111111111110000111111111110000111000001110000011111011111000011111111111000011110000011100000111111111111000
11001111110011110001111111111110000111111111110000111000001110000011111011111000011111111111000011110000011100000111111111111000
11101111110011110001111111111110000111111111110000111001001110000011111011111000011111111111000011110000011100000111111111111000
11101111110011110001111111111111000111111111110000111001001111100011111011111000011111111111000011111110011100100111111111111000
11101111110011110000111111111111000111111111110000111001001111100011110011111000011111111111000011111110011100100111111111111000
11101111110011110000111111111111100111111111110000111001001111110011110011111010011111111111000111111110011101100111111111111000
11111111110011110100111111111111100111111111110110111001001111110011110011110011011111111111001111111110011101100111111111111000
11111111110011110100111111111111100111111111110110111001001111110011110011110011011111111111001111111110011101100111111111111000
11111111111011110100111111111111100111111111110110111011101111110011110011110011011111111111001111111110011101100111111111111000
11111111111011110100111111111111100111111111110110111011101111110011110011110011011111111111001111111110011111100111111111111000
11111111111011110100111111111111100111111111110110111011101111110011110011110011011111111111001111111110011111100111111111110000
11111111111011110100111111111111100111111111110110111011101111110011110011110011011111111111001111111110011111100111111111110000
11111111111011100100111111111111100111111111110110111011101111110011110011110011011111111111001111111110011111100111111111110000
11111111111011100100111111111111100111111111110110111011101111110011110011110011011111111111001111111110011111100111111111110000
11111111111011100100111111111111100111111111110110111011101111110011110111110011011111111111001111111110011111100111111111110000
11110111111011100100111111111111100111111111110110111011101111110011110111110011001111111111001111111110011111100111111111110000
11110111111011100100111111111111100111111111110110111011101111110011110111110011001111111111001111111110011111100111111111110000
11110111111011110100111111111111100111111111110110111011101111110011110111110011001111111111001111111110011111100111111111110000
11110111111011110100111111111111100111111111110110111011101111110011110111110011001111111111001111111110011111100111111111110000
11110111111011110100111111111111100111111111110110111011101111110111110111110011001111111111001111111110011111100111111111110000
11110111111011110100111111111111100111111111110110111011101111110111110111110011001111111111001111111110011111100111111111110000
11110111111011110100111111111111100111111111110110111011101111110111110111110011001111111111001111111110011111100111111111110000
11110111111011110100111111111111100111111111110110111011101111110111110111110011001111111111001111111110011111100111111111110000
11110111111011110100111111111111100111111111110110111011101111110111110111110011001111111111001111111110011111100111111111110000
11110111111011110100111111111111100111111111110010111011101111110111100111110011001111111111001111111110011111100111111111110000
11110111111011110101111111111111101111111111110010111011101111110111100111110011001111111111001111111110011111100111111111110100
11110111110111110101111111111111101111111111110000111011101111100111100011110011001111111111001111111110111111100111111111111100
11110111110111110001111111111111101111111111110000111011101111100111100011110011001111111111001111111100111111100111111111111100
11110111110111110001111111111111101111111111110000111011101111100111100011110011001111111111001111111100111111100111111111111100
11110111110111110001111111111111101111111111110000111011101111100111100011110011001111111111000111111100111111100111111111111100
11110111110111110001111111111111101111111111110000111011101111100111100011110011001111111111000111111100111111100111111111111100
11110111110111110001111111111111101111111111110000111011101111100111100011110011001111111111000111111100111111100111111111111100
11110111110111110001111111111111101111111111110000111011101111100111100011110011001111111111000011111100111111100111111111111100
11110111110111110001111111111111101111111111110000111011101111100111100011110011001111111111000011111100111111100111111111111100
11110111110111110001111111111111101111111111110000111011101111100111100011110011001111111111000011111100111111100111111111111100
11110111110111110001111111111111001111111111110000111011101111100111100011110011001111111111000011111100111111100111111111111100
11110111110111110001111111111111001111111111110000111011101111100111100001110011001110001111000011111100111111100111000011111100
11110111110111110001111111111111001111111111110000111011101111101111100001110011001110001111000011111100111111100111000011111100
11110111110111110001111110011111011111000011110000111011101111101111100001110011001100000111000011111100111111100111000001111100
11110111110111110001111000011111011111000011110000111011101111101111100001110011001100000111000011111100111111000111000001111100
11110111110111110001111000011111011111000011110000111011101111101111100001110011001100000111000011111100111111000111000001111100
11110111110111110001111000011111011111000011110000111011101111101111100001110011011100000111100011111101111111001111000001111100
11110111110111110001111000011111011111000011110000111011101111101111100001110011011100000111100011111101111111001111000001111100
11110111111111110001111000011111011111000011110000111011101111101111100001110011011100000111100011111101111111001111000001111100
11110111111111110001111000011111011111000011110000111011101111101111100001110011011100000111110011111101111111001111000001111100
11100111111111110001111000011111011111000001110000111011101111101111100001110010011100000111110011111101111111001111000001111100
11100111111111110001111000011111011111000001110000111011101111101111100001111010011100000111110011111101111111001111000001111100
11100111111111110001111000011111011111000001110000111011101111101111100001111000011100000111110011111101111111001111000001111100
10100111111111110001111000011111011111000001110000111011101111001111100001111000011100000111111001111101111110001111000001111100
10101111111111110001111000011111011111000001110000111011101111001111100001111000011100000111111001111101111110001111000001111100
10101111111111110001111000011111011111000001110000111011101111001111100001111000011100000111111001111001111110001111000001111100
10001111111111110001111000011111011111000001110000111011101111001111101101111000011100000111111001111001111110001111000001111100
10001111111111110001111000011111011111000001110000111011101111001111101100111000011100000111111001111001111110001111000001111100
10001111111111110000111000011111011111000001110000111011101111001111001100111000011100000111111001111001111110001111000001111100
11001111111111110000111000011111011111000011110000111011101111001111001100111000011100000111111001111001111110001111000001111100
11001111111111110000111100011111011111000011110000111011101111001111001100111000011100000111111001111001111110011111000001111100
11001111111111110000111100011111011111000011110000111011101111001111001100111000011100000111111001111001111110011111000001111100
11001111111111110100111101011111011111100011110100111011101111001111001100111000011110000111111001111001111110011111000001111100
11001111111111110100111111111111011111111111110110111011101111011111001100111000011111101111111001111001111110011111100001111100
11001111111111100100111111111111011111111111110110111011101111011111001100111000011111101111111001111001111110011111100001111100
11001111111111100100111111111111011111111111110110111011101111011111001100111000011111111111111001111001111110011111111111111100
11001111111111100100111111111111011111111111110110111011101111011111001100111100011111111111111001111001111110011111111111111100
11001111101111100100111111111111011111111111110110111011101111011111001100111100011111111111111001111001111110011111111111111100
11001111101111101100111111111111011111111111110110111011101111011111001100111100011111111111111001111001111110011111111111111100
11001111101111101110111111111111011111111111110110111011101111011111001100111100011111111111111001111001111100011111111111111100
11001111101111101110111111111110011111111111100110111011101111011111001100111100011111111111111001111001111100011111111111111100
11001111101111101110111111111110011111111111100110111011101111011111001100111100011111111111111001111011111100111111111111111100
11001111101111101110111111111110011111111111100110111011101111011111001100111100011111111111111001111011111100111111111111111100
11001111101111101110111111111110011111111111100110011011101111011111001100111100011111111111111001111011111100111111111111111100
11001111111111101110111111111110111111111111100110011011101111011111001100111100011111111111111001111011111100111111111111111100
11001111111111101110111111111110111111111111100110011011101111011111001100111100011111111111111001111011111100111111111111111100
11001111111111101110111111111110111111111111100110011011101111011111001100111100011111111111111001111011111100111111111111111100
11001111111111101110111111111110111111111111100110011011101111011111001100111100011111111111111001111011111100111111111111111100
11111111111111101110111111111110111111111111100110011011101111011111001100111100111111111111111001111011111100111111111111111100
11111111111111101110111111111110111111111111100110011011101111011111001100111100111111111111111001111011111100111111111111111100
11111111111111101110111111111110111111111111100110011011101111011111001100111100111111111111111001111011111100111111111111111100
11111111111111101110111111111110111111111111100110011011101111011111001100111100111111111111111001111011111100111111111111111100
11111111111111101110111111111110111111111111100110011011101111011111001100111100111111111111111001111011111100111111111111111100
11111111111111101110111111111110111111111111100110011011101111011111001100111100111111111111111001111011111100111111111111111100
11111111111111101110111111111110111111111111100110011011101111011111001100111100111111111111111001111011111100111111111111111100
11111111111111101110111111111110111111111111100110011011101111011111001100111100111111111111111001111011111100111111111111111100
11111111111111101110111111111110111111111111100110011011101111011111001100111100111111111111111001111011111100111111111111111100
11111111111111101110111111111110111111111111100110011011101111011111001100111100111111111111111001111011111100111111111111111100
11111111111111101110111111111110111111111111100110011011101111011111001100111100111111111111111001111011111100111111111111111100
11111111111111100110111111111110111111111111100110011011101111011111001100111100111111111111111001111011111100111111111111111100
11111111111111100110111111111110111111111111100110011011101111011111001100111100111111111111111001111011111100111111111111111100
11111111111111100110111111111110111111111111100110011011101111011111001100111100111111111111111001111011111100111111111111111100
11111111111111100110111111111110111111111111100110011001101111011111001100111100111111111111111001111011111100111111111111111100
11111111111111100100111111111110111111111111100110011001101111011111001100111100111111111111111001111011111100111111111111111100
11111111111111100100111111111110111111111111100110111001101111011111101100111100111111111111111011111011111100111111111111111100
11111111111111100100111111111110111111111111110110111001001111011111101101111100111111111111110011111011111100111111111111111100
11111111111111100100111111111110111111111111110110111001001111011111101001111100111111111111110011111011111100001111111111111100
11111111111111100100111111111110111111111111110110111001001111011111101001111101111111111111110011111011111100001111111111111101
11111111111111100000111111111110111111111111110000111001001111011111100001111101111111111111100011111011111100001111111111111101
11111111111111100000111111111110111111111111110000111000001111011111100001111101111111111111100011111011111100001111111111111101
11111111111111100000111111111110111111111111110000111000001111011111100001111101111111111111100011111011111100001111111111111101
11111111111111110000111111111110111111111111110000111000001111011111100001111101111111111111100011111011111100001111111111111101
11111111111111110000111111111110111111111111110000111000001111011111100001111101111111111111000011111011111100001111111111111101
11111111111111110001111111111110111111111111110000111000001111011111100001111101111111111111000011111011111100001111111111111101
11111111111111110001111111111110111111111111110000111000001111011111100001111101111111111111000011111011111100001111111111111101
11111111111111110001111111111110111111111111110000111000001111011111100001111101111111111111000011111011111100001111111111111101
11111111111111110001111111111110111111111111110000111100011111011111100001111101111111111111000011111011111100001111111111111101
11111111111111110001111111111111111111111111110000111100011111011111100001111101111111111111000011111011111100001111111111111101
11111111111111110001111111111111111111111111110000111100011111011111100001111101111111111111000011111011111100001111111111111101
11111111111111110001111111111111111111111111110000111100011111011111100001111101111111111111000111111011111100001111111111111101
11111111111111110001111111111111111111111111111001111100011111011111110011111111111111111111000111111011111100001111111111111101
11111111111111110001111111111111111111111111111001111100011111011111110011111111111111111111000111111011111100001111111111111101
11111111111111111111111111111111111111111111111001111100011111011111110011111111111111111111000111111011111100001111111111111101
11111111111111111111111111111111111111111111111011111100111111111111110011111111111111111111101111111011111100001111111111111101
11111111111111111111111111111111111111111111111011111100111111111111110011111111111111111111101111111011111100001111111111111101
11111111111111111111111111111111111111111111111111111110111111111111110011111111111111111111101111111111111101101111111111111101
11111111111111111111111111111111111111111111111111111110111111111111110011111111111111111111101111111111111101101111111111111101