11111111011111111111111111111111111111111111111111111111111111111111111111111111111111111111111111111111111111111111111111100001
11111111011111111111111111111111111111111111111111111111111111111111111111111111111111111111111111111111111111111111111111100001
11111110001111100111111111111111111111111111111111111111111111111111111111111111111111111111111111111111111111100111111111100001
11111110001111100111111111111111111111111111111111111111111111111111111111111111111111111111111111111111111111100111111111100001
11111110001111100001111101111111111111111111111111111111111111111111111111111111111111111111111110111110001111100111111111100001
10111110001111100001111101111111111111111111111111111111111111111111001111110111111001111111111110111110001111000111111111100001
10111110001111100001111101111111111111111111111111111111111111111111001111110111111001111111111110111110001111000111111111100001
10111110001111100000111101111011111111100111111111110011111100111111001111100111110001111111111110111110001111000111111111100001
10111110001111100000111101111011111111100111111111110011111100111111001111100111110001111111111110111110001111000111111111100001
10111100000111100000111101111011111111000001111111110011111000111110001111100111110001111111111110111100000111000011111111100001
10111100000111100000111101111011111111000001111111110011111000111110001111100011110001111111111110111100000111000011111111000001
10111100000111100000111101111011111111000001111111110011111000111110001111100011110001111111111110111100000111000011111111000001
10111100000111000000111100111011111111000001111111100001111000111110000111000011110001111111111110111100000111000011111111000001
10111100000111000000111100111011111111000001111111100001111000111110000111000011110001111111111110111100000111000011111111000001
10111100000111000000111100111001111111000001111111100001111000111110000111000011110000111111111110111100000111000011111111000001
10111100000111000000111000111001111111000001111111100001111000011110000111000011110000111111111100111100000111000011111111000001
10111100000111000000111000111001111111000001111111100001111000011110000111000011110000111111111100111100000111000011111111000001
10111100000111000000111000111001111111000001111111100001111000011110000111000011100000111111111100111100000111000011111111000001
10111100000111000000111000111001111111000001111111100001111000011110000111000011100000111111111100111100000111000011111111000001
10111100100111000000011000111001111111000001111111100001111000011110000111000011100000111111111100111100000111000011111111000001
10111100100111000000011000111001111111000001111111100001110000011100000111000011100000111111111100111100000111000011111111000001
10111101100111000000011000111001111111000001111111100001110000011100000111000011100000111111111100111100001111000011111111000001
10111101100111001100011000111001111111000001111111100001110000011100000111000011100000111111111100111100001110000001111111000011
10111101100111001100011000111001111111000001111111100001110000011100000111000011100000111111111100111100001110000001111111000011
10111101110111001110011000111001111111000001111111100001110000011100000111000011100000111111111100111100001110011001111111001111
10111101110111001110011000111001111111000001111111100001110000011100000110000011100000111111111100111100001110011001111111001111
10111001110111001110011000111001111111000001111111100001110000011100100110000011100100111111111100111100111110011001111111001111
10111001110111001110011000111001111111100001111111100000110010011100100110011001100100111111111100111100111110011001111111001111
10111001110111001110011000111001111111100001111111100000110010011100100110011001100100111111111100011100111110011001111111001111
10111001110111001110011000111001111111110001111111101100110010011100100110011001100110111111111100011101111110011001111111001111
10111001110111001110011000111001111111110001111111101100110010011100110110011001100110111111111100011101111110011001111111001111
10111001110111001110011000111001111111111001111111101100110010011100110110011001100110111111111100011101111110011001111111001111
10111001110111001110011000111001111111111001111111001100110011011100110110011001100110111111111100011101111110011001111111001111
10111001110111001110011000111001111111111001111111001100110011011100110110011001100110111111111100011101111110011001111111001111
10111001110111001110011000111001111111111001111111001100110011011100110110011001100110111111111100011101111110011001111111001111
10111001110111001110011000011001111111111001111111001100110011011100110110011001100110111111111100011101111110011001111111001111
10111001110111001110011000011001111111111001111111001100110011011100110110011001100110111111111100011101111110011001111111001111
10111001111111001110011000011001111111111001111111001100110011011100110110011001100110011111111000011101111110011001111111001111
10111001111111001110011000011001111111111001111111001100110011011100110110011001100110011111111000011101111110011001111111000111
10111001111111001110011000011001111111111011111111001100110011011100110110011001100110011111111000011101111110011001111111000111
10111001111111001110011000011001111111111011111111001100110011001100110110011001100110011111111000011100111110011001111111000011
10111001111111001110011000011001111111111011111111001100110111001100111110011001101110011111111000011100111110011001111111000011
10111001111111001110011000011001111111111011111111001100110111001100111110011001101110011111111000011100011110011001111111000011
10111001111111001110011000011001111111111011111111001100110111001100111110011001101110011111111000011100011110011001111111000011
10111001111111001110011000011001111111111011111111001100110111001100111110011001101110011111111000011100011110011001111111000011
10111001111111001110011000011001111111110011111111001100110111001100111110011001101110011111111000011100001110011001111111000001
10111001111111001110011000011001111111110011111111001100110111001100001110011001101110011111111000011100001110011001111111000001
10111001111111001110011000011001111111110011111111001100110111001100001110011001101110011111111000011100001110011001111111000001
10111000111111001100011000011001111111110011111111001100110111001100001110011001101110011111111000011100001110011001111111000001
10111100111111001100011000011001111111110011111111001100110111001100001110011001101110011111111000011100001110011001111111000001
10111100111111000100011000011001111111110011111111000000110111001100001110011001101110011111111000011100001110011001111111000001
10111100011111000000011000011001111111110011111111000000110111001100001110011001101110011111111000011100001110011001111111000001
10111100011111000000111001011001111111110011111111100001110111001100001110011001101110011111111000011100001110111001111111000001
10111100011111000000111001011001111111110011111111100001110111001100001110011001100110011111111000011100000110111001111111000001
10111100011111000000111001011001111111110011111111100001110111001100001110011001100110011111111000011100000110111001111111000001
10111100001111000000111001011001111111110011111111100001110111001100000110011001100110011111110010011100000110111001111111000001
10111100001111000000111001001001111111110011111111100001110111001100000110011001100110011111110010011100000110111001111111000001
10111100001111000000111001001001111111110011111111100001110111001100000110011001100110011111110010011100000110111001111111000001
10111100001111000000111001001001111111110011111111100001110111001100000110011001100110011111110010011100000110111001111111000001
10111100001111000000111001001001111111110111111111100001110111001100000110011001100110011111110010011100000110111001111111000001
10111100000111000000111001001001111111110111111111100001110111001100000110011001100110011111110010011100000110111001110111001001
10111100000111000000111001001001111111110111111111100001110111001100000110011001100100011111110010011100000110111001100111001001
10111100000111000000111001001001111111110111111111100001110111001100000110011001100100011111110010011100000110111001100111001001
10111100000111000000111001001001111111110111111111100001110111001100000110010001100100011101110010011100000110111001100011001000
10111100000111000000011001001001111111110111111111100001110111001100000110000001100000011001110010011101100110111001100011001100
10111100000111000000011001001001111111110111111111100001110111001100000110000001100000011001110010011101100110111001100011001100
10111100000111000000011001001001111111110111111011100001110111001000000110000001100000011001110010011101100110111001100011001100
10111110000111000000011001001001111111110111111011100001110111001000100110000001100000011001110010011101100110111001100011011100
10111110000111000000011001001001111111110111110011100000110111001000100111000001100000011001110010011101100110011001100011111100
10111110000111000000011001000001111111100111110011100000110111001000100111000001100000011001110010011101100110011001100011111100
10111111000111000100011001000001111111100111110011100000110111001000100111000001100000011001110010011101100110011001100011111100
10111111000111000100011001000001111111100111100011100000110111001000100111000001100000011000110000011101100110011001100011111100
10111111000111001110011001100001111111100111100011100000110111001000110111000001100000011000110000011111100110011001100011111100
10111111100011001110011001100001111111100111100011100000110111001000110111000001110000011000110000011111100110011001100011111100
10111111100011001110011001100001111111100111100011000000110111001000110111000001110000011000110000011111100110011001100011111100
10111111100011001110011001100001111111100111100011001100110111001101110111000001110000011000110000011111100110011001100011111100
10111111100011001110011001100001111111100111100011001100110111001101110111000001110000011000110000011111100110011001100011111100
10111111100011001110011001100001111111100111100011001100110111001101110111000001110000011000110000011111110110011001100011111100
10111111100011001110011001100001111111100111100011001100110111001101110111000001110000011001110000011111110110011001100011111100
10111111100011001110011001100001111111100111100011001100110111001101110111000001110000011001110000011111110110011001100011111100
10111111110011001110011001100001111111100111100011001100110111001101110111000001110000011001110000011111110110011001100011111100
10111111110011001110011001100001111111100111100011001100110111001101110111000001110000011001110000011111110110011001100011111100
10111111110011001110011001100001111111100111100011001100110111001101110111000001110000011001110000011111110110011001100111111100
10111111110011001110011001100001111111100111100011001100110111001101110111100001110000011001110000001111110110011001111111111100
10111011110011001110011001100001111111100111100011001100110111001101110111100001110000011001110000001111110110011001111111011100
10111011110011001110011001100001111111100111110011001100110111001101110111100001111000011101110000001111110110011001111111011100
10111011110011001111011001100001111111100111111111001100110111001101110111111001111100011111110000001111110110011001111111011100
10111011110011001111011001100001111111100111111111001100110111001101110111111001111100011111110000001111100110011001111111011100
10111011110011001111011001100001111111100111111111001100110111001101110111111001111100011111110000001111100110011001111111011100
10111011110011001111011001100001111111100111111111001100110111001101110111111001111100011111110000001101100110011001111111011100
10111011110011001111011001100001111111101111111111001100110111001101110111111001111110011111110000001101100110011001111111011100
10111011110011001111011001100001111111101111111111001100110111001101110111111001111110011111110000011101100110011001111111011100
10111011110011001111011001100001111111101111111111001100110111001101110111111001111110011111110000011101100110011001111111001100
10111011110011001111011001100001111111101111111111001100110111011101110111111001111110111111110000011101100110011001111111001100
10111011110011001110011001100001111111101111111111001100110011011101110111011001101110111111110000011101100110011001111111001100
10111011110011001110011001110001111111101111111111001100110011011101110111011001101110111111110000011101100110011001111111001100
10111011110011001110011001110001111111101111111111001100110011011101110111011001100110111111111100011101100110011001111111001000
10111001110011001110011001110001111111101111111111001100110011011100110111011001100110111111111100011101100110011001111111001000
10111001110011001110011001110001111111101111111111001100110011011100110111011001100110111111111110011101100110011001111111001000
10111001110011001110011001110001111111101111111111001100110011011100110111011001100100111111111110011100100110010001111111001000
10111001110011001110011001110001111111101111111111001100110011011100110111011001100100111111111110011100100111010001111111001000
10111001110011001110011001110001111111101111111111001100110011011100110111011001100100111111111110011100100111000011111111000000
10111001110011001110011001110001111111101111111111001100110010011100100111010001100100111111111110011100000111000011111111000000
10111001110011001110011001110001111111101111111111001100110010011100100111010011100100111111111110011100000111000011111111000001
10111001110011000000011001110001111111101111111111001100110010011100100111000011100000111111111110011100000111000011111111000001
10111001110111000000011001110001111111101111111111001100110010011100100111000011100000111111111110011100000111000011111111000001
10111001100111000000011001110001111111101111111111000100110010011100100111000011100000111111111110011100000111000011111111000001
10111001100111000000011001110001111111101111111111000000110000011100000111000011100000111111111110011100000111000011111111000001
10111101100111000000011001110001111111101111111111000000110000011100000111000011100000111111111110011100000111000011111111000001
10111101100111000000011001110001111111101111111111100000111000011100000111000011100000111111111110011100000111000011111111100001
10111100000111000000011001110001111111101111111111100000111000011100000111000011100000111111111110011100000111000011111111100001
10111100000111000000111001111011111111101111111111100001111000011100000111000011100000111111111110011100001111000011111111100001
10111100000111000000111001111011111111101111111111100001111000011100000111000011100000111111111110011100001111000011111111100001
10111100000111000000111101111011111111101111111111100001111000011100000111000011100000111111111110011100001111000011111111100001
10111100000111000000111101111011111111101111111111100001111000011110000111000011100000111111111110111100001111000011111111100001
10111100000111000000111101111011111111101111111111100001111000011110000111000011100000111111111110111100001111000011111111100001
10111100000111000000111101111011111111101111111111100001111000011110000111000011110001111111111110111100001111000111111111100011
10111100000111000000111101111011111111101111111111100001111000011110000111000011110001111111111110111100001111000111111111100011
10111100000111000000111101111011111111101111111111100001111000111110001111000011110001111111111110111110001111100111111111100011
10111100001111100000111111111011111111101111111111100001111000111110001111000011110001111111111110111110001111100111111111100011
10111100001111100000111111111011111111101111111111100001111000111110001111000011110001111111111110111110001111100111111111100011
10111110001111100001111111111011111111111111111111100001111000111110001111100111110001111111111111111110011111100111111111110111
10111110001111100001111111111011111111111111111111100001111000111110001111100111110001111111111111111110011111100111111111110111
10111110001111100001111111111011111111111111111111110001111100111110001111100111110001111111111111111110011111111111111111111111
11111110001111111011111111111111111111111111111111110011111100111111001111100111111011111111111111111111111111111111111111111111
11111110001111111011111111111111111111111111111111110011111100111111001111100111111011111111111111111111111111111111111111111111
11111111111111111111111111111111111111111111111111110011111111111111011111100111111111111111111111111111111111111111111111111111
11111111111111111111111111111111111111111111111111110011111111111111011111100111111111111111111111111111111111111111111111111111