11111111111111111111111111111111111111111111111111111111111111111111111111111111111111111111110111111111111111100111111111101111
11111111111111111111111111111111111111111111111111111111111111111111111111111111111111111111110111111111111111100111111111101111
11111111111111111111111111111001111111111111111111111111111111111111111111111111110111111111100111110111110111100111111111100111
11111111111111111111111111111001111111111111111111111111111111111111111111111111110111111111100111110111110111100111111111100111
11111111111111111111111111111001111111111111111111111111111111111111111111111111110111110111100111110111110111100111111111000111
11111111111111111111111111111001111101111111111111111111111111111111111111111111110111110111100111110111110111100111111111000111
11111111111111111111111111111001111101111111111111111101111111111011110011111111100011110111100111110111110111100111111111000111
11111110111111111111111111111001111101110111111111111101111111111011110011111111100011110111100011110111110111100011111111000111
11111110111111111111111111111111111101110111111111111101111111111011110011111111100011110111100011110111110111100011111111000111
10011110111000111011111111111111111101110101111111111101111111111011110011111111100011110111100011110111110111100011111111000111
10011110111000111011111111111111111101110101111111111101111111111011110011111111100011110111100011110111110111100011111111000111
10011100111000111011111111111111111101110101111111111101111111111011101011111111100011110111100011110111110111000011111111000111
10011100111000111011111111111111111101110101111111111101111111111011101011111111100011110111100011110111110111000011111111000111
10111101111000111011111111111111111101110101111111111101111111111111111011111111100011110111100011110111110111000011111111000111
10111101111000111011111111111111111101110101111111111101111111101111111011111111100011110111100011110111110111000011111111000111
10111101111010111011111111111111111101110101111111111101111111101111111011111111101011110111100011110111110111000011111111000111
10111101011011111011111111111110111101110101111111111101111111101111111011111111101011100111100011110111110111000011111111000011
10111101011011111011111111110110111101110101111111111101111111101111111011111111101011100111100011110111110111000011111111000011
10111101011011111011111111110110111101110101111111111101111111101111111011111111101011100111100011110111110111000011111111000011
10111101011011111011111111110110111101110101111111111101111111101111111011111111101011100111100011110111110111000011111111000011
10111101011011111011111111110110111101110101111111111101111111101111111011111111101011100111101011110111110111000011111111000011
10111111011011111011111111110110111101110101111111111101111111101111111011111111101011100111111011110111110111000011111111000011
10111111011011111011111111110110111101110101111111111101111111101111111011111111101011100111111011110111100111000011111111000011
10111111111011111011111111110110111101110101111111111101111111101111111111111111101011100111111011110111100111000011111111000011
10111111111011111011111111110110111101110101111111111101111111101101111111111111101011100111111011100111100111000011111111000011
10111111111011111011111111110110111101110101111111111111111111101101111111111111101011100111111011100111100111000011111111000011
10111111111011011011111111110110111101110101111111111111111111101101111111111111101011100111111011100111100111000011111111000011
10111111111011011011111111110110111101110101111111111111111111101101111111111111101011100111111011100111100111000011111111000011
10111111111011011011111111110110111101110101111111111111111111101101111111111111101011100111111011100111100111011011111111000011
10111111111011011011111111110110111101110101111111111111111111101101111111111111101011100111111011100111100111011011111111000011
10111111111011011011111111110110111101110101111111111111111111101101111111111111101111100111111011100111100111011011111111000011
10111111111011011011111111110110111101110101111111111111111111101101111111111111101111100111111011100111100111011011111111000011
10111111111011011011111111110110111101110101111111111111111111101101111111111111111111100111111011100111100111011011111111000011
10111111111011011011111111110110111101110101111111111111111111101101111111111111111111100111111011101111100111011011111111010011
10111111111011011011111111110110111101110101111111111111111111101101111111111111111111100111111011101111100111011011111111010011
10111111111011011011111111110110111111110101111111111111111111101101111111111111111111100111111011101111100111011011111111110011
10111111111011011011111111110110111111110101111111111111111111101101111111111111111111100111111011101111100111011011111111110011
10111111111011011011111111110110111111110101111111111111111111101101111111111111111111110111111011101111100111011011111111110011
10111101111011011011111111110110111111110101111111111111111111101101111111111111111111110111111011101111100111011011111111110011
10111101111011011011111111110110111111110101111111111111111111101101111011111111111111110111111011101111100111011011111111110011
10111101111011011011111111110110111111110101111111111111111111101101111011111111111111110111111011101111100111011011111111110011
10111101111011011011111111110110111111110001111111111111111111101101111011111111111101110111111011101111100111011011111111110011
10111101111011111011111111110110111111110001111111111111111111101101111011111111111101110111111011101111100111011011111111110011
10111101111011111011111111110110111111110001111111111111111111101101111011111111111101110111111011101111100111011011111111110011
10111101111011111001111111110110111111110001111111111111111111101101111011111111111101110111111011101111100111011011111111110011
10111101111011111001111111110110111111110001111111111111111111101101111011111111111101110111111011101111100111011011111111110011
10111101111011111001111111110110111111110001111111111111111111101101111011111111111101110111111011101111000111011011111111100011
10111101111011111001111111110110111111110001111111111111111111101101111011111111111101110111111011101111000111011011111111100011
10111101111010111001111111110110111111110001111111111111111111101101111011111111111101110111111011101111000111011011100111100011
10111100111010111001111111110110111111110001111111111111111111101101111011111011111101110111110011101111000011011011000111100011
10111110111010111001111111111110111111110001111111111111111111101101111011111011111101110111110011101111000011011011000111100011
10111110111010111001111111111110111111110001110001111111110011101101111011100011111101110111110011101111000011011011000011100011
10111110111010111001111111111110111111110001110001111111110011101101111011100011111101110111110011101111000011011011000011100011
10111110111010111001111111111110111111110001110001111111110011101101111011100011111101110111110011101111000011011011000011100011
10111110111010111001111111111100111011110001110001111111110011101101111011100011111101110111110011101111000011011011000011100011
10111110111010111101111111111101111011110001110001111111110011101101111011100011111101110111110011101111000011011011000011100011
10111110111010111101111111111001111011110001110001111111110011101101111011100011111101110111110011100111000011011011000011100011
10111110111010111101111111111001111011110101110011111111110011101101111011100011111101110111110011100111000011011011000011100011
10111110111010111101111111111001111011110101111111111111110011101101110011100011111101110111110011100111000011011011000011100011
10111110111010111101111111111001111011110101111111111111110011101101110011100011111101110111110011100011000011011011000011100011
10111110111011111101111111111001111111110101111111111111110011101101110111100011111101110111110111100011000011011011000011100011
10111110111011111101111111111001111111110101111111111111110011101101110111100011111101110111110111100011000011011011000011100011
10111111111011111101111111111001111111110101111111111111111111101101110111100011111101110111110111100011000011011011000011100111
10111111111011011100111111111001111111110101111111111111111111101101110111100011111101110111110111000011000011011011000011000111
10111111011011011100111111111101111111111101111111111111111111101101110111100011111101110111100111000011000011011011000011000111
10111111011011011110111111111101111111111101111111111111111111101101110111100011111101110111100111000011000011011011000011000111
10111111011011011110111111111101111111111101111111111111111111101101110111100011111101110111100111000011000011011011000011000111
10111111011011011110111111111101111111111111111111111111111111101101110111111111111101110111100111000011000011011011000011000111
10111111011011011110111111111101111111111111111111111111111111101101110111111111111101110111100111000011000011011011000011000111
10111111011011011110111111111101111111111111111111111111111111101101110111111111111101110111100111000011000011011011000011000111
10111111011011011110111111111101111111111111111111111111111111101101110111111111111101110111100111000011001011011011000011000111
10111111011011011110111111111101111111111111111111111111111111101101110111111111111101110111100111000011001011011011000011000111
10111111011011011110111111111101111111111111111111111111111111101101110111111111111101110111100111000011001011011011000011000111
10111111011011011110111111111101111111111111111111110111111111101101110111111111111101110111100111000011001011011011000011000111
10111111011011011110111111111101111111111111111111110111111111101101111111111111111101110111100111000011001011011011000011000111
10111111011011011110111111111101111111111111111111110111111111101101101111111111111111110111101111000011011011011011000011000111
10111111011011011110111111111101111111111111111111110111111111101101101111111111111111110111101111000011011011011011000011000111
10111111011011011110111111111101111111111111111111110111111111101101101111111111111111110111101111000011011011011011100111000111
10111111011011011110111111111101111111111111111111110111111111101101101111111111111111110111101111000011011011011011100111000111
10111111011011011110111111111101111111111111111111110111111111101101101111111111111111110111101111000011011011011011111111000111
10111111011011011110111111111101111111111111111111110111111111101101101111111111111111110111101111000011011011011011111111000111
10111111011011011110111111111101111111111111111111110111111111101101101111111111111111110111101111000011011011011011111111000111
10111111011011011110111111111101111111111111111111110111111111101101101111111111111111110111101111000011011011011011111111000111
10111111011011011110111111111101111111111111111111110111111111101101101111111111111111110111101111000011011011011011111111000111
10111111011011011110111111111111111111111111111111110111111111101101101111111111111111110111101111000011011011011011111111001111
10111111011011011110111111111111111111111111111111110111111111101101101111111111111111110111101111000011011011011011111111001111
10111111011011011110111111111111111111111111111111110111111111101101101111111111101111110111101111000011011011011011111111001111
10111111011011011110111111111111111111111111111111110111111111101111101111111111101111110111101111000011011011011011111111001111
10111111011011011110111111111111111111111111111111110111111111101111101111111111101011110111101111000011011011011011111111001111
10111111011011111110111111111111111111111111111111110111111111101111101111111111101011110111101111000011011011011011111111001111
10111111011011111110111111111111111111111111111111110111111111101111101111111111101011110111101111000011011011011011111111001111
10111101011011111110111111111111111111111111111111110111111111101111101111111111101011110111101111000011001011011011111111001111
10111101111011111110111111111111111111111111111111110111111111101111101111111111101011110111101111100011001011011011111111001111
10111101111010111110111111111111111111110111111111110111111111101111101111111111101011110111101111100011001011011011111111001111
10111101111010111110111111111111111111110111111111110111111111101111101111111111101011110111101111100011001011011011111111001111
10011101111010111110111111111111111111110101111111110111111111101111101111111111101011110111101111100011001011010011111111000111
10011100111000111110111111111111111111110101111111110111111111101111101111111111101011110111101111110011000011000011111111000111
10011100111000111110111111111111111111110101111111110111111111101111101111111111101011110111101111110011000011000011111111000111
10011100111000111110111111111011111111110101111111110111111111101111101111111111101011110111101111110011000011000011111111000111
10011100111000111110111111111011111111110101111111110111111111101111101111111111101011110111101111110011000011000011111111000111
10011100111000111110111111111011111111110101111111110111111111101111101111111111101011110111100111110011000011000011111111000111
11111110111011111111111111111111111111110101111111111111111111101011101111111111101011110111100111110011000011000011111111000111
11111111111111111111111111111111111111110001111111111111111111111011100111111111101011110111100011110011000011000011111111000111
11111111111111111111111111111111111111110001111111111111111111110011100111111111100011110111100011110011000011000011111111000111
11111111111111111111111111111111111111111011111111111111111111110011100111111111100011110111100011110011000011000011111111000111
11111111111111111111111111111111111111111011111111111111111111110011100011111111100011110111100011110011000011000011111111000111
11111111111111111111111111111111111111111011111111111111111111110011100011111111100011110111100011110011000011000011111111000111
11111111111111111111111111111111111111111111111111111111111111110011100011111111100011110111100011110011000011000011111111000111
11111111111111111111111111111111111111111111111111111111111111110011100011111111100011110111100011110011000011000011111111000111
11111111111111111111111111111111111111111111111111111111111111110011110111111111100011110111100011110011100011000011111111000111
11111111111111111111111111111111111111111111111111111111111111110011110111111111100011110111100011110011100011000011111111000011
11111111111111111111111111111111111111111111111111111111111111111111111111111111100011110111100011110011100011000011111111000011
11111111111111111111111111111111111111111111111111111111111111111111111111111111100011110111100011110011100011000011111111000011
11111111111111111111111111111111111111111111111111111111111111111111111111111111100011110111100011110011100011000011111111000011
11111111111111111111111111111111111111111111111111111111111111111111111111111111110011111111100011111111100011000011111111000011
11111111111111111111111111111111111111111111111111111111111111111111111111111111110011111111100011111111100011000011111111000011
11111111111111111111111111111111111111111111111111111111111111111111111111111111110111111111100011111111100111000011111111000011
11111111111111111111111111111111111111111111111111111111111111111111111111111111111111111111110111111111100111000011111111000011
11111111111111111111111111111111111111111111111111111111111111111111111111111111111111111111110111111111100111000011111111000011
11111111111111111111111111111111111111111111111111111111111111111111111111111111111111111111111111111111100111100011111111000111
11111111111111111111111111111111111111111111111111111111111111111111111111111111111111111111111111111111100111100011111111000111
11111111111111111111111111111111111111111111111111111111111111111111111111111111111111111111111111111111110111100111111111000111
11111111111111111111111111111111111111111111111111111111111111111111111111111111111111111111111111111111110111100111111111000111
11111111111111111111111111111111111111111111111111111111111111111111111111111111111111111111111111111111110111100111111111000111
11111111111111111111111111111111111111111111111111111111111111111111111111111111111111111111111111111111111111100111111111000111
11111111111111111111111111111111111111111111111111111111111111111111111111111111111111111111111111111111111111100111111111000111
11111111111111111111111111111111111111111111111111111111111111111111111111111111111111111111111111111111111111100111111111100111
11111111111111111111111111111111111111111111111111111111111111111111111111111111111111111111111111111111111111100111111111100111