11111111111111111101111111111111111111111111111111111111111111111111111111111111111111111111111111111101111111111111111111111111
11111111111111111101111111111111111111111111111111111111111111111111111111111111111111111111111111111101111111111111111111111111
11111111111111111101111111111111111111111111111111111111111111111011111111111111111111111111111011111100111111111111111111111111
11111111111111111101111111111111111111111111111111111111111111111011111111111111111111111111111011111100111111111111111111111111
11111111111111111101111111111111111111111111111111111111111111111011111111111111111111110111111011111100111111111111111111111111
11111111111111111100111111111111111111111111111111111111111111111011111110111111111111110111111011111100111111101111111111111101
11111111111111111100111111111111111111111111111111111111111111111011111110111111111111110111111011111100111111101111111111111101
11111111111101111000111111111111111011111111111111111111111111111011111110111111111111110111111011111100111111101111111111111101
11111111111101111000111111111111111011111111111111111111111111111011111110111111111111110111111111111100111111101111111111111101
11111111111001111000111111111111111011111111111111111111111111111011110110111111111111110111111111111110111111101111111111111101
11111111111001111000111111111111111011111111111111111111111111111011110110111111111111110111111111111110111111101111111111111101
11111111111001111010111111111111111011111111111111111111111111111011110110111111111111110111111111111110111111101111111111111101
10110111111001111010111111111111111011111111111011111111111111111011110110111111111111110111111101111110111111101111111111111101
10110111111001111010111111111111111011111111111011111111111111111011110110111111111111110111111101111110111111101111111111111101
10110111111001111010111111111111111011111111111011111111111111111011110110111111111111110111111101111110011111101111111111111101
10110111111001111010111111111111111011111111111011111111111111111001110110111111111111110111111101111111011111101111111111111101
10110111111101111010111111111111111011111111111011111111111111111101110110111111111111111111111101111111011111101111111111111101
10110111111101111010111111111111111011111111111011111111011111111101110110111111111111111011111101111111011111101111111111111101
10110111111101111010111111111111111011111111111011111111011111111101110110111111111111111011111101111111011111101111111111111101
10110111111101111010111111111111111011111111111011111111011111111101110110111111111110111011111101111111011111101111111111111101
10110111111101111010111111111111111011111111111011111111011111011101110110111111111110111011111101111111011111101111111111111101
10110111111101111011111111111111111011111111111011111111011111011101110110111111111110111011111101111111011111101111111111111101
10110111111101110011111111111111111011111111111011111111011111011101110110111111111110111011111101111111011111101111111111111101
10111111111101110011111111111111111011111111111011111111011111011101110110111111111110111011111101111111011111101111111111111111
10111111111101110011111111111111111011111111111011111111011111011101110110111111111110111011111101111111011111101111111111111111
10111111111101110011111111111111111011111111111011111111011111011101110110111111111110111011111101111111011111101111111111111111
10111111111101110011111111111111111011111111111011111111011111011101110110111111111110111011111101111111011111101111111111111111
10111111111101110010111111111111111011111111111011111111011111011101110110111111111110111011111101111111011111101111111111111111
10111111111101110010111111111111111011111111111011111111011111011101110110111111111110111011111101111111011111101111111111111111
10111111111101110010111111111111111111111111111011111111011111011101110110111111111110111011111101110111011111101111111111111111
10111111111101110010111111111111111111111111111011111111011111011101110110111111111110111011111101110111011111101111111111110111
10111111111101111010111111111111111111111111111011111111011111011101110111111111111110111011111101110111011111101111111111110111
10111111111101111010111111111111111111111111111011111111011111011101110111111111111110111011111101110111011111101111111111110111
10111111111101111010111111111111111111111111111011111111011111011101110111111111111110111011111101110111011111101111111111110111
10111111111111111010111111111111111111111111111001111111011111011101110111111111111110111011111101110111011111101111111111110111
10111111111011111010111111111111111111111111111001111110011111011101110111111111111110111011111101110111011111101111111111110111
10111111111011111010111111111111111111111111111001111110011111011101110111111111111110111011111101110111011111101111111111110111
10111111111011111010111111111111110111111111111001111110011111011101110111111111111110111011111101110111011111101111111111110111
10111111111011111010111111111111110111111111111001111110011111011101110111111111111110111011111101110111011111101111111111110111
10111111111011111010111111111111110111111111111001111110011111011101110111111111111110111011111101110111011111101111111111110111
10111111111011111010111111111111110111111111111001111110011111011101110111111111111110111011111101110111011111101111111111110111
10111111111011111010111111111111110111111111111001111110011111011101110111111111111110111011111101110111011111101111111111110111
10111111111011111010111111111111110111111111111001111110011111011101110111111111111110111011111101110111011111101111111111110101
10111111111011111010111111111111110111111111111001111110011111011101110111111111111110111011111101110111011111101111111111110101
10111111111011111010111111111111110111111111111000111110011111011101110111111111111110111011111101110111011111101111111111110001
10111111111011111010111111111111110111111111111000111110011111011101110111111111111110111011111101110111011111101111111111110001
10111111111011111010111111111111110111111111111000111110011111011101110111111111111110111011111101110111011111101111111111110001
10111111111011111000111111111111110111111111111000111110011111011101110111111111111110111011111101110111011111101111111111110001
10111111111011111000111111111111110111111111111000111110011111011101110111111111111110111011111101110111011111101111111111110001
10111111111011111000111111111111110111111111111100111110001111011101110111111111111110111011111101110011011111101111111111110001
10111111111011111000111111111111110111111011111100111110001111011101110111111110011110111011111101110011011111101111111111110001
10111111111011111000111111111111111111111011111100111110001111011101110111111110011110111011111111111011011111101111111111110001
10110111111011111000111111111111111111110001111100111110001111011101110111111100011110111011111111111011011111101111100111110001
10110111111011111000111111111111111111110001111100111110001111011101110111111100011110111011111111111011011111101111100111110001
10110111111011111000111110011111111111110001111110111110001111011101110111111100011110111011111111111011011111101111000011110001
10110111111011111000111100001111111111110001111110011110001111011101110111111100011110111011111011111011011111101111000011110001
10110111111011111000111100001111111111110001111110011110001111011101110111111100011110111011111011111011011111101111000011110001
10110111111011111000111100001111111111110001111110011110001111011101110111111100011110111011111011111011011111101111000011110001
10110111111111111000111100001111111111110001111110011110001111011101110111111100011110111011111011111011011111101111000011110001
10110111111111111000111100001111111111110001111110011110000111011101110111111100001110011011111011111011011111101111000011110001
10110111111111111000111100001111101111110001111110011110000111011101110111111100001110010011111011111011011111001111000011110001
10110111111111111000111100001111101111110001111111011110110111011101110111111100001110010011111011111011011111011111000011110001
10110111110111111000111100001111101111110001111111011110110111011101110111111100001110010011111011111010011111011111000011110001
10110111110111111000111100001111101111110001111111011110110111011101110111111100001110010011111011111010011111011111000011110001
10110111110111111000111100001111101111110001111111011110110111011101110111111100011111010011111011111000011111011111000011110001
10010111110111111000111100001111101111110001111111011110110111011101110111111100011111000011111011111000011111011111000011110001
10010111110111111000111100001111101111110001111111011110110111011101110111111100011111000011111011111000011111011111000011110001
10010111110111111000111100001111101111110001111111011100110111011101110111111100011111000011110011111000011111011111000011110000
11010111110111111000111100001111101111110001111111011100110111011101110111111100011111000111110011111000011111011111000011110000
11000111110111111010111110001111101111111111111111011100110111011101110111111111111111000111110111111000011111111111100011110100
11000111110111111010111110001111101111111111111111011100110111011101110111111111111111000111110111111000011111111111100011110100
11000111110111111010111111111111101111111111111111011100110111011101110111111111111111000111110111111000011111111111100111111100
11000111110111111010111111111111101111111111111111011100110111011101110111111111111111000111110111111000011111111111100111111100
11000111110111111010111111111111101111111111111111011101110111011101110111111111111111000111110111111000011111111111111111111100
11000111110111111010111111111111101111111111111111011101110111011101110111111111111111000111110111111100011111111111111111111100
11000111110111111010111111111111101111111111111111011101110111011101110111111111111111000111110111111100011110111111111111111100
11000111110111111110111111111111101111111111111111011101110111011101110111111111111111000111110111111100011110111111111111111100
11000111110111111110111111111111101111111111111111011101110111011101110111111111111111000111110111111100011110111111111111111100
11000111110111111110111111111111101111111111111111011101110111011101110111111111111111100111110111111100011110111111111111111110
11100111110111110110011111111111101111111111111111011101110111011101110111111111111111100111111111111100111110111111111111101110
11100111110111110110011111111111101111111111111111011101110111011101110111111111111111100111111111111100111110111111111111101110
11100111110111110111011111111111101111111111111111011101110111011101110111111111111111100111111111111100111110111111111111101110
11100111110111110111011111111111101111111111111111011101110111011101110111111111111111100111111111111100111110111111111111101110
11100111110111110111011111111111101111111111111111011101110111011101110111111111111111100111111111111100111110111111111111101110
11100111110111110111011111111111101111111111111111011101110111011101110111111111111111100111111111111100111110111111111111101110
11100111110111110111011111111111101111111111111111011101110111011101110111111111111111100111101111111100111110111111111111101110
11100111110111110111011111111111101111111111111111011101110111011101110111111111111111100111101111111100111110111111111111101110
11100111110111110111011111111111101111111111111111011101110111011101110111111111111111100111101111111100111110111111111111101110
11100111110111110111011111111111101111111111111111011101110111011101110111111111111111100111101111111100111111111111111111101110
11100111111111110111011111111111101111111111111111011100110111011101110111111111111111100111101111111100111111111111111111101110
11100111111111110111011111111111101111111111111111011100110111011101110111111111111111100111101111111100111111111111111111101110
11100111111111110111011111111111101111111111111111011100110111011101110111111111111111100111101111111100111111111111111111101110
11100111111111110111011111111111101111111111111111011100110111011101110111111111111111100111101111111100111101111111111111101110
11101111111111110111011111111111101111111111111111011100110111011101110111111111111111100111101111111100111101111111111111101110
11101111111111110111011111111111101111111111111111011100110111011101110111111111111111101111101111111100111101111111111111101110
11101111111111110111011111111111101111111111111111011100110111011101110111111111111111101111101111111100111101111111111111101110
11101111111111110111011111111111111111111111111111011100110111011101110111111111111111101111101111111100111101111111111111101110
11101111111111110111011111111111111111111111111111011100110111011101110111111111111111101111101111111100111101111111111111101110
11101111111111110111011111111111111111111111111111011100110111011101110111111111111111101111101111111100111101111111111111101110
11101111111111110111011111111111111111111111111111011100110111011101110111111111111111101111101111111100111101111111111111101110
11101111111111110111011111111111111111111111111111011100110111011101110111111111111111101111101111111100111101111111111111101110
11101111111111110111011111111111111111111111111111011110110111011101110111111111111111101111101111111100111101111111111111101110
11101111111111110111011111111111111111111111111111011110110111011101110111111111111111101111101111111100111101111111111111101110
11101111111111110111011111111111111111111111111111011110110111011101110111111111111111101111101111111100111101111111111111101110
11101111111111110111011111111111111111111111111111011110110111011101110111111111111111101111101111111100111101111111111111101110
11101111101111110111011111111111011111111111111111011110110111011101110110111111111111101111101111111100111101111111111111101110
11101111101111110111011111111111011111111111111111011110110111011101110110111111111111101111101111111101111101111111111111101110
11101111101111110111011111111111011111111111111111011110110111011101110110111111111111101111101111111101111101111111111111101110
11101111111111110111011111111111011111111111111111011110110111011101110110111111111111101111101111111101111101111111111111101110
11101111111111110110011111111111011111111111111111011110110111011101110110111111111111101111101111111101111100111111111111100110
11101111111111110110011111111111011111111111111111011110110111001001110110111111111111101111101111111101111100111111111111100110
11111111111111110110011111111111111111111111111111111110110111001011110110111111111111101111101111111101111100111111111111100110
11111111111111110110011111111111111111111111111110111110110111001011110110111111111111101111100111111101111100111111111111100110
11111111111111110110011111111111111111111111111110111110110111001011110110111111111111101111100111111101111100111111111111100110
11111111111111111010111111111111111111111111111110111110111111101011110010111111111111101111100111111101111100111111111111110111
11111111111111111010111111111111111111111111111110111110111111101011110010111111111111101111100111111101111100111111111111110011
11111111111111111010111111111111111111111111111110111110111111101011110010111111111111101111100111111101111100111111111111110011
11111111111111111000111111111111111111111111111110111110011111100011110010111111111111101111100011111101111100011111111111110001
11111111111111111000111111111111111111111111111110111110011111100011110011111111111111101111100011111111111100011111111111110001
11111111111111111000111111111111111111111111111110111110011111100011111001111111111111111111100011111111111100011111111111110001
11111111111111111000111111111111111111111111111100111110001111100011111001111111111111111111100011111111111100011111111111110001
11111111111111111000111111111111111111111111111101111111011111100011111001111111111111111111100011111111111100011111111111110001
11111111111111111000111111111111111111111111111101111111011111100011111001111111111111111111100011111111111100011111111111110001
11111111111111111000111111111111111111111111111111111111011111100111111001111111111111111111100011111111111110011111111111110001
11111111111111111000111111111111111111111111111111111111111111101111111011111111111111111111100011111111111110011111111111110011
11111111111111111000111111111111111111111111111111111111111111101111111011111111111111111111100011111111111110011111111111110011
11111111111111111000111111111111111111111111111111111111111111111111111111111111111111111111100011111111111110111111111111110011
11111111111111111000111111111111111111111111111111111111111111111111111111111111111111111111100011111111111110111111111111110011