11101111111101111101111111111111111111111111111111111111111111111111111111111111111111111111111111111111111110111111111111100011
11101111111101111101111111111111111111111111111111111111111111111111111111111111111111111111111111111111111110111111111111100011
11101111100001111001111111111111110111111111111101111111111111111111111111111111111111111111111111111111111100111111111111100011
11000111100001111000111111111111000011111111111000111111111111111111111011111111111111001111110111111001111100011111111111100001
11000111100001111000111111111111000011111111111000111111111111111111111011111111111111001111110111111001111100011111111111100001
11000111100001111000111111111111000011111111111000111110001111111111111001111111111111001111100111111001111100011111111111100001
11000111110001111000111111111111000011111111111000111110001111110111110001111111111110001111100011110001111100011111111111100001
11000111110001111000111111111111000011111111111000111110001111110111110001111111111110001111100011110000111100011111111111100001
11000111111001111000111111111111000011111111111000111110001111110111110001111111111110001111100011110000111100011111111111100001
11010111111001111000111111111111110011111111111000111110001111110111110001111111111110001111100011110000111000011111111111000001
10010111111001111000111111111111110011111111111000111110001111110111110001111111111110000111000011110000111000011111111111000001
10010111111101111010111111111111110011111111111000111110001111110111110001111111111110000111000011110000111000011111111111000001
10110111111101111010111111111111110011111111111001111110001111110111110001111111111110000111000011110000111000011111111111000001
10110111111101110010111111111111110011111111111001111100101111110111110000111111111110000111000011110000111000011111111111000001
10110011111101110010111111111111110011111111111001111100100111100111110000111111111110000111000011110000111000001111111111000001
10110011111101110110111111111111110011111111111011111100100111100111110000111111111110000111000011110000111000001111111111000001
10111011111101110110111111111111110011111111111011111101100111100111100100111111111110000111000001110000111000001111111111000001
10111011111101110110111111111111110011111111111011111101100111100111100100111111111100000111000001110000111000001111111111000001
10111011111101110110111111111111110011111111111011111101100111100111100100111111111100000111000001110000111000001111111111000001
10111011111101110110111111111111110011111111111011111101100111100111100100111111111100000111000001100000111000001111111111000001
10111011111101110110111111111111110011111111111011111101100111100111100110111111111100000111000001100000111000001111111111000001
10111011111101110110111111111111110011111111111011111101100111100111100110111111111100000111000001100000011000001111111111000001
10111011111101110110111111111111110011111111111011111101100111101111100110111111111100000111000001100000011000001111111111000001
10111011111101110110111111111111110111111111111011111101110111101111100110111111111100000111000001100000011000001111111111000001
10111011111101110110111111111111110111111111111011111101110111101111100110111111111100000111000001100000011000001111111111000001
10111011111101110110111111111111110111111111111011111101110111101111101110111111111100100111001001100000011000001111111111000001
10111011111001110110111111111111110111111111111011111101110111101111101110111111111100100111001001100100011000001111111111000001
10111011111011110110111111111111110111111111111011111101110111101111101110111111111100110111001001100100011000001111111111000001
10111011111011110110111111111111110111111111111011111101110111101111101110111111111100110111001001100100011000001111111111000000
10111011111011110110111111111111110111111111111011111101110111101111101110111111111100110111001001100110011000001111111111000000
10111011111011110110111111111111110111111111111011111101110111101111101110111111111100110111001001100110011000001111111111000000
10111011111011110010111111111111110111111111111011111101110111001111101110111111111100110110001001100110011000001111111111000000
10111011111011111010111111111111110111111111111011111101110111001111101110111111111100110110011001100110011000001111111111000000
10111011111011111010111111111111110111111111111011111101110111001111101110111111111100110110011001100110011000001111111111000000
10111011111011111010111111111111110111111111111011111101110111001111101110111111111100110110011001100110011000001111111110000000
10111011111011111010111111111111110111111111111011111101110111001111101110111111111100110110011001100110011000001111111110000000
10111011111011111010111111111111110111111111111011111101110111001111101110111111111100110110011001100110011000001111111110000000
10111011111011111010111111111111110111111111111001111101110111001111101110111111111100110010011001100110011000001111111110000000
10111011111011111000111111111111110111111111111001111101110111001111101110111111111100110010011001100110011000001111111110000000
10111011111011111000111111111111100111111111111001111101110111000111101110111111111100110010011001100110011000001111111110000000
10111011111011111000111111111111101111111111111001111101110111000111101110111111111100110010011001100110011000001111111110000000
10111011111011111000111111111111101111111111111001111101110111000111101110111111111100110010011001100110011000001111111110000000
10111011111011111000111111111111101111111111111000111101110111000111101110111111111100110010011001100110011000001111111110000000
10111011111111111000111111111111101111111111111000111101110111000111101110111111111100110010011001100110011000001111111110000000
10111011111111111000111111111111101111111111111000111101110111000111101110111111111100110010011001100110011000001111111110000000
10111011110111111000111111111111101111111111111000111101110111000111101110111111111100110010011001100110011000001111001110000000
10110011110111111000111111111111101111111111111000111101110111000111101110111111111100110010011001100110011000001110000110000000
10110011110111111000111111111111101111111111111000111101110111000111101110111111111100110010011001100110011000001110000110000000
10110011110111111000111111111111101111111111111000111101110111000011101110111111111100110010001001100110011000001110000110001000
10110011110111111000111100001111101111111111111000111101110111000011101110111000011100110010001001100110011000001110000110001000
10110011110111111000111100001111101111111111111110111101110111000011101110111000011100110011001001100110011000001100000110001000
10110011110111111000111100001111101111110011111110111101110111000011101110111000011100100011001001100110011000001100000110001000
10010011110111111000111100001111101111100001111110111101110111000011101110111000011100100111001001100110011000001100000110001000
10010011110111111000111100001111101111100001111110111101110110000011101110111000011100000111000001100110011000001100000010001000
10010011110111111000111100001111101111100001111110111101110110000011101110111000011100000111000001100110011000001100000010001000
11000011110111111000111100001111101111100001111110011101110110000011101110111000011100000111000001100110011000001100000010001000
11000011110111110000111100001111101111100001111110011101110110000011101110111000011100000111000001100110011000001100000010001000
11000111110111110010111100111111101111110001111110011101110110000011101110111000011100000111000001100110011000001100000010001000
11000111110111110010111111111111101111111001111110011101110110010011101110111000011100000111000001100110011000001100000010001000
11000111110111110010111111111111101111111101111110011101110110011011101110111000011100000111000001100110011000001100000010001000
11000111110111110010111111111111101111111101111110011101110110011011101110111000011100000111000001100110011000001100000010001000
11000111110111110010111111111111101111111111111110011101110110011011101110111000011110000111000001100110011000001100000010001000
11000111110111110110011111111111111111111111111110011101110110011011101110111000011110000111000001100110011000001100000010001000
11000111110111110110011111111111111111111111111110011101110110011011101110111000011110000111000001100110011000001100000010001000
11100111110111110111011111111111011111111111111110011101110110011011101110111000011110000111000001100110011000001100000010000000
11100111110111110111011111111111011111111111111111011101110110011011101110111000011110000111000001100110011000001100000010000000
11100111110111110111011111111111011111111111111111011101110110011011101110111100011110000111000001100110011000001100000010000000
11100111110111110111011111111111011111111111111111011101110110011011101110111100011110000111000001100110011000001100000010000000
11100111110111110111011111111111011111111111111111011101110110011011101110111111111110000111000001100110011000001100000010000000
11100111110111110111011111111111011111111111111111011101110110011011101110111111111110000111000001100110011000001100000010000000
11100111110111110111011111111111011111111111111111011101110110011001101110111111111110000111000001100110011000001100000010001000
11100111110111110111011111111111011111111111111111011101110110011001101110111111111110000111100001100110011000001100000010001000
11100111111111110111011111111111011111111111111111011101110110011001101110111111111110000111100001100110011000001110000010001000
11100111111111110111011111111111011111111111111111011101110110011001101110111111111111000111100001100110011000001110000110000000
11100111111111110111011111111111011111111111111111011101110110011001101110111111111111000111100001100110011000001110000110000000
11100111111111110111011111111111011111111111111111011101110110011001101110111111111111000111100001100110011000001110000110000000
11100111101111110111011111111111011111111111111110011101110110011001101110111111111111000111100011100110011000001110000110000000
11100111101111110111011111111111011111111111111110011101110110011001101110111111111111000111100011100110011000001111111110000000
11100111101111110111011111111111011111111111111110011101110110011001101110111111111111000111100011100110011000001111111110000000
11101111101111110111011111111111011111111111111110011101110110011001101110111111111111000111100011100110011001001111111110000000
11101111101111110111011111111111011111111111111110011101110110011011101110111111111111001111100011100110011001001111111110000000
11101111101111110111011111111111011111111111111110011101110110011011101110111111111111001111100011100110010001001111111110000000
11101111101111110111011111111111011111111111111110011101110110011011101110111111111111001111110011100110010001001111111110000000
11101111101111110111011111111111011111111111111110011101110110011011101110111111111111001111110011100110010001001111111110000000
11101111101111110111011111111111011111111111111110011101110110011011101110111111111111001111110011100110010001001111111110000000
11101111101111110111011111111111011111111111111110011101110110011011101110111111111111001111110011100110010001001111111111000000
11101111101111110111011111111111011111111111111110011101110110011011101110111111111111001111110011100110010001001111111111000000
11101111101111110111011111111111011111111111111110111101110111011011101110111111111111001111110011100110010001001111111111000000
11101111101111110111011111111111011111111111111110111101110111011011101110111111111111001111100011100110010001001111111111000000
11101111101111110111011111111111011111111111111110111101110111011011101110111111111111001111100011100110011001001111111111000000
11101111101111110110011111111111011111111111111110111101100111011011100110111111111111001111100011100110011001001111111111000000
11101111101111110110011111111111011111111111111110111101100111011011100110111111111111001111100011100110011001001111111111000000
11001111101111110010011111111111011111111111111110111101100111011011100100111111111111001111100011100110011000001111111111000000
11001111101111110010011111111111011111111111111110111101100111011011100100111111111111001111100011100110011000001111111111000000
11011111101111110010011111111111011111111111111100111100100111010011100100111111111111001111100111100110011000001111111111000001
11011111101111110010011111111111011111111111111100111100100111000011100100111111111111001111100111100110011000001111111111000001
11011111101111110000111111111111011111111111111100111100100111000011100100111111111111001111100111100000011000001111111111000001
11011111111111111000111111111111011111111111111100111100101111000011100100111111111111001111100111100000011000001111111111000001
11011111111111111000111111111111011111111111111100111100001111000011100000111111111111011111100111100000011000001111111111000001
11011111111111111000111111111111011111111111111000111100001111000011100000111111111111011111100111100000011000001111111111000001
11011111111111111000111111111111011111111111111001111100001111000011100000111111111111011111100111100000011000001111111111000001
11111111111111111000111111111111011111111111111001111110001111000011110000111111111111011111100111100000111000001111111111000001
11111111111111111110111111111111111111111111111001111110001111000011110000111111111111011111100111100000111000001111111111000001
11111111111111111110111111111111111111111111111001111110001111000011110000111111111110011111100111110000111000001111111111000001
11111111111111111111111111111111111111111111111011111110001111100111110001111111111110011111100111110000111000001111111111000001
11111111111111111111111111111111111111111111111111111110001111100111110001111111111111011111100111110000111000001111111111000001
11111111111111111111111111111111111111111111111111111110001111100111110001111111111111011111100111110000111000001111111111000001
11111111111111111111111111111111111111111111111111111110001111100111110001111111111111011111100111110000111000001111111111000001
11111111111111111111111111111111111111111111111111111110011111110111110001111111111111011111100111110000111000001111111111000001
11111111111111111111111111111111111111111111111111111111111111111111110001111111111111011111101111110000111000001111111111000001
11111111111111111111111111111111111111111111111111111111111111111111110001111111111111011111101111110000111000001111111111000001
11111111111111111111111111111111111111111111111111111111111111111111110011111111111111111111101111110000111000001111111111000001
11111111111111111111111111111111111111111111111111111111111111111111111111111111111111111111101111110000111000001111111111000001
11111111111111111111111111111111111111111111111111111111111111111111111111111111111111111111101111110000111000001111111111000001
11111111111111111111111111111111111111111111111111111111111111111111111111111111111111111111101111110000111100011111111111000001
11111111111111111111111111111111111111111111111111111111111111111111111111111111111111111111111111110000111100011111111111000001
11111111111111111111111111111111111111111111111111111111111111111111111111111111111111111111111111111001111100011111111111000001
11111111111111111111111111111111111111111111111111111111111111111111111111111111111111111111111111111001111100011111111111000001
11111111111111111111111111111111111111111111111111111111111111111111111111111111111111111111111111111001111100011111111111000001
11111111111111111111111111111111111111111111111111111111111111111111111111111111111111111111111111111111111100011111111111100001
11111111111111111111111111111111111111111111111111111111111111111111111111111111111111111111111111111111111100011111111111100001
11111111111111111111111111111111111111111111111111111111111111111111111111111111111111111111111111111111111111111111111111100011
11111111111111111111111111111111111111111111111111111111111111111111111111111111111111111111111111111111111111111111111111100011
11111111111111111111111111111111111111111111111111111111111111111111111111111111111111111111111111111111111111111111111111100011
11111111111111111111111111111111111111111111111111111111111111111111111111111111111111111111111111111111111111111111111111100011
11111111111111111111111111111111111111111111111111111111111111111111111111111111111111111111111111111111111111111111111111100011
11111111111111111111111111111111111111111111111111111111111111111111111111111111111111111111111111111111111111111111111111110111
11111111111111111111111111111111111111111111111111111111111111111111111111111111111111111111111111111111111111111111111111110111