11111111111111111111111111111111111111111111111111111111111111111111111111111111111111111111111111111111111111111111111111111111
11111111111111111111111111111111111111111111111111111111111111111111111111111111111111111111111111111111111111111111111111111111
11111111111111111111111111111111111111111111111111111111111111111111111111111111111111111111111111111111111111111111111111111111
11111111111111111111111111111111111111111111111111111111111111111111111111111111111111111111111111111111111111111111111111111111
11111111111111111111111111111111111111111111111111111111111111111111111111111111111111111111111111111111111111111111111111111111
11111111111111111111111111111111111111111111111111111111111111111111111111111111111111111111111111111111111111111111111111111111
11111111111111111111111111111111111111111111111111111111111111111111111111111111111111111111111111111111111111111111111111111111
11111111111111111111111111111111111111111111111111111111111111111111111111111111111111111111111111111111111111111111111111111111
11111111111111111111111111111111111111111111111111111111111111111111111111111111111111111111111111111111111111111111111111111111
11111111111111111111111111111111111111111111111111111111111111111111111111111111111111111111111111111111111111111111111111111111
11111111111111111111111111111111111111111111111111111111111111111111111111111111111111111111111111111111111111111111111111111111
11111111111111111111111111111111111111111111111111111111111111111111111111111111111111111111111111111111111111111111111111111111
11111111111111111111111111111111111111111111111111111111111111111111111111111111111111111111111111111111111111111111111111111111
11111111111111111111111111111111111111111111111111111111111111111111111111111111111111111111111111111111111111111111111111111111
11111111111111111111111111111111111111111111111111111111111111111111111111111111111111111111111111111111111111111111111111111111
11111111111111111111111111111111111111111111111111111111111111111111111111111111111111111111111111111111111111111111111111111111
11111110111111111111111111111111111111111111111111111111111111111111111111111111111111111111111111111111111111111111111111111111
11111111111111111111111111111111111111111111111111111111111111111111111111111111111111111111111111111111111111111111111111111111
11111111111111111111111111111111111111111111111111111111111111111111111111111111111111111111111111111111111111111111111111111111
11111111111111111111111111111111111111111111111111111111111111111111111111111111111111111111111111111111111111111111111111111111
11111111111111111111111111111111111111111111111111111111111111111111111111111111111111111111111111111111111111111111111111111111
11111111111111111111111111111111111111111111111111111111111111111111111111111111111111111111111111111111111111111111111111111111
11111111111111110011011111111111111111111111111111110001111111111111111111111111111111111111111111111111111111111111111111111111
11111111111111110011011111111111111111111111111111110001111111111111111111111111111111111111111001111111111111111111111111111111
11111111111111110011011111111111111111111111111111110001111111111111111111111111111111111111111001111111111111111111111111111111
11111111111111110011011111111111111111111111111111110001111111111111111111111111111111111111111001111111111111111111111111111111
11111111111111110011011111111111111111111111111111110001111111111111111111111111111111111111111001111111111111111111111111111111
11111111111111110011011111111111111111111111111111110001111111111111111111111111111111111111111001111111111111111111111111111111
11111111111111110011011111111111111111111111111111110001111111111111111111111111111111111111111001111111111111111111111111111111
11111111111111110011011111111111111111111111111111110001111111111111111111111111111111111111111001111111111111111111111111111111
11111111111111110011011111111111111111111111111111110001111111111111111111111111111111111111111011111111111111111111111111111111
11111111111111110011011111111111111111111111111111110001111111111111111111111111111111111111111011111111111111111111111111111111
11111111111111110011011111111111111111111111111111110001111111111111111111111111111111111111111011111111111111111111111111111111
11111111111111110011011111111111111111111111111111110001111111111111111111111111111111111111111011111111111111111111111111111111
11111111111111110011011111111111111111111111111111110001111111111111111111111111111111111111111011111111111111111111111111111111
11111111111111110011011111111111111110111111111111110001111111111111111111111111111111111111111011111111111111111111111111111111
11111111111111110011011111111111111111111111111111110001111111111111111111111111111111111111111011111111111111111111111111111111
11111111111111110011011111111111111110111111111111110001111111111111111111111111111111111111111011111111111111111111111111111111
11111111111111110011011111111111111110111111111111110001111111111111111111111111111111111111111011111111111111111111111111111111
11111111111111110011011111111111111110111111111111110001111111111111111111111111111111111111111011111111111111111111111111111111
11111111111111110011011111111111111110111111111111110001111111111111111111111111111111111111111011111111111111111111111111111111
11111111111111110011011111111111111110111111111111110001111111111111111111111111111111111111111011111111111111111111111111111111
11111111111111110011011111111111111110111111111111110001111111111111111111111111111111111111111011111111111111111111111111111111
11111111111111110011011111111111111110111111111111110001111111111111111111111111111111111111110011111111111111111111111111111111
11111111111111110011011111111111111110111111111111110001111111111111111111111111111111111111110011111111111111111111111111111111
11111111111111110011011111111111111110111111111111110001111111111111111111111111111111111111110011111111111111111111111111111111
11111111111111110011011111111111111110111111111111110001111111111111111111111111111111111111110011111111111111111111111111111111
11111111111111110011011111111111111110111111111111110001111111111111111111111111111111111111110011111111111111111111111111111111
11111111111111110011011111111111111110111111111111110001111111111111111111111111111111111111110011111111111111111111111111111111
11111111111111110011011111111111111110111111111111110001111111111111111111111111111111111111110011111111111111111111111111111111
11111111111111110011011111111111111110111111111111110001111111111111111111111111111111111111110011111111111111111111111111111111
11111111111111110011011111111111111110111111111111110001111111111111111111111111111111111111110011111111111111111111111111111111
11111111111111110011011111111111111110111111111111110001111111111111111111111111111111111111110011111111111111111111111111111110
11111111111111110011011111111111111110111111111111110001111111111111111111111111111111111111110011111111111111111111111111111110
11111111111111110011011111111111111110111111111111110001111111111111111111111111111111111111110011111111111111111111111111111110
11111111111111110011011111111111111110111111111111110011111111111111111111111111111111111111110011111111111111111111111111111110
11111111111111110011011111111111111110111111111111110011111111111111111111111111111111111111110011111111111111111111111111111110
11111111111111110011011111111111111110111111111111110011111111111111111111111111111111111111110011111111111111111111111111111110
11111111111111110011011111111111111110111111111111110011111111111111111111111111111111111111110011111111111111111111111111111110
11111111111111110011011111111111111110111111111111110011111111111111111111111111111111111111110011111111111111111111111111111110
11111111111111110011011111111111111110111111111111110011111111111111111111111111111111111111110011111111111111111111111111111110
11111111111111110011011111111111111110111111111111110011111111111111111111111111111111111111110011111111111111111111111111111110
11111111111111110011011111111111111110111111111111110011111111111111111111111111111111111111110011111111111111111111111111111110
11111111111111110011011111111111111110111111111111110011111111111111111111111111111111111111110011111111111111111111111111111110
11111111111111110011011111111111111110111111111111110011111111111111111111111111111111111111110011111111111111111111111111111110
11111111111111110011011111111111111110111111111111110011111111111111111111111111111111111111110011111111111111111111111111111110
11111111111111110011011111111111111110111111111111110011111111111111111111111111111111111111110011111111111111111111111111111110
11111111111111110011011111111111111110111111111111110011111111111111111111111111111111111111110011111111111111111111111111111110
11111111111111110011011111111111111110111111111111110011111111111111111111111111111111111111110011111111111111111111111111111110
11111111111111110011011111111111111110111111111111110011111111111111111111111111111111111111110011111111111111111111111111111110
11111111111111110011011111111111111110111111111111110011111111111111111111111111111111111111110011111111111111111111111111111110
11111111111111110011011111111111111110111111111111110011111111111111111111111111111111111111110011111111111111111111111111111110
11111111111111110011011111111111111110111111111111110011111111111111111111111111111111111111110011111111111111111111111111111110
11111111111111110011011111111111111110111111111111110011111111111111111111111111111111111111110011111111111111111111111111111110
11111111111111110011011111111111111110111111111111100011111111111111111111111111111111111111110011111111111111111111111111111110
11111111111111110011011111111111111110111111111111100011111111111111111111111111111111111111110011111111111111111111111111111110
11111111111111110011011111111111111110111111111111100011111111111111111111111111111111111111110011111111111111111111111111111110
11111111111111110011011111111111111110111111111111100011111111111111111111111111111111111111110011111111111111111111111111111110
11111111111111110011011111111111111110111111111111100011111111111111111111111111111111111111110011111111111111111111111111111110
11111111111111110011011111111111111110111111111111100011111111111111111111111111111111111111110011111111111111111111111111111110
11111111111111110011011111111111111110111111111111100011111111111111111111111111111111111111110011111111111111111111111111111110
11111111111111110011011111111111111110111111111111100011111111111111111111111111111111111111110011111111111111111111111111111110
11111111111111110011011111111111111110111111111111100011111111111111111111111111111111111111110011111111111111111111111111111110
11111111111111110011011111111111111110111111111111100011111111111111111111111111111111111111110011111111111111111111111111111110
11111111111111110011011111111111111110111111111111100011111111111111111111111111111111111111110111111111111111111111111111111110
11111111111111110011011111111111111110111111111111100011111111111111111111111111111111111111110111111111111111111111111111111110
11111111111111110011011111111111111110111111111111100011111111111111111111111111111111111111110111111111111111111111111111111110
11111111111111110011011111111111111110111111111111100011111111111111111111111111111111111111110111111111111111111111111111111100
11111111111111110011011111111111111110111111111111100011111111111111111111111111111111111111110111111111111111111111111111111100
11111111111111110011011111111111111110111111111111100011111111111111111111111111111111111111110111111111111111111111111111111100
11111111111111110011011111111111111110111111111111100011111111111111111111111111111111111111110111111111111111111111111111111100
11111111111111110011011111111111111110111111111111100011111111111111111111111111111111111111110111111111111111111111111111111100
11111111111111110011011111111111111110111111111111100011111111111111111111111111111111111111110111111111111111111111111111111100
11111111111111110011011111111111111110111111111111100011111111111111111111111111111111111111110111111111111111111111111111111100
11111111111111110011011111111111111110111111111111100011111111111111111111111111111111111111100111111111111111111111111111111100
11111111111111110011011111111111111110111111111111100011111111111111111111111111111111111111100111111111111111111111111111111100
11111111111111110011011111111111111110111111111111100011111111111111111111111111111111111111100111111111111111111111111111111100
11111111111111110011011111111111111110111111111111100011111111111111111111111111111111111111100111111111111111111111111111111100
11111111111111110011011111111111111110111111111111100011111111111111111111111111111111111111100111111111111111111111111111111100
11111111111111110011011111111111111110111111111111100011111111111111111111111111111111111111100111111111111111111111111111111100
11111111111111110011011111111111111110111111111111100011111111111111111111111111111111111111100111111111111111111111111111111100
11111111111111110011011111111111111110111111111111100011111111111111111111111111111111111111100111111111111111111111111111111100
11111111111111110011011111111111111110111111111111100011111111111111111111111111111111111111100111111111111111111111111111111100
11111111111111110011011111111111111110111111111111100011111111111111111111111111111111111111100111111111111111111111111111111100
11111111111111111111111111111111111111111111111111111111111111111111111111111111111111111111100111111111111111111111111111111100
11111111111111111111111111111111111111111111111111111111111111111111111111111111111111111111111111111111111111111111111111111100
11111111111111111111111111111111111111111111111111111111111111111111111111111111111111111111111111111111111111111111111111111100
11111111111111111111111111111111111111111111111111111111111111111111111111111111111111111111111111111111111111111111111111111100
11111111111111111111111111111111111111111111111111111111111111111111111111111111011111101111111111111011111111111111111111111100
11111111111111111111111111111111111111111111111111111111111111111111111111111111111111111111111111111111111111111111111111111100
11111111111111111111111111111111111111111111111111111111111111111111111111111111111111111111111111111111111111111111111111111100
11111111111111111111111100111111111111111111111111111111111111101011111001111100111111111111111111111111111111111111111111111100
11111100111111111111111111111111111111111111111111111111111111111111111111111111111111111111111111111111111111111111111111111100
11111111111111111111111111111111111111111111111101111111111111111101111111111111111111111111111111111111111111111111111111111100
11111111111111111111111111111110111111111111111111111110111111111111111111111111111111111111111111111111111111111111111111111100
11111111111111111111111111111110111111111111111111111111111111111111111111111111111111111111111111111111111111111111111111111100
11111111111111111111111111111111111111111111111111111111111111111111111111111111111111111111111111111111111111111111111111111100
11111111111111111111111111111111111111111111111111111111111111111111111111111111111111111111111111111111111111111111111111111100
11111111111111111111111111111111111111111111111111111111111111111111111111111111111111111111111111111111111111111111111111111100
11111111111111111111111111111111111111111111111111111111111111111111111111111111111111111111111111111111111111111111111111111000
11111111111111111111111111111111111111111111111111111111111111111111111111111111111111111111111111111111111111111111111111111000
11111111111111111111111111111111111111111111111111111111111111111111111111111111111111111111111111111111111111111111111111111000
11111111111111111111111111111111111111111111111111111111111111111111111111111111111111111111111111111111111111111111111111111000
11111111111111111111111111111111111111111111111111111111111111111111111111111111111111111111111111111111111111111111111111111000
11111111111111111111111111111111111111111111111111111111111111111111111111111111111111111111111111111111111111111111111111111000
11111111111111111111111111111111111111111111111111111111111111111111111111111111111111111111111111111111111111111111111111111000
11111111111111111111111111111111111111111111111111111111111111111111111111111111111111111111111111111111111111111111111111111000
11111111111111111111111111111111111111111111111111111111111111111111111111111111111111111111111111111111111111111111111111111000