11111111111111111111111111111111111111111111111111111111111111111111111111111111111111111111111111111111111111111111111111111111
11111111111111111111111111111111111111111111111111111111111111111111111111111111111111111111111111111111111111111111111111111111
11111111111111111111111111111111111111111111111111111111111111111111111111111111111111111111111111111111111111111111111111111111
11111111111111111111111111111111111111111111111111111111111111111111111111111111111111111111111111111111111111111111111111111111
11111111111111111111111111111111111111111111111111111111111111111111111111111111111111111111111111111111111111111111111111111111
11111111111111111111111111111111111111111111111111111111111111111111111111111111111111111111111111111111111111111111111111111111
11111111111111111111011111111111111111111111111111111111111111111111111111111111111111111111111111111111111111111111111111111111
11111111111111111111111111111111101111111111111111111111111111111111111111111111111111111111111111111111111111101111111111111111
11111111111111111111110111111111111111111111111111111111111111111111111111111111111111111111111111111111110111111111111111111111
11111111111111111111111111111111111111111111111111111111111111111111111111111111111111111111111111111111111111111111111111111111
11111111111111111111111111111111111111111111111111111111111111111111111111111111111111111111111111111111111111111111111111111111
11111111111111111111111111111111111111111111111111111111111111111111111111111111111111111111111111111111111111111111111111111111
11111111111111111111111111111111111111111111111111111111111111111111111111111111111111111111111111111111111111111111111111111111
11111111111111111111111111111111111111111111111111111111111111111111111111111111111111111111111111111111111111111111111111111111
11111111111111111111111111111111111111111111111111111111111111111111111111111111111111111111111111111111111111111111111111111111
11111111111101111001100111111111111111110111111110011011111101101111011011111111111111111110011111111111111111111111111111111111
11111111111101111001100111111111111111110111111110011011111101101111011011111111111111111110011111111111111111111111111111111111
11111111111101111001100111111111111111110111111110011011111101101111011011111111111111111110011111111111111111111111111111111111
11111111111101111001100111111111111111110111111110011011111101101111011011111111111111111110011111111111111111111111111111111111
11111111111101111001100111111111111111110111111110011011111101101111011011111111111111111110011111111111111111111111111111111111
11111111111101111001100111111111111111110111111110011011111101101111011011111111111111111110011111111111111111111111111111111111
11111111111101011001100111111111111111110111111110011011111101101111011011111111111111111110011111111111111111111111111111111111
11111111111101011001100111111111111111110111111110011011111101101111011011111111111111111110011111111111111111111111111111111111
11111111111101011001100111111111111111110111111110011011111101101111011011111111111111111110011111111111111111111111111111111111
11111111111101011001100111111111111111110111111110011011111101111111011011101111111111111110011111111111111111111111111111111111
11111111111101011001100111111111111111110111111110011011111101111111011011111111111111111110011111111111111111111111111111111111
11111111111111011001100111111111111111110111111110011011111101111111011011101111111111111110011111111111111111111111111111111111
11111111111111011001100111111111111111110111111110011011111101111111011011101111111111111110011111111111111111111111111111111111
11111111111111011001100111111111111111110111111110011011111101111111011011101111111111111110011111111111111111111111111111111111
11111111111111011001100111111111111111110111111110011011111101111111011011101111111111111110011111111111111111111111111111111111
11111111111111011001101111111111101111110111111110011011111101111011011011111111111111111110011111111111111111111111111111111111
11111111111111011001101111111111101111110111111110011011111101111111011011111111111111111110011111111111111111111111111111111111
11111111111111011001101111111111101111110111111110011011111101111111011011111111111111111110011111111111111111111111111111111111
11111111111111011001101111111111101111110111111110011011111101111111011011111111111111111110011111111111111111111111111111111111
11111111111111011001101111111111101111110111111110011011111101111111011011111111111111111110011111111111111111111111111111111111
11111111111111011001101111111111101111110111111110011011111101111111011011111111111111111110011111111111111111111111111111111111
11111111111111011001101111111111101111110111101110011011111101111111011011111111111111111110011111111111111111111111111111111111
11111111111111011001101111111111101111110111101110011011111101111111011011111111111111111110011111111111111111111111111111111111
11111111111111011001101111111111111111110111101110011111111101111111011011111111111111111110011111111111111111111111111111111111
11111111111111011001101111111111111111110111101110011111111101111111011011111111111111111110011111111111111111111111111111111111
11111111111111011001101111111111111111110111101110011111111101111111011011111111111111111110011111111111111111111111111111111111
11111111111111011001101111111111111111110111101110011111111101111111011011111111111111111110011111111111111111111111111111111111
11111111111111011001101111111111111111110111101110011111111101111111011011111111111111111110011111111111111111111111111111111111
11111111111111011001101111111111111111110111101110011111111101111111011011111111111111111110011111111111111111111111111111111111
11111111111111011001101111111111111111110111111110011111111101111111011011111111111111111110011111111111111111111111111111111111
11111111111111011001101111111111111111110111111110011111111101111111011011111111111111111110011111111111111111111111111111111111
11111111111111011001101111111111111111110111111110011111111101111111011011111111111111111110011111111111111111111111111111111111
11111111111111110001101111111111111111110111111110011111111101111111011011111111111111111110011111111111111111111111111111111111
11111111111111110001101111111111111111110111111110011111111101111111011011111111111111111110011111111111111111111111111111111111
11111111111111110001101111111111111111110111111110011111111101111111011011111111111111111110011111111111111111111111111111111111
11111111111111110001101111111111111111110111111110011111111101111110011011111111111111111110011111111111111111111111111111111111
11111111111111110001101111111111111111110111111110011111111101111110011011111111111111111110011111111111111111111111111111111111
11111111111111110001101111111111111111110111111110011111111101111110011011111111111111111110011111111111111111111111111111111111
11111111111111110001101111111111111111110111111110011111111101111110011011111111111111111110011111111111111111111111111111111111
11111111111111110001101111111111111111110111111110011111111101111110011011111111111111111110011111111111111111111111111111111111
11111111111111110001101111111111111111110111111110011111111101111110011011111111111111111110011111111111111111111111111111111111
11111111111111110001101111111111111111110111111110011111111101111110011011111111111111111110011111111111111111111111111111111111
11111111111111110001101111111111111111110111111110011111111101111110011011111111111111111110011111111111111111111111111111111111
11111111111111110001101111111111111111110111111110011111111101111110011011111111111111111110011111111111111111111111111111111111
11111111111111110001101111011111111111110111111110011111111101111110011011111111111111111110011111111111111111111111111111111111
11111111111111110001101111011111111111110111111110011111111101111110011011111111111111111110011111111011111111111111111111111111
11111111111111110001101111011111111111110111111110011111111101111110011011111111111111111110011111111011111111111111111111111111
11111111111111110001101111011111111111110111111110011111111101111110011011111111111111111100011111111011111111111111111111111111
11111111111111110001101111011111111111110111111110011111111101111110011011111111111111111100011111111011111111111111111111111111
11111111111111110001101111011111111111110111111110011111111101111110011011111111111111111100011111111011111111111111111111111111
11111111111111110001101111011111111110110111111110011111111101111110011011111111111111111100011111111011111111111111111111111111
11111111111111110001101111011111111111110111111110011111111101111110011011111111111111111100011111111011111111111111111111111111
11111111111111110001101111011111111111110111111110011111111101111110011011111111111111111100011111111011111111111111111111111111
11111111111111110001101111011111111110110111111110011111111101111110011011111111111111111100011111111011111111111111111111111111
11111111111111110001101111111111111110110111111110011111111101111110011011111111111111111100011111111011111111111111111111111111
11111111111111110001101111111111111110110111111110011111111101111110011011111111111111111100011111111011111111111111111111111111
11111111111111110001101111111111111110110111111110011111111101111110011011111111111111111100011111111011111111111111111111111111
11111111111111110001101111111111111110110111111110011111111101111110011011111111111111111100011111111011111111111111111111111111
11111111111111110001101111111111111110110111111110011111111101111110011011111111111111111100011111111011111111111111111111111111
11111111111111110001101111111111111110110111111110011111111101111110011011111111111111111100011111111011111111111111111111111111
11111111111111110001101111111111111110110111111100011111111101111110011011111111111111111100011111111011111111111111111111111111
11111111111111110001101111111111111110110111111100011111111101111110011011111111111111111100011111111011111111111111111111111111
11111111111111110001101111111111111110110111111100011111111101111110011011111111111111111100011111111011111111111111111111111111
11111111111111110001101111111111111110110111111100011111111101111110011011111111111111111100011111111011111111111111111111111111
11111111111111110001101111111111111110110111111100011111111101111110011011111111111111111100011111111011111111111111111111111111
11111111111111110001101111111111111110100111111100011111111001111110011011111111111111111100011111111011111111111111111111111111
11111111111111110001001111111111111110100111111100011111111001111110011011111111111111111100011111111011111111111111111111111111
11111111111111110001101111111111111110100111111100011111111001111110011011111111111111111100011111111011111111111111111111111111
11111111111111110001101111111111111110100111111100011111111001111110010011111111111111111100011111111011111111111111111111111111
11111111111111110001001111111011111110100111111100011111111001111110010011111111111111111100011111111011111111111111111111111111
11111111111111110001001111111011111110100111111100011111111001111110010011111111111111111100011111111011111111111111111111111111
11111111111111110001001111111011111110100111111100011111111001111110010011111111111111111100011111111011111111111111111111111111
11111111111011110001001111111011111110100111111100011111111001111110010011111111111111111100011111111011111111111111111111111111
11111111111011110001001111111011111110100111111100011111111001111110010011111111111111111100011111111011111111111111111111111111
11111111111011110001001111111011111110100111111100011111111001111110010011111111111111111100011111111011111111111111111111111111
11111111111011110001001111111011111111100111111100011111111001111110010011111111111111111100011111111111111111111111111111111111
11111111111011110001001111111011111111100111111100011111111001111110010011111111111111111100011111111111111111111111111111111111
11111111111011110001001111111011111111100111111100011111111001111110010011111111111111111100011111111011111111111111111111111111
11111111111011110001001111111011111111100111111100011111111001111110010011111111111111111100011111111111111111111111111111111111
11111111111011110001001111111011111111100111111100011111111001111110010011111111111111111100011111111111111111111111111111111111
11111111111011110001001111111011111111100111111100011111111001111110010011111111111111111100011111111111111111111111111111111111
11111111111011110001001111111011111111100111111100011111111001111110010011111111111111111100011111111111111111111111111111111111
11111111111011110011001111111011111111100111111100011111111001111110010011111111111111111100011111111111111111111111111111111111
11111111111011110011001111111011111111100111111100011111111001111110010011111111111111111100011111111111111111111011111111111111
11111111111011110011001111111011111111100111111100011111111001111110010011111111111111111100011111111111111111111011111111111111
11111111111011110011001111111011111111100111111100011111111001111110110011111111111111111100011111111111111111111011111111111111
11111111111011110011001111111011111111100111111100011111111001111110110011111111111111111100011111111111111111111011111111111111
11111111111011110011001111111011111111100111111100011111111001111110110011111111111111111100011111111111111111111011111111111111
11111111111011110011001111111011111111100111111100010111111001111110110011111111111111111100011111111111111111111011111111111111
11111111111011110011001111111011111111100111111100010111111001111110110011111111111111111100011111111111111111111011111111111111
11111111111011110011001111111111111111100111111100010111111001111110110011111111111111111100011111111111111111111011111111111111
11111111111011110011001111111111111111100111111100010111111001111110110011111111111111111100011111111111111111111011111111111111
11111111111011110011001111111111111111100111111100010111111001111110110011111111111111111100010111111111111111111011111111111111
11111111111011110011001111111111111111100111111100010111111001111110110011111111111111111100010111111111111111111011111111111111
11111111111011110011001111111111111111100111111100010111111001111110110011111111111111111100010111111111111111111011111111111111
11111111111011110011001111111111111111100111111100010111111001111110110011111111110111111100010111111111111111111011111111111111
11111111111011110011001111111111111111100111111100010111111001111110110011111111110111111100010111111111111111111011111111111111
11111111111011110011001111111111111111100111111100010111111001111110110011111111110111111100010111111111111111111011111111111111
11111111111011110011001111111111111111100111111100010111111011111110110011111111110111111100010111111111111111111010111111111111
11111111111011110011001111111111111111101111111100110111111011111110110011111111110111111100010111111111111111111010111111111111
11111111111011111111111111111111111111111111111111111111111111111111111111111111111111111110111111111111111111111010111111111111
11111111111011111111111111111111111111111111111111111111111111111111111111111111111111111111111111111111111111111010111111111111
11111111111011111111111111111111111111111111111111111111111111111111111111111111111111111111111111111111111111111010111111111111
11111111111111111111111111111111111111111111111111111111111111111111111111111111111111111111111111111111111111111010111111111111
11111111111111111111111111111111111111111111111111111111111111111111111111111111111111111111111111111111111111111010111111111111
11111111111111111111111111111111111111111111111111111111111111111111111111111111111111111111111111111111111111111010111111111111
11111111111111111111111100111111111111111111111111111111111111111111111111111111111111111111111111111111111101111010111111111111
11111111111111111111111111111111111111111111111111111111111111111111111111111111111111111111111111111011111111111110111111111111
11111111111111111111111111111111111111111111111111111111111111111111111111111111111111111111111111111111111111111110111111111111
11111111111111111111111111111111111111111111111111111111011111111111111111111111111111111111111111111111111111111111111111111111
11111111111111111111111111111111111111111111111111111111111111111111111111111111111111111111111111111111111111111111111111111111
11111111111111111111111111111111111111111111111111111111111111111111111111111111111111111111111111111111111111111111111111111111
11111111111111111111111111111111111111111111111111111111111111111111111111111111111111111111111111111111111111111111111111111111