11111111111111111111111111111111111111111111111111111111111111111111111111111111111111111111111111111111111111111111111111000000
11111111111111111111111111111111111111111111111111111111111111111111111111111111111111111111111111111111111111111111111111000000
11111111111111111111111111111111111111111111111111111111111111111111111111111111111111111111111111111111111111111111111111000000
11111111111111111111111111111111111111111111111111111111111111111111111111111111111111111111111111111111111111111111111111000000
11111111111111111111111111111111111111111111111111111111111111111111111111111111111111111111111111111111111111111111111111000000
11111111111111111111111111111111111111111111111111111111111111111111111111111111111111111111111111111111111111111111111111000000
11111111111111111111111111111111111111111111111111111111111111111111111111111111111111111111111111111111111111111111111111000000
11111111111111111111111111111111111111111111111111111111011111111011111111111111111011111111111111111111111111111111111111000000
11111111111111111111101110001111111111111111110011111111011111111011111111111111111111110111111111111111111111111111111111000000
11111111111111111111101110001100011111111111110011111111111111111111111111111111111111111111111111111111111111111111111111000000
11111111111111111111111110001100011111111111111111111111111111111111111111111111111111111111111111111111111111111111111111000000
11111111111111111111110110101111011111111111111111111111111111111111111111111111111111111111111111111111111111111111111111100000
11111111111111111111110110111111111111111111111111111111111111111111111111111111111111111110111111111111111111111111111111100000
11111111111111111111111111111111111111111111111111111111111111111111111111111111111111111111111111111111111111111111111111100000
11111111111111111111111111111111111111111111111111111111111111111111111111111111111111111111111111111111111111111111111111100000
11111111111111111111111111111111111111111111111111111111111111111111111111111111111111111111111111111111111111111111111111100000
11111111111111111111111111111111111111111111111111111111111111111111111111111111111111111111111111111111111111111111111111100000
11111111111111111111111111111111111111111111111111111111111111111111111111111111111111111111111111111111111111111111111111100000
11111111111111111111111111111111111111111111111111111111111111111111111101111111111111111111111111111111111111111111111111100000
11111111111111111000000000111111111111100000000011100110110000000011110000001110010111111111111111111111111111111111111111100000
11111111111111110000000000111111111111100000000011100110110000000011110000001110000111111111111111101111011111111111111111100000
11111111111111111000000000111111111111100000000011100110110000000011110000001110000111111111111111101111011111111111111111100000
11111111111111111000000000111111111111100000000011100110110000000011110000000110000111111111111111101111011111111111111111100000
11111111111111110000000000111111111111100000000011100110110000000011110000000110000111111111111111101111011111111111111111100000
11111111111111110000000000111111111111100000000011100110110000000011110000000110000111111111111111111111010111111111111111110000
11111111111111110000000000111111111111100000000011100110110000000011110000000110000111111111111111111111011111111111111111110000
11111111111111110000000000111111111111100000000011100110110000000011110000000110000111111111111111111111011111111111111111110000
11111111111111110000000000111111111111100000000011100110110000000011110000000110000111111111111111111111011111111111111111110000
11111111111111110000000000111111111111100000000011100110110000000011110000000110000111111111111111111111010111111111111111110000
11111111111111110000000000111111111111100000000011100110110000000011110000000110000111111111111111111111010111111111111111110000
11111111111111110000000000111111111111100000000011100110110000000011110000000110000011111111111111111111010111111111111111110000
11111111111111110000000000111111111111100000000011100110110000000011110000000110000011111111111111111111010111111111111111110000
11111111111111110000000000111111111111100000000011100110110000000011110000000110000011111111111111111111010111111111111111110000
11111111111111110000000000111111111111100000000011100110110000000011110000000110000011111111111111111111010111111111111111110000
11111111111111110000000000111111111111100000000011100110110000000011110000000110000011111111111111111111111111111111111111110000
11111111111111110000000000111111111111100000000011100110110000000011110000000110000011111111111111111111111111111111111111110000
11111111111111110000000000111111011111100000000011100110110000000011110000000110000011111111111111111111111111111111111111111000
11111111111111110000000000111111011111100000000011100110110000000011110000000110000011111111111111111111111111111111111111111000
11111111111111110000000000111111011111100000000011100110110000000011110000000110000011111111111111111111111111111111111111111000
11111111111111110000000000111111011111100000000011100110110000000011110000000110000011111111111111111111111111111111111111111000
11111111111111110000000000111111011111100000000011100110110000000011110000000110000011111111111111111111111111111111111111111000
11111111111111110000000000111111011111100000000011100110110000000011110000000110000011111111111111111111111111111111111111111000
11111111111111110000000000111111011111100000000011100110110000000011110000000110000011111101111111111111111111111111111111111000
11111111111111110000000000111111011111100000000011100110010000000011110000000110000011011101111111111111111111111111111111111000
11111111111111110000000000111111011111100000000011100110010000000011110000000110000011011101111111111111111101111111111111111000
11111111111111110000000000111111011111100000000011100110010000000011110000000110000011011101111111001111111001111111111111111000
11111111111111110000000000111011011111100000000011100110010000000011110000000110000011011101101111001111100001111111111111111100
11111111111111110000000000111011011111100000000011100110010000000011110000000110000011011101101111001111100001111111111111111100
11111111111111110000000000111011011111100000000011100110010000000011110000000110000011011101101111001111100001111111111111111110
11111111111111110000000000111011011111100000000011100110010000000011110000000110000011011101101111001111100001111111111111111111
11111111111111110000000000111011011111100000000011100110010000000011110000000110000011011101101111001111100001111111111111111111
11111111111111110000000000111011011111100000000011100110010000000011110000000110000011011101101111000111100001111111111111111111
11111111111111110000000000111011011111100000000011100110010000000011110000000110000011011101101111000111100001111111111111111111
11111111111111110000000000111011011111100000000011100110010000000011110000000110000011011101101111000111100001111111111111111111
11111111111111110000000000111011011011100000000011100110010000000011110000000110000011011101101111000111100001111111111111111111
11111111111111110000000000111011011111100000000011100110010000000011110000000110000011011101101111000111100001111111111111111111
11111111111111110000000000111011011011100000000011100110010000000011110000000110000011011101101111000111100001111111111111111111
11111111111111110000000000111011011011100000000011100110010000000001110000000110000011011101101111000111100001111111111111111111
11111111111111110000000000111011011011100000000011100110010000000011110000000010000011011101101111000111100011111111111111111111
11111111111111110000000000111011011011100000000001100110010000000011110000000010000011011101101111000111100111111111111111111111
11111111111111110000000000111011011011100000000001100110010000000001110000000010000011011101101111000111101111111111111111111111
11111111111111110000000000111011011011100000000001100110010000000001110000000010000011011101101111000111101111111111111111111111
11111111111111110000000000111011011011100000000001100110010000000001110000000010000011011101101111000111101111111111111111111111
11111111111111110000000000111011011011100000000001100110010000000001110000000010000001011101101111000111101111111111111111111111
11111111111111110000000000111011011011100000000001100110010000000001110000000010000001011101101111000111101111111111111111111111
11111111111111110000000000111011011011100000000001100110010000000001110000000010000001011101101111000111101111111111111111111111
11111111111111110000000000111011011011100000000001100110010000000001110000000010000001011111101111000111101111111111111111111111
11111111111111110000000000111011011011100000000001100110010000000001110000000010000001011111101111000111101111111111111111111111
11111111111111110000000000111011011011100000000001100110010000000001110000000000000001011111101111000111100000000000000000000000
11111111111111110000000000111011011011100000000001100110010000000001110000000000000001001111101111000111100000000000000000000000
11111111111111110000000000111011011011100000000001100110010000000001110000000000000001001111101111000111100000000000000000000000
11111111111111110000000000111011011011100000000001100110010000000001110000000000000001001111101111000111100000000000000000000000
11111111111111110000000000111011011011100000000001100111010000000001110000000000000001001111101111000111100000000000000000000000
11111111111111110000000000111011011011100000000001100111000000000001110000000000000001001110101111000111100000000000000000000000
11111111111111110000000000111011011011100000000001100111000000000001111000000010000001001110101111000111100000000000000000000000
11111111111111110000000000111011011011100000000001100111000000000001111000000010000001001111101111000111100000000000000000000000
11111111111111110000000000111011011011100000000001100111000000000001111000000010000001001111101111000111100000000000000000000000
11111111111111110000000000111011011011100000000001100111000000000001111000000000000001001110101111000111100000000000000000000000
11111111111111110000000000111011011011100000000001100011000000000001111000000010000001001110101111000111100000000000000000000000
11111111111111110000000000111011011011100000000001100011000000000001111000000010000001001110101111100111100000000000000000000000
11111111111111110000000000111011011011100000000001100011000000000001111000000010000001001110101111100111100000000000000000000000
11111111111111110000000000111011011011100000000001100011000000000001111000000010000001001110100111100111100000000000000000000000
11111111111111110000000000111011011011100000000001100011000000000001111000000000000001001110100111100111100000000000000000000000
11111111111111110000000000111011011011100000000001100011000000000001111000000000000001101110100111100111100000000000000000000000
11111111111111110000000000111011011011100000000001100011000000000001111000000000000001101110110111100111100000000000000000000000
11111111111111110000000000111011011011100000000001100011000000000001111000000000000001101110110111100111100000000000000000000000
11111111111111110000000000111011011011100000000001100011000000000001111000000000000001101110110111100111100000000000000000000000
11111111111111110000000000111011011011100000000001100011010000000001111000000000000001101110110111100111100000000000000000000000
11111111111111110000000000111011011011100000000001100011011000000001111000000000000001101110110111100111100111111111111111111111
11111111111111110000000000111011011011100000000001100011011000000001111000000000000001101110110111100111100111111111111111111111
11111111111111110000000000111011011011100000000001100011011000000001111000000000000001101110110111100111110111111111111111111111
11111111111111110000000000111011011011100000000001100011011000000001111000000000000001101110110111100011110111111111111111111111
11111111111111110000000000111011011011100000000001100011011000000001111000000000000001101110110111100011110111111111111111111111
11111111111111110000000000111011011011100000000001100011011000000001111000000000000001101110110111100011110111111111111111111111
11111111111111110000000000111011011011100000000001100011011000000001111000000000000000001110110111100011110111111111111111111111
11111111111111110000000000111011011011100000000001100011011000000001111000000000000000001110110111100011110011111111111111111111
11111111111111110000000000111011011011100000000001100011011000000001111000000000000001101110110111100011110011111111111111111111
11111111111111110000000000111011011011100000000001100011011000000001111000000000000001101110110111100011110000111111111111111111
11111111111111110000000000111011011011100000000001100011011000000001111000000000000000001110110111100011110000111111111111111111
11111111111111110000000000111011011011100000000001100011011000000001111000000000000000001110110111100011110000111111111111111111
11111111111111110000000000111011011011100000000001100011011000000001111000000000000000001110110111100011110000111111111111111111
11111111111111110000000000111011011011100000000001100011011000000001111000000000000000001110110111100011110000111111111111111111
11111111111111110000000000111011011011100000000001100011011000000001111000000000000000001110110111100011110000111111111111111111
11111111111111110000000000111011011011100000000001100011011000000001111000000000000000001110110111100011110000111111111111111111
11111111111111110000000000111011011011100000000001100011011000000001111000000000000000001110110111100011110000111111111111111111
11111111111111110000000000111011011011100000000001100011011000000001111000000000000000001110110111100011110000111111111111111111
11111111111111110000000000111011011011100000000001100011011000000001111000000000000000001110110111100011110000111111111111111111
11111111111111110000000000111011011011100000000001100011011000000001111000000000000000001110110111100011110000111111111111111111
11111111111111110000000000111011011011100000000001100011011000000001111000000000000001101110110111100011110000111111111111111111
11111111111111110000000000111011011011100000000001100011011000000001111000000011000001101110110111100011110000111111111111111111
11111111111111110000000000111011011011100000000001100011011000000001111000000011000001101110110111100011110000111111111111111111
11111111111111110000000000111011011011100000000001100011011000000001111000000011000001101110110111100011110000111111111111111111
11111111111111110000000011111111111111111000111101100111011111000011111011010111100001101110111111111111111100111111111111111111
11111111101111110000000011110111111011111000111101111111011111000111111111110111110011111111111111111111111100111011111111111111
11111111000111110000000011100011110000111000111100011111001111000111001111100111110011110000111000111100011100111101111111111111
11111110110111110001110011100011111100111100111100011110001111000110001111000111110011110000111000111100011100111110111111111111
11111110110111110001110111100011111101111100111101101111110111000111101111111011111101111100111100111110011100111111011111111111
11111110110111110001101111100011111101111100111011101111110111000111101111111011111101111101111100111110011100111111011111111111
11111111000111110001101111100011111011111100111011101111101111000111001111111111111111111101111100111110011100111110111111111111
11111111000111111111101111100011111011111110111011101111001111010111101111110111111011111111111110111111011111111111111111111111
11111111101111111111111111101101111111111111011001101110011111111111110111101111110111111011111111011111101111111011111111111111
11111111101111111111111111101011111111111110111101101110011111111111110111001111110111111011111111011111011111111111111111111111
11111111111111111111111111100011111111111000111100011110001111111111001111000111100111111011111100111110011111111111111111111111
11111111111111111111111111111111111111111111111110111110001111111111001111000111100001111111111100111110011111111111111111111111
11111111111111111111111111111111111111111111111111111111111111111111111111111111111111111111111111111111111111111111111111111111
11111111111111111111111111111111111111111111111111111111111111111111111111111111111111111111111111111111111111111111111111111111
11111111111111111111111111111111111111111111111111111111111111111111111111111111111111111111111111111111111111111111111111111111
11111111111111111111111111111111111111111111111111111111111111111111111111111111111111111111111111111111111111111111111111111111