11111111111111111111111111111111111111111111111111111111111111111111111111111111111111111111111111111111111111111111111111111111
11111111111111111111111111111111111111111111111111111111111111111111111111111111111111111111111111111111111111111111111111111111
11111111111111111111111111111111111111111111111111111111111111111111111111111111111111111111111111111111111111111111111111111111
11111111111111111111111111111111111111111111111111111111111111111111111111111111111111111111111111111111111111111111111111111111
11111111111111111111111111111111111111111111111111111111111111111111111111111111111111111111111111111111110111111111011111111111
11111111111111111111111111111111111111110011110111111111111111111101111111111111111111011111111101111111110111111111111111111111
11111111111111111111111111111111111111111111111111111111111111111101111111111111111111111111111101111111111111111111111111111111
11111111110111111111111111111111111111111111100111111111111110111101111111110111101111111101111111111111111111111111111111111111
11111111111111111111111111111111111111111111100111001111111110111111111111111111111111111111111011111111111111111111111111111111
11111111111111111111111110011111111101111111111111111111111111111111111111111011111111111111111111111111111111111111111111111111
11111111111111111111111111011111111111111111111011111111111111111111111111111111111111111111111111111011111111111111111111111111
11111111111111111111111111111111111111111111111111111111111111111111111111111111111111111111111111111111111111111111111111111111
11111111110111111111111111111111111111111111111111111111111111111111111111111111111111111111111111111111111111111111111111111111
11111111111111111111111111111111111111111111111111111111111111111111111111111111111111111111111111111111111111111111111111111111
11111111111111111111111111111111111111111111111111111111111111111111111101111111111111111111101011110101110000011111111111111111
11111111111111111111111111111111111111111110001111111001101100111111011101100111100011110111101011110001110000011111111111111111
11111111111111111101010001011111111111111110001100110001001100111111011101111111100011110111101011110001110000011111111111111111
11111111111111111101010001011111111111111110001100111001101100111111011101111111100011110111100011110001110000011111111111111111
11111111111111111101010001011111111111111110000100111001101100111111011101111111100011110111100011111001110000011111111111111111
11111111111111111101010001011111111111111110000100011001101100111111011101111111100011110111100011111001110000011111111111111111
11111111111111111101010001011111111111111110000100011001101100111111011101111111100011110111110011111001110000011111111111111111
11111111111111111101010001011111111111111110000100011001101100111111011101111111100011110111110011111000110000011111111111111111
11111111111111111101010001011111111111111110000100011001101100111111011101111111100011110111110011111000110000011111111111111111
11111111111111111101010001011111111111111110000100011001101100111111011101111111100011111111110011111000110000011111111111111111
11111111111111111101010001011111111111111010000100011001101100111111011101111111100011111111111111111000110000011111111111111111
11111111111111111101010001011111111111111010000100011001101100111111011101111111110011111111111111111110110000011111111111111111
11111111111111111101010001011111111110111010000100011001101100111111011101111111110011111111111111111110110000001111111111111111
11111111111111111101010001011110111110111010000100011001101100111111011100000111110011111111111111111110110000001111111111111111
11111111111111111101010001011110111110111010000100011001101100111111011100000111110011111111111111111110110000101111111111111111
11111111111111111101010001011110110110111010000100011001101100111111011100000111110011111111111111111110110000101111111111111111
11111111111111111100011001011110110110111010000100011001101100111111011100100111110011111111111111111000110000001111111111111111
11111111111111111100011001011110110110111010000100011001101100111111011100100111110011111111110011111000110000001111111111111111
11111111111111111100011001011110110110111010000100011001101100111101001100101111110011111111110011111000111000001111111111111111
11111111111111111110011001001110110110111010000100011001101100110101001100101111110011111111110011111000111000001111111111111111
11111111111111111110011001001110110110111010000110011001101100010101001100101111110011111111110011111010111000001111111111111111
11111111111111111110011001001110110110111011000110011001101100010101001100101111110011111011110001111010111000001111111111111111
11111111111111111110011001001110110110111011000110011001101100010101001100101111110011111011110101111010111000111111111111111111
11111111111111111110011001001110110110111011000110011000101100010101001100101111110001111011110101111010111000111111111111111111
11111111111111111111111001001110110110111011000110011000100100010101001100101111110001111011110101111010111000111111111111111111
11111111111111111111111001001110110110111011000110011000100100010101001100101111110001111011110001111010111000111111111111111111
11111111111111111111111001001110110110111011000110011000100100010101001100100111110001111011110001111000111000111111111111111111
11111111111111111111111001001110110110111111000110011000100100010101001110000011110001111011110001111100111000111111111111111111
11111111111111111111111001001110110110111111000110011000100100010101001110000011110001111011110001111100111000001111111111111111
11111111111111111111111001001110110110111111000110011000100100010111101110111011110001111011111001111100011000001111111111111111
11111111111111111111111001001110111111111111000110011000100110011111101110111011110001111011111001111100011000001111111111111111
11111111111111111111111001101110111111111111000110011000100110011111101110111011110001111011111001111100011000001111111111111111
11111111111111111111111001101111111111111111000110011000100110011111101110111011110001111011111001111100011000000111111111111111
11111111111111111111111001101111111111111111000110011000110110011111101110111011110001111111111001111110011000010111111111111111
11111111111111111111111001101111111111111111000110011100110110011111101110111011110001111111111111111110011000010111111111111111
11111111111111111111111001101111111111111111000110011100110110011111101110111011110001111111111111111110011000010111111111111111
11111111111111111111111001101111111111111111000110011100110110011111101110111011111001111111111111111110011000010111111111111111
11111111111111111111111001101111111111111111000110011100110110011111101110111011111001111111111111111110011000010111111111111111
11111111111111111110011001101111111111111111000110011100110110011111101110111011111001111111111111111110011000010111111111111111
11111111111111111110011001101111111111111111000010011100110110011111101110111011111001111111111111111100011100010111111111111111
11111111111111111110011001101111111111111111000010011100110110011111101110000011111001111111111111111100011100010111111111111111
11111111111111111110011001101111111111111111000010011100110110011111101110000011111001111111111001111100011100000111111111111111
11111111111111111110011001101111111111111111000010011100110110011111101110010011111001111111111001111100011100011111111111111111
11111111111111111110001001101111111111111111000010011100110110011111101110010011111001111111111000111111011100011111111111111111
11111111111111111110001001101111111111111111000010011100110110011111101110011111111001111111111010111111011100011111111111111111
11111111111111111110101001101111111111111111000010011100110110011111100110011111111001111101111010111100011100011111111111111111
11111111111111111110101001101111111111111111000010011100110110011010100110011111111001111101111010111100011100011111111111111111
11111111111111111110101001101111111111111101000010011100110110011010100110011111111000111101111010111100011100011111111111111111
11111111111111111110101001101111111111111101000010011100110110001010100110011111111000111101111010111100011100011111111111111111
11111111111111111110101001101111111111011101000010011100110110001010100110011111111000111101111000111100011100000111111111111111
11111111111111111110101001101111111111011101000011011100110110001010100110010011111000111101111000111110001100000111111111111111
11111111111111111110101001101111111011011101000011011100110110001010100110000011111000111101111000111110001100000111111111111111
11111111111111111110101001101111011011011101100011001100010010001010100110000001111000111101111100111110001100000111111111111111
11111111111111111110101001101111011011011101100011001100010010001010100110000101111000111101111100111110001100000011111111111111
11111111111111111110101001101111011011011101100011001100010010001010110111000101111000111101111100111111001100001011111111111111
11111111111111111110101001101111011011011101100011001100010010001010110111011101111000111101111100111111001100001011111111111111
11111111111111111110101101100111011011011101100011001100010010001011110111011101111000111111111111111111001100001011111111111111
11111111111111111110101101100111011011011101100011001100010010001011110111011101111000111111111111111111001100001011111111111111
11111111111111111110101101100111011011011101100011001100010010001011110111011101111000111111111111111111001100001011111111111111
11111111111111111110001101100111011011011101100011001100010011001111110111011101111000111111111111111111001110001011111111111111
11111111111111111110001100100111011011011101100011001100010011001111110111011101111100111111111111111110001110001011111111111111
11111111111111111110001100100111011011011111100011001100010011001111110111011101111100111111111111111110001110001011111111111111
11111111111111111111001100100111011011011111100011001100010011001111110111011101111100111111111111111110001110000011111111111111
11111111111111111111001100100111011011011111100011001100010011001111110111011101111100111111111100111111101110000011111111111111
11111111111111111111001100100111011011011111100011001100011011001111110111011001111100111111111100011111101110001111111111111111
11111111111111111111001100100111011011011111100011001100011011001111110111011001111100111111111100011111101110001111111111111111
11111111111111111111111100100111011011011111100011001110011011001111110111000111111100111111111100011111101110001111111111111111
11111111111111111111111100100111011011111111100011001110011011001111110111001111111100111111111100011111101110001111111111111111
11111111111111111111111100100111011111111111100011001110011011001111110111001111111100111110111101011111101110001111111111111111
11111111111111111111111100100111011111111111100011001110011011001111110011001111111100111110111101011111101110001111111111111111
11111111111111111111111100110111011111111111100011001110011011001111110011001111111100111110111101011111101110001111111111111111
11111111111111111111111100110111011111111111100001001110011011001111010011001111111100011110111101011110001110000011111111111111
11111111111111111111111100110111111111111111100001001110011011001111010011001111111100011110111101011110000110000011111111111111
11111111111111111111111100110111111111111111100001011110011011001101010011001111111100011110111100011110000110000111111111111111
11111111111111111111111100110111111111111111100001011110011011001101010011001111111100011110111100011110100110000101111111111111
11111111111111111111111100110111111111111111100001011110011011001101010011001111111100011110111110011110100110000101111111111111
11111111111111111111111100110111111111111111100001011110011011000101010011001001111100011110111110011110100110000101111111111111
11111111111111111111111100110111111111111111100001011110011011000101010011001001111100011110111110011110100110000101111111111111
11111111111111111111111100110111111111111110100001001110011011000101010011000000111100011110111110011110100110000101111111111111
11111111111111111111001100110111111111111110100001001110011011000101010011001010111100011110111110011110100110000101111111111111
11111111111111111111001100110111111111111110100001001110011011000101010011101010111100011111111110011110100110000101111111111111
11111111111111111111001100110111111111111110100001101110001001000101010011101010111100011111111111111110100110000101111111111111
11111111111111111111000100110111111111101110100001101110001001000101011011101010111100011111111111111110000110000101111111111111
11111111111111111111000100110111111111101110100001100110001001000101011011101010111100011111111111111110000111000101111111111111
11111111111111111111000100110111111111101110100001100110001001000101011011101010111100011111111111111111000111000101111111111111
11111111111111111111000100110111111111101110100001100110001001000101111011101010111110011111111111111111000111000111111111111111
11111111111111111111000100110111111111101110110001100110001001000111111011101010111110011111111110011111110111000111111111111111
11111111111111111111000100110111101101101110110001100110001001000111111011101010111110011111111110011111110111000111111111111111
11111111111111111111010100110111101101101110110001100110001001100111111011101010111110011111111110011111110111000111111111111111
11111111111111111111010100110111101101101110110001100110001001100111111011101000111110011111111110001111110111000111111111111111
11111111111111111111010100110111101101101110110001100110001001100111111011101000111110011111111110001111110111000111111111111111
11111111111111111111010100110111101101101110110001100110001101100111111011100000111110011111111110101111110111000111111111111111
11111111111111111111010100110111101101101110110001100110001101100111111011100011111110011111011110101111110111000111111111111111
11111111111111111111010100110111101101101111110001100110001101100111111011100111111110011111011110101111110111000111111111111111
11111111111111111111010100110011101101101111110001100111001101100111111011101111111110011111011110101111110111000111111111111111
11111111111111111111010100110011101101101111110001100111001101100111111011101111111110001111011110101111110111011111111111111111
11111111111111111111010100110011101101101111110001100111001101100111111001101111111110011111011111111111110111111001111111111111
11111111111111111111010100010011101101101111110001100111001101100111111011101111111111111111111111111111111111111001111111111111
11111111111111111111000110111111111111111111111111111111111111111111111111111111111111111111111111111111111111111010111111111111
11111111111111111111000111111111111111111111111111111111111111111111111111111111111111111111111111111111111111111010111111111111
11111111111111111111000111111111111111111111111111111111111111111110101111111111111111111111111111111111111111111010111111111111
11111111111111111111000111111111111111111111111111111101111110111110101111111111111111111111111101111111111110111010111111111111
11111111111111111111000111011111111111111111111111111111111111111110101111111111111111110111111111111111111111111010111111111111
11111111111111111111000111111111111111111111111111111111111111111110101111111111101111110111111111111111111111111111111111111111
11111111111111111111100111111111111111111111111111111111111110111111111111111111011111111111111111111111111111111111111111111111
11111111111111111111111111111111001111111111111111111111111101111111111111111111011111111111111111111111111111111111111111111111
11111111111100111111111111111111111111111111111111111111111111111111111111111111011111111111111111111111111111111111111111111111
11111111111111111111111111111111110111111111111111111111111111111111111111111111111111111111111111111111111111111111111111111111
11111111111111111111111111111111111111111111111011111101111110111111111111111111111111111111111111111111111111111111111111111111
11111111111111111111111111111111111111111111111111111111111111111111111111111111111111111111111111111111111111111111111111111111
11111111111111111111111111111111111111111111111111111111111111111111111111111111111111111111111111111111111111111111111111111111
11111111111111111111111111111111111111111111111111111111111111111111111111111111111111111111111111111111111111111111111111111111
11111111111111111111111111111111111111111111111111111111111111111111111111111111111111111111111111111111111111111111111111111111
11111111111111111111111111111111111111111111111111111111111111111111111111111111111111111111111111111111111111111111111111111111