11111111111111111111111111111111111111111111111111111111111111111111111111111111111111111111111111111111111111111111111111111111
11111111111111111111111111111111111111111111111111111111111111111111111111111111111111111111111111111111111111111111111111111111
11111111111111111111111111111111111111111111111111111111111111111111111111111111111111111111111111111111111111111111111111111111
11111111111111111111111111111111111111111111111111111111111111111111111111111111111111111111111111111111111111111111111111111111
11111111111111111111111111111111111111111111111111111111111111111111111111111111111111111111111111111111111111111111111111111111
11111111111111111111111111111111111111111111111111111100111111111111111111111111111111111111011111111111111111111111111111111111
11111111111111111111111111111111111111101111111111111111111111111111111111111111111111111111111111111111111111111111111111111111
11111111011110011101111101111111111111111111111111111111111111111011111111111111111111000111111111111111111111111111111101111111
11111111111110111101111100011111111111111110011100011111111000111111111111111111111111111111111111111101111111111111111111111111
11111111111111111101111100011111001111111111111111111111111111111111111111100011111111111111111111111111111111111111111111111111
11111111111111111101101100011111101111111111111111111111111111111111111111111111111111111111111111111111111111111111111111111111
11111111111111101101111101011111111111111111111111111111111111111111111111111111111111111111111111111111111111111111111111111111
11111111111110011100011111111111011111111111111111111111111111111111111111111111111111111111111111111111111111111111111111111111
11111111111111111111111111111111111111111111111111111111111111111111111111111111111111111111111111111111111111111111111111111111
11111111111111111111111111111111111111111111111111111111111111111111111111111111111111111111111111111111111111111111111111111111
11111111111111111111111111111111111111111111111111111111111111111111111111111111111111111111111111111111111111111111111111111111
11111111111111111111111111111111111111111111111111111111111111111111111111111111111111111111111111111111111111111111111111111111
11111111111111111111111111111111111111111111111111111111111111111111111111111111111111111111111111011110011111111111111111111111
11111111111111111111111111111111111111111111111111111111111011111100100111011101100111111100111111001110011111111111111111111111
11111111111111111111111111111111111111110111101011100111111011110100100111011101100111111100111111001110011111111111111111111111
11111111111111111100110111101111111111110011101011100111111011110100100111011101100111111100111111001110011111111111111111111111
11111111111111111100110011101111111111110111101011100111111011110100100111011101100111111100111111001110011111111111111111111111
11111111111111111100110011101111111111010011101111100111111011010100110111011101100111111100111111001110011111111111111111111111
11111111111111111100110011101111111111010011101111100111111011010100110111011101100111111100111111001110011111111111111111111111
11111111111111111100110011101111111111010011101111100111111011010100110111011101100111111100111111001110011111111111111111111111
11111111111111111100010011111111111111010011101111100111111011010100110111011101100111111100111111001110011111111111111111111111
11111111111111111100010011111111111111010011101111100111111011010100110111011101100111111100111111001110011111111111111111111111
11111111111111111100010011111111111111010011111111100111111011010100110111011101100111111100111111001110011111111111111111111111
11111111111111111100010011111111111111000011111111100111111011010100110111011101100111111100111111001110011111111111111111111111
11111111111111111100010011111111111111000011111111100111111011010100110111011101100111111100011111001110011111111111111111111111
11111111111111111100010011111111110111010011111111100111111001010100110111011101100111111100011111001110011111111111111111111111
11111111111111111100010011111111110111010011111111100111111001010110110111011101100111111100011111001110011111111111111111111111
11111111111111111100010011111111110111010011111111100111111001110110110111011101100111111100011111001110011111111111111111111111
11111111111111110100010011111111110111000011111111100111111001110110110111011101100111110100011111001110011111111111111111111111
11111111111111110100010011111111110111000011111111100111111001110110110111011101100111110100011111001110011111111111111111111111
11111111111111010100010011111110110111000011111111100111111001110110110111011101100111110100011111001110011111111111111111111111
11111111111111010100011011111110110111010011111111100111111101111110110111011101100111110100011111001110011111111111111111111111
11111111111111010100011011111110110111010011111111100011111101111110110111011101100111110110011111001110011111111111111111111111
11111111111111010100010011111110110111010011111111100010111101111110110111011101100111110110011111001110011111111111111111111111
11111111111111010100011011110110110111000011111111100010111101111110110111011101100111110110011111001110011111111111111111111111
11111111111111010100011011110110110111100011111111100010111101111110110111011101100111010110011111001110011111111111111111111111
11111111111111010100011011110110110111111011111111100010111101111110110111011101100111010110011111001110011111111111111111111111
11111111111111000100011011110110110111111011111111100010111101111110110111011101100111010110011111001110011111111111111111111111
11111111111111000000010011110110110111111011111111100010111101111110110111011101100111010110011111001110011111111111111111111111
11111111111111000000000011110110110111111011111111100010111101111110110111011101100111011110011111001110011111111111111111111111
11111111111111000000000011110110110111111011111111100010111101111110110111011101100111011110011111001110011111111111111111111111
11111111111111000000000001110110110111111011111101100010111101111110110111011101100111111110011111001110011111111111111111111111
11111111111111000000000001110110110111111011111101100010111101111110110111011101100111111110011111001110011111111111111111111111
11111111111111000000000001110110110111111011111101100010111101111110110111011101100111011110011111001110011111111111111111111111
11111111111111000000000001110110111111111011111101100010111101111110110111011101100011111110011111001110011111111111111111111111
11111111111111000000000001110110111111111011111101100010111101111110110111011101100011111110011111001110011111111111111111111111
11111111111111000000001001110110111111111011111101100010111101111110110111011101100011111110011111001110011111111111111111111111
11111111111111000000001001110110111111111011111101100010111101111110110111011101100011111110011111001110011111111111111111111111
11111111111111000000001001110110111111111011110101100011111101111110110111011101100011111110011111001110011011111111111111111111
11111111111111000000001001110111111111111001110101110011111101111110110111011101110011111110011111001110011011111111111111111111
11111111111111000000001001110111111111111001110101110011111101111110110111011101110011111110011111001110011011111111111111111111
11111111111111100000001001110111111111101001110111110011111101111110110111011101110011111110011111001110011111111111111111111111
11111111111111100000001001110111111111101001110111110011111101111110110111011101110011111110011111001110011111111111111111111111
11111111111111100000001001110111111111101001110101110011111101111110110111011101110011111110011111001110011111111111111111111111
11111111111111100000001001110111111111101001110111110011111101111110110111011101110011111110011111001110001111111111111111111111
11111111111111100000000001111111111111101001110111110011111101111110110111011101110011111110011111001110001111111111111111111111
11111111111111100000000001111111111111101001110111110011111101111110110111011111110011111110011111001110001111111111111111111111
11111111111111100000000001111111111111101001110111110011111101111110110111011111110011111110011111001110001111111111111111111111
11111111111111100000000001111111111011101001110111110011111101111110110111011111110011111110011111001110001111111111111111111111
11111111111111100000001001111111111011101001110111110011111101111110110111011111110011111110011111001110001111111111111111111111
11111111111111100000001001111111111011101001111111110011111101111110110111011110110011111110011111001110001111111111111111111111
11111111111111100000001001111111111011101001111111110011111101111110110011001110110011111110011111001111001111111111111111111111
11111111111111100000001001111111111011101001110111110011111101111110110011001110110011111110011111001111001111111111111111111111
11111111111111100000001001111111111011101001111111110011111101111110110011001110110011111110011111001111001111111111111111111111
11111111111111100000001001111111011011101001111111110011111101111110110011001110110011111110011111001111001111111111111111111111
11111111111111100000001001111111011011101001111111110011111101111110110011001110110011111110011111001111001111111111111111111111
11111111111111100000000001111111011011101001111111110011111101111110110011001110110011111110011111001111001111111111111111111111
11111111111111100000000001111111011011101001111111110011111101111110110011001110110011111110011111001111001111111111111111111111
11111111111111100000000001111111011011101001111111110011111101111110110011001110110011111110011111001111001111111111111111111111
11111111111111100000000001111111011011101001111111110011111101111110010011001110110011111110011111001111001111111111111111111111
11111111111111100000000001111111011011101001111111110011111101111010010011001110110011111110011111001111001111111111111111111111
11111111111111100000000001111011011011111001111111110011111101111010010011001110110011111110011111000111001111111111111111111111
11111111111111100000000001111011011011111001111111110011111101111010010011001110110011111110011111000111001111111111111111111111
11111111111111100000000001111011011011111001111111110011111101111010010011001110110011111110011111000111001111111111111111111111
11111111111111100000000001111011011011111001111111110011111101111010010011001110110011111110011111000111001111111111111111111111
11111111111111100000000001111011011011111001111111110011111101111010010011101110110011111110011111000111001111111111111111111111
11111111111111100000000001111011011011111001111111110011111101111010010011101110110011111110011111000111001111111111111111111111
11111111111111100000000001111011011011111001111111110011111101101010010011101110110011111110011111000111001111111111111111111111
11111111111111100000000001111011011011111001111111110011111101101010010011101110110011111110011111000111001111111011111111111111
11111111111111100000000001111011011011111001111111110011111100101010010011101110110011111110011111000111001111111011111111111111
11111111111111100000000001111011011011111001111111110011111100101011010011101110110011111110011111000111001111111011111111111111
11111111111111100000001101111011011011111001111111110011011100101011010011101110110011111110011111000111001111101011111111111111
11111111111111100000000001111011011011111001111111110011011100101011011011101110110011111110011111100111001111101111111111111111
11111111111111100000000001111011011011111101111111110011011100101011011011101110110011111110011111100111001111101111111111111111
11111111111111100000000001111011011011111101111111110011011100111011011011101110110011111110011111100111001111101111111111111111
11111111111111100000000000111011011011111101111111110011011100111011011011101110110011111010001111100111001101101111111111111111
11111111111111100000000000111011011011111101111111110001011100111011011011101110110011111010001111100111001101101111111111111111
11111111111111100000000000111011011011111101111111110001011100111011011011101110110011111010001111100111001101111111111111111111
11111111111111100000000000111011011011111101111111110001011100111011011011101110110011111010001111100111001101111111111111111111
11111111111111100000000000111011011011111101111111110001011100111011011011101110110011111010001111100111001101111111111111111111
11111111111111100000000000111011011111111101111111110001011100111011011011101110110011111010001111100111001101111111111111111111
11111111111111100000000000111011011011111101111111110001011100111011011011101110110011111010001111100111001101111111111111111111
11111111111111100000000000111011011111111101111111110001011100111011011011101110110011111010001111100111001101111111111111111111
11111111111111100000000000111011011111111101111111110001011110111011011011101110110011111011001111100111001101111111111111111111
11111111111111110000000000111011011011111101111111110001011110111011011011101110110011101011001111100111000101111111111111111111
11111111111111100000000000111011011011111101111111110001011110111011011011101110110011101011001111100111000101111111111111111111
11111111111111100000000000111011011011111101111111110001011110111011011011101110110011101011001111100111000101111111111111111111
11111111111111110000000000111011011011111001111111110001011110111011011011101110110011101011001111100111000101111111111111111111
11111111111111110000000000111011011011111101111111110001011110111011011011101110110011101011001111100111000101111111111111111111
11111111111111110000000000111011011011111101111111110001011110111111011011101110110011101011001111100111000111111111111111111111
11111111111111110000000000111011011111111101111111110001011110111111011011101110110011101011001111100111000111111111111111111111
11111111111111110000000000111011011111111101111111110001011110111111011011101110110011101011001111100111000111111111111111111111
11111111111111110000000000111011011111111101111111111111111111111111111111111111111111111111001111100111000111111111111111111111
11111111111111110000000101111111111111111111111111111111111111111111111111111111111111111111111111111111100111111111111111111111
11111111111111110001111111111111111111111111111111111111111111111111111111111111111111111111111111111111111111111111111111111111
11111111111111110001111111111111111111111111111111111111111111111111111111111111111111111111111111111111111111111111111111111111
11111111111111110001111111111101111100001111000111100011111111111111100011111101111110111111111111111111111111111111111111111111
11111111111001100001100001111000111111001111111111111111111011111111111101111001111111111111111111111111111111111111111111111111
11111111100001100001111001111000011111101111111111011101111111111111111101111101111111101111111111110111111110111111111111111111
11111111100000100001111101111000111111011110001111011101111111111111111101111101111011101111011111111111110111111111111111111111
11111111000100110001111011111000111111111111110111011101110111111111111011111101111011101111111111111111110111011111111011111111
11111111000000111101110011111000111110111111110111011101110101111111110111111101111011101111111111101111110111001101111111111111
11111111100000111111110111110000011110111111110111011101110001111111111111111111111011101110111111101011111111011111111111111111
11111111110001111111110111110111011110111111110111111101111101111111101111111111111111101110110111101011111100111111111111011111
11111111110001111111110111110000011110111111100111101111111101111111101111111111111111101111100111100001111110111111111110011111
11111111111011111111110111111000111110111111011111100011111111111111100001111111111101111111111111111011111111111111111110111111
11111111110011111111110111111111111111111111111111111111111111111111111111111111111111111111111111111111111101111111111011111111
11111111110111111111111111111111111111111111111111111111111111111111111111111111111111111111111111111111111011111111111111111111
11111111111111111111111111111111111111111111111111111111111111111111111111111111111111111111111111111111111111111111111111111111
11111111111111111111111111111111111111111111111111111111111111111111111111111111111111111111111111111111111111111111111111111111
11111111111111111111111111111111111111111111111111111111111111111111111111111111111111111111111111111111111111111111111111111111
11111111111111111111111111111111111111111111111111111111111111111111111111111111111111111111111111111111111111111111111111111111
11111111111111111111111111111111111111111111111111111111111111111111111111111111111111111111111111111111111111111111111111111111