11111111111111111111111111111111111111111111111111111111111111111111111111111111111111111111111111111111111111111111111111111111
11111111111111111111111111111111111111111111111111111111111111111111111111111111111111111111111111111111111111111111111111111111
11111111111111111111111111111111111111111111111111111111111111111111111111111111111111111111111111111111111111111111111111111111
11111111111111111111111111111111111111111111111111111111111111111111111111111111111111111111111111111111111111111111111111111111
11111111111111111111111111111111111111111111111111111111111111111111111111111111111111111111111111110111101111101111111111011111
11111111111111111111111111111111111111111111111111111111011111111101111011111011111011111111110111110111101111001111111110011111
11111111111111111111111111111111111111111111001111111111011111111101111111111111111111111111111111110111111111001111111110011111
11111111110111110001100011111111011111111111001111011111111110111111111111111111111111111111111111111111111111111111111111111111
11111111111111110001100011111111100111111111001111111111111111111111111110111111111111111111111111111111111111110111111111101111
11111111111111111101100011111111110111111111111111111111111111111111111111111111111111111111111111111111111111101111111111011111
11111111111101111101101011111111111111011111111111111111111111111110111111111111111111111111111111111111111111111111111111111111
11111111111101111111101111111111111111111111101111111111111111111111111111111111111111111111111111111111111111111111111111111111
11111011111111111111111111111111111111111111111111111111111111111111111111111111111111111111111111111111111111111111111111111111
11111111111111111111111111111111111111111111111111111111111111111111111111111111111111111111111111111111111111111111111111111111
11111111111111111111111111111111111111111111111110111111111111111111011101110111000111110000111000011111101111111000111111111111
11111111111111111110111011111110111111111001111000011001011110000000011100000111000111110000111000011111101110111000111111111111
11111111111111000000011011111110110111100001111000011000011110000000001100000111000111110000111000011111101110111000111111111111
11111111111111000000000011110110110111100001111000011000011110000000001100000111000111110000111000011011101110111000111111111111
11111111111111000000000011110110110111100001111000011000011110000000001100000111000111110000111000011011101110111000111111111111
11111111111111000000000011110110110111100001111000011000011110000000001100000111000111110000111000011011101110111000111111111111
11111111111111000000000011110110110111100001111000011000011110000000001100000111000111110000111000011011101110111000111111111111
11111111111111000000000011110110110111100001111000011000001110000000001100000111000111110000111000011011101110111000111111111111
11111111111111000000000011110110110111100001111000011000001110000000001100000111000111110000111000011011101110111000111111111111
11111111111111000000000011110110110111100001111000011000001110000000001100000111000111110000111000011011101110111000111111111111
11111111111111000000000011110110110111100001111000011000001110000000001100000111000111110000111000011011101110111000111111111111
11111111111111000000000011110110110111100001111000011000001110000000001100000111000111110000111000011011101110111000111111111111
11111111111111000000000011110110110111100001111000011000001110000000001100000111000111110000111000011011101110111000111111111111
11111111111111000000000011110110110111100001111000011000001110000000001100000111000111111000111000011011101110111000111111111111
11111111111111000000000011110110110111100001111000011000001110000000001100000111000111111000111000011011101110111000111111111111
11111111111111000000000011110110110111100001111000011100001110000000001100000111000111111000111000011011101110111000111111111111
11111111111111000000000011110110110111100001111000011100001111000000001100000111000111111000111000011011101110111000111111111111
11111111111111000000000011110110110111100001111000011100001111000000001100000111000111111000111000011011111110111000111111111111
11111111111111000000000011110110110111100001111000011100001111000000001100000111000111111000111000011011111110111000111111111111
11111111111111000000000011110110110111100001111000011100001111000000001100000111000111111000111000011011111110111000111111111111
11111111111111000000000011110110110111100001111000011100001111000000001100000111000111111000111000011011111110111000111111111111
11111111111111000000000011110110110111100001111000011100001111000000001100000111000111111000111000011011111110111000111111111111
11111111111111000000000011110110111111100001111000011100001111000000001100000111000111111000111000011011110110111000111111111111
11111111111111000000000011110110111111100001111000011100001111000000001100000111000111111000111000011011110110111000111111111111
11111111111111000000000011110110111111100001111000011100001111000000001100000111000111111000111000011011110110111000111111111111
11111111111111000000000011110110111111100001111000011100001111000000001100000111000111111000111000011011110110111000111111111111
11111111111111000000000011110110111111100001111000011100001111000000001100000111000111111000111000011011110110111000111111111111
11111111111111000000000011110110111111100001111000011100001111000000001100000111000111111000111000011011110110111000111111111111
11111111111111000000000011110110111111100001111000011100001111000000001100000111000111111000111000011011110110111000111111111111
11111111111111000000000011110110111111100001111000011100001111000000001100000111000111111000111000011011110110111000111111111111
11111111111111000000000011110110111111100001111000011100001111000000001100000111000111111000111000011011110110111000111111111111
11111111111111000000000011110110111111100001111000011100001111000000001100000111000111111000111000011011110110111000111111111111
11111111111111000000000011110110111111100001111000011100001111000000001100000111000111111000111000011011110110111000111111111111
11111111111111000000000011110110111111100001111000011100001111000000001100000111000111111000111000011111110110111000111111111111
11111111111111000000000011110110111111100001111000001100001111000000001100000111000111111000111000011111110110111000111111111111
11111111111111000000000011110110111111100001111000001100001111000000001100000111000111111000111000011111110110111000111111111111
11111111111111000000000011110110111111100001111000001100001111000000001100000111000111111000111000011111110110111000111111111111
11111111111111000000000011110110111111100001111000001100001111000000001100000111000111111000111000011111110110111000111111111000
11111111111111000000000011110110111111100001111000001100001111000000001100000111000111111000111000011111110110111000111111111000
11111111111111000000000011110110111111100001111000001100001111000000001100000111000111111000111000011111110110111000111111111000
11111111111111000000000011110110111111100001111000001100001111000000001100000111000011111000111000011111110110111000111111111000
11111111111111000000000011110110111111100001111000001100001111000000001110000111000011111000111000011111110110111000111111111000
11111111111111000000000011110110111111100001111000001100001111000000001110000111000011111000111000011101110110111000111111111000
11111111111111000000000011110110111111100001111000001100001111000000001110000111000011111000111000011101110110111000111111111000
11111111111111000000000011110110111111100001111000001100001111000000001110000111000011111000111000011101110110111000111111111000
11111111111111000000000011110110111111100001111000001100001111000000001110000111000011111000111000011101110110111000111111111000
11111111111111000000000011110110111111100001111000001100001111000000001110000111000011111000111000011101110110111000111111111000
11111111111111000000000011110110111111100001111000001100001111000000001110000111000011111000111000011101110110111000111111111000
11111111111111000000000011110110111111100001111000001100001111000000001110000111000011111000111000011101110110111000111111111000
11111111111111000000000011110110111111100001111000001100001111000000001110000111000011111000111000011101110110111100111111111000
11111111111111000000000011110110111111100001111000001100001111000000001110000111000011111000111000011101110110111100111111111000
11111111111111000000000011110110111111100001111000001100001111000000001110000111000011111000111000011101110110111100111111111000
11111111111111000000000011110110111111100001111000001100001111000000001110000111000011111000111000011101110110111100111111111000
11111111111111000000000011110110111111100001111000001100001111000000001110000111000011111000111000011101110110111100111111111000
11111111111111000000000011110110011111100001111000001100001111000000001110000111000011111000011000011101110110111100111111111000
11111111111111000000000011110110011111100001111000001100001111000000001110000111000011111000011000011101110110111100111111111000
11111111111111000000000011110110011111100001111000001100001111000000001110000111000011111000011000011101110110111100111111111111
11111111111111000000000011110110011111100001111000001100001111000000001110000111000011111000011000011101110110111100111111111111
11111111111111000000000011110110011111100001111000001100001111000000001110000111000011111000011000011101110110111100111111111111
11111111111111000000000011110110011111100001111000001100001111000000001110000111000011111000011000011101110111111100111111111111
11111111111111000000000011110110011111100001111000001100001111000000001110000111000011111000011000011101110111111100111111111111
11111111111111000000000011110110011111100001111000001100001111000000001110000111000011111000011000011101110111111100111111111111
11111111111111000000000011110110011111100001111000001100001111000000001110000011000011111000011000011101110111111100111111111111
11111111111111000000000011110110011111100001111000001100001111000000001110000011000011111000011000011101110111111100111111111111
11111111111111000000000011110110011111100001111000001100001111000000001110000011000011111000011000011101110111111100111111111111
11111111111111000000000011110110011111100001111000001100001111000000001110000011000011111000011000011101110111111100111111111111
11111111111111000000000011110110011111100001111000001100001111000000001110000011000011111000011000011101110111111100011111111111
11111111111111000000000011110110011111100001111000001100001111000000001110000011000011111000011000011101110111111100011111111111
11111111111111000000000011110110011111100001111000001100001111000000001110000011000011111000011000011101110111111100011111111111
11111111111111000000000011110110011111100001111000001100001111000000001110000011000011111000011000011101110111111100011111111111
11111111111111000000000011110110011111100001111000001100001111000000001110000011000011111000011000011101110011111100011111111111
11111111111111000000000011110110011111100001111000001100001111000000001110000011000011111000011000011101110011111100011111111111
11111111111111000000000011110110011111100001111000001100001111000000001110000011000011111000011000011101110011111100011111111111
11111111111111000000000011110110011111100000111000001100001111000000001110000011000011111000011000011101110011111100011111111111
11111111111111000000000011110110011111100000111000001100001111000000001110000011000011111000011000011101110011111100011111111111
11111111111111000000000011110110011111100000111000001100001111000000001110000011000011111000011000011101110011111100011111111111
11111111111111000000000011110110011111100000111000001100001111000000001110000011000011111000011000011101110011111100011111111111
11111111111111000000000011110110011111100000111000001100001111000000001110000011000011111000011000011101110011111100011111111111
11111111111111000000000011110110011111100000111000001100001111000000001110000011000011111000011100001101110011111100011111111111
11111111111111000000000011110110011111100000111000001100001111000000001110000011000011111000011100001101110011111110011111111111
11111111111111000000000011110110011111100000111000001100001111000000001110000011000011111000011100001101110011111110011111111111
11111111111111000000000011110110011111100000111000001100000111000000001110000011000011111000011100001101110011011110011111111111
11111111111111000000000011110110011111100000111000001100000111000000001110000011000011111000011100001101110011011110011111111111
11111111111111000000000011110110011111100000111000001100000111000000001110000011000011111000011100001101110011011110011111111111
11111111111111000000000011110110011111100000111000001100000111000000001110000011000011111000011100001101111011011110011111111111
11111111111111000000000011110110011111100000111000001100000111000000001110000011000011111000011100001101111011011110011111111111
11111111111111000000000011110110011111100000111000001100000111000000001110000011000001111000011100001101111011011110011111111111
11111111111111000000000011110110011111100000111000001100000111000000001110000011000001111000011100001101111011011110011111111111
11111111111111000000000011110110011111100000111000001100000111000000001110000011000001111000011100001101111011011110011111111111
11111111111111000000000011110110011011100000111000001100000111000000001110000011000001111000011100001101111011011110011111111111
11111111111111000000000011110110011011100000111000001100000111000000001110000011000001111000011100001101111011011110011111111111
11111111111111000000000011110110011011100000111000001100000111000000001110000011000001111000011100001101111011111110011111111111
11111111111111000000000011110110011011100000111000001100000111000000001110000011000001111000011100001101111011111110011111111111
11111111111111000000000011110110011011100000111000001100000111000000001110000011000001111000011100001101111011111110011111111111
11111111111111000000000011110110011011100000111000001101100111000000001110000011101111111111011111111111111111111110011111111111
11111111111111000000000011110110111111111101111110011111111111110001111111111111111111111111111111111111111111111110011111111111
11111111111111000110111111111111111111111111111111111111111111110001111111111111111111111111111111111111111111111110011111111111
11111111111111000111111111111111111111111111111111111111111111110001111111111111111111111111111111111111111111111110001111111111
11111111111111000111111111111111111111111111111111111111111111110001111111111111111111111111111111111111111111101110001111111111
11111111111111000111111111111111111111111111111111111111110111110001111111111111011111110111111011111100111111001110001111111111
11111111111111000111001111101111111101111100111111111111110111110001111111111111011111110111111111111100111111001111111111111111
11111110111111000111011111100111111111111100111111011111110111110111111111111111011111111111111111111100111111111111111111111111
11111110111111000111011111100111111111111111111111101111111111111111111111111111011111111111111101111111011111111111111111111111
11111001111111111111111111100111111111111111011111111111111111111111111111111111011111111011111101111111011111111111111111111111
11111101111111111111111111111011111111111111111111111111111111111111111111111111111111111111111111111100111111101111111111111111
11111111111111111111111111111011111111111111111111101111111111111111111111111111111111111111111111111111111111111111111111111111
11111111111111111111111111100111111111111111111111111111111111111111111111111111111111111111111111111111111111111111111111111111
11111111111111111111111111111111111111111111111111111111111111111111111111111111111111111111111111111111111111111111111111111111
11111111111111111111111111111111111111111111111111111111111111111111111111111111111111111111111111111111111111111111111111111111
11111111111111111111111111111111111111111111111111111111111111111111111111111111111111111111111111111111111111111111111111111111
11111111111111111111111111111111111111111111111111111111111111111111111111111111111111111111111111111111111111111111111111111111
11111111111111111111111111111111111111111111111111111111111111111111111111111111111111111111111111111111111111111111111111111111
11111111111111111111111111111111111111111111111111111111111111111111111111111111111111111111111111111111111111111111111111111111
11111111111111111111111111111111111111111111111111111111111111111111111111111111111111111111111111111111111111111111111111111111