11111111111111111111111111111111111111111111111111111111111100000000000000000000000001111111011111111111000000000001100000000000
11111111111111111111111111111111111111111111111111111111111110000000000000000000000001111111111111111111000000000000000000000000
11111111111111111111111111111111111111111111111111111111111111111000000000000000000001111111111111111111000000111100100000000000
11101111111111111111111111111111111111111111111111111111111111111111111000000000000001111111111111111111000001111111110000000000
11111101111111111111111111111111111111111111111111111111111111111111111111111111100000111111111111111111000001111111110000000000
11111110111111111111111111111111111111111111111111111111111111111111111111111111111110111111111111111110000001111111110000000000
11111111111111111111111111111111111111111111111111111111111111111111111111111111111111111111111111111100000000101111000000000000
11111111111111111111111111111111111111111111111111111111111111111111111111111111111111111111111111111100000000001110000000000000
11111111111111111111111111111111111101111111111111111111111111111111111111111111111111111111111111111111111100000110000000000000
11111111111111111111111111111111111111111111111111111111111111111111111111111111111111111111111111111111111111111111000000000000
11111111111111111111111111111111111111111111011111111111111111111111111111111111111111111111111111111111111111111111111111100000
11111111111111111111111111111111111101111111011111111111111111111111111101111111111111111111111111111111111111111111111111111111
11111111111111111111111111111111111111111111111111111111111111111111111111111111111111111111111111111111111111111111111111111111
11111111111111111111111111111111111111111111111111111111111111111111111111111111111111111111111111111111111111111111111111111111
11111111111111111111111111111111111111111111111111111111111111111111111111111111111111110111111111111111111111111111111111111111
11111111111111111111111111111111111111111111111111111111111111111111111111111111111111111111111111111111111111111111111111111111
11111111111111111111111111110111111111111111111111111111111111111111111111111111111111111111111111111111111111111111111111111111
11111000001111111111111111110011011111111111111111111111111111111111111111111111111111111111111111111111111111111111111111111111
11111000001111111111111111110011011111111111111111111111111111111111111111111111111111111111111111111111111111111111111111111111
00000000011111111111111111110111011111111111111110110011111111111111111111111111111111111111111111111111111111111111111111111111
00000000011111111111111111110111011111111111111110110011111001111111111111111111111111111111111111111111111111111111111111111111
00000000011111111111111111110111111111111111111110110011111001111000111111111111111111111111111111111111111111111111111111111111
00000000011111111111111111100110111111111111111110110011111001111000111111011111111111111111111111111111111111111111111111111111
00000000011111111111111111100110111111111111111110110011111001111000111111011111111111111111111111111111111111111111111111111111
11110000011111111111111111100110111111111111111110110011111001111000111111011111111111111111110111111111111111111111111111111111
11110011111111111111111111100110111111111111111110110111111001111000111111011111111111111111110111011111111111111111111111111111
11110011111111111111111111100110111111111111111111110111111011111001111110011111111111111111110111011111111111111111111111111111
11110011111111111111111111100110111111111111111111100111111011111001111110011111111111111111110111111111111111111111111111111111
11100011111111111111111111100110111111111111111101100111110011110001111110011111111111111111110111111111111111111111111111111111
00000001111111111111111111100110111111111111111101100111110011110001111110011111111111111111110111111111111111111111111111111111
00000000011111111111111111100110111111111111111101100111110011110001111110011111111111111111110110111111111111111111111111111111
01111110111111111111111111100110111111111111111101100111110011110001111110011111111111111111110110111111111111111111111111111111
11111111111111111111111111100110111111111111111101100111110011110001111110011111111111111111111110111111111111111111111111111111
01111111111111111111111111100110111111111111111101100111110011110001111110011111111111111111111110111111111111111111111111111111
01111111111111111111111111101110111111111111111101100111110011110001111110011111111111111111111110111111111111111111111111111111
00011111111111111111111111101110111111111111111101100111110011110001111110011111111111111111101110111111111111111111111111111111
00000000111111111111111111001100111111111111111101100111110011110001111110011111111111111111101110111111111111111111111111111111
00000000111111111111111111001101111111111111111101100111110011110001111110011111111111111111101110111111111111111111111111111111
00000000111111111111111111001101111111111111111101100111110011110001111110011111111111111111101110111111111111111111111111111111
00000000111111111111111111001101111111111111111101100111110011110001111110011111111111111111101110111111111111111111111111111111
00000000111111111111111111001101111111111111111101100111110011110001111110011111111111111111101110111111111111111111111111111111
00000011111111111111111111001101111111111111111101100111110011110001111110011111111111111111101110111111111111111111111111111111
00000011111111111111111111001101111111111111111101100111110011110001111110011111111111111111101110111111111111111111111111111111
00000011111111111111111111001101111111111111111011001111110011110001111110111111111111111111101110111111111111111111111111111111
00000011111111111111111111001101111111111111111011001111110111110001111110111111111111111111101110111111111111111111111111111111
00000101111111111111111111001101111111111111111011001111100111110001111110111111111111111111101110111111111111111111111111111111
00000101111111111111111111001101111111111111111011001111100111100011111100111111111111111111101110111111111111111111111111111111
00000001111111111111111111001101111111111111111011001111100111100011111100111111111111111111101110111111111111111111111111111111
00000001111111111111111111001101111111111111111011001111100111100011111100111111111111111111101110111111111111111111111111111111
00000001111111111111111110011101111111111111111011001111100111100011111100111111111111111111101110111111111111111111111111111111
00000001111111111111111110011101111111111111111011001111100111100011111100111111111111111111101110111111111111111111111111111111
00000001111111111111111110011011111111111111111011001111100111100011111100111111111111111111101110111111111111111111111111111111
10000001111111111111111110011011111111111111111011001111100111100011111100111111111111111111101110111111111111111111111111111111
11100001111111111111111110011011111111111111111011001111100111100011111100111111111111111111101111111111111111111111111111111111
11110001111111111111111110011011111111111111111011001111100111100011111100111111111111111111101111111111111111111111111111111111
11110001111111111111111110011011111111111111111011001111100111100011111100111111111111111111101101111111111111111111111111111111
11110001111111111111111110011011111111111111111011001111100111100011111100111111111111111111101101111111111111111111111111111111
11110001111111111111111110011011111111111111111011001111100111100011111100111111111111111111101101111111111111111111111111111111
11110011111111111111111110011011111111111111111011001111100111100011111100111111111111111111111101111111111111111111111111111111
11100011111111111111111110011011111111111111111111011111100111100011111100111111111111111111011101111111111111111111111111111111
11100011111111111111111110011011111111111111110110011111100111100011111100111111111111111111011101111111111111111111111111111111
11100011111111111111111110011011111111111111110110011111100111100011111100111111111111111111011101111111111111111111111111111111
11110011111111111111111110011011111111111111110110011111100111100011111100111111111111111111011101111111111111111111111111111111
11111011111111111111111110111011111111111111110110011111001111100011111101111111111111111111011101111111111111111111111111111111
11111111111111111111111100111011111111111111110110011111001111100011111101111111111111111111011101111111111111111111111111111111
11111111111111111111111100111011111111111111110110011111001111100111111001111111111111111111011101111111111111111111111111111111
11111111111111111111111100110111111111111111110110011111001111000111111001111111111111111111011101111111111111111111111111111111
11111111111111111111111100110111111111111111110110011111001111000111111001111111111111111111011101111111111111111111111111111111
11111111111111111111111100110111111111111111110110011111001111000111111001111111111111111111011101111111111111111111111111111111
11111111111111111111111100110111111111111111110110011111001111000111111001111111111111111111011101111111111111111111111111111111
11111111111111111111111100110111111111111111110110011111001111000111111001111111111111111111011101111111111111111111111111111111
11011111111111111111111100110111111111111111110110011111001111000111111001111111111111111111011101111111111111111111111111111111
11000111111111111111111100110111111111111111110110011111001111000111111001111111111111111111011101111111111111111111111111111111
11000111111111111111111100110111111111111111110110011111001111000111111001111111111111111111011101111111111111111111111111111111
11000111111111111111111100110111111111111111110110011111001111000111111001111111111111111111011101111111111111111111111111111111
10000111111111111111111100110111111111111111100110011111001111000111111001111111111111111111011101111111111111111111111111111111
00000111111111111111111100110111111111111111100110011111001111000111111001111111111111111111011101111111111111111111111111111110
00000111111111111111111100110111111111111111101100111111001111000111111001111111111111111111011111111111111111111111111111111110
00000111111111111111111101110111111111111111101100111111001111000111111001111111111111111111011011111111111111111111111111111110
00000111111111111111111001110111111111111111101100111111001111000111111001111111111111111111011011111111111111111111111111111110
00000111111111111111111001101111111111111111101100111110011111000111111001111111111111111111111011111111111111111111111111111110
00000111111111111111111001101111111111111111101100111110011111000111111001111111111111111111111011111111111111111111111111111110
00000111111111111111111001101111111111111111101100111110011111000111111001111111111111111110111011111111111111111111111111111110
00000111111111111111111001101111111111111111101100111110011110001111111011111111111111111110111011111111111111111111111111111110
00001111111111111111111001101111111111111111101100111110011110001111111011111111111111111110111011111111111111111111111111111110
00001111111111111111111001101111111111111111101100111110011110001111111011111111111111111110111011111111111111111111111111111110
00001111111111111111111001101111111111111111101100111110011110001111110011111111111111111110111011111111111111111111111111111110
00001111111111111111111001101111111111111111101100111110011110001111110011111111111111111110111011111111111111111111111111111110
00001111111111111111111001101111111111111111101100111110011110001111110011111111111111111110111011111111111111111111111111111110
00001111111111111111111001101111111111111111101100111110011110001111110011111111111111111110111011111111111111111111111111111110
00001111111111111111111001101111111111111111101100111110011110001111110011111111111111111110111011111111111111111111111111111110
00001111111111111111111001101111111111111111101100111110011110001111110011111111111111111110111011111111111111111111111111111110
00001111111111111111110001101111111111111111101100111110011110001111110011111111111111111110111011111111111111111111111111111110
00001111111111111111110011101111111111111111001100111110011110001111110011111111111111111110111011111111111111111111111111111110
00001111111111111111110011101111111111111111001000111110011110001111110011111111111111111110111011111111111111111111111111111110
00001111111111111111110011101111111111111111001001111110011110001111110011111111111111111110111011111111111111111111111111111110
00001111111111111111110011011111111111111111011001111110011110001111110011111111111111111110111011111111111111111111111111111111
00001111111111111111110011011111111111111111011001111110011110001111110011111111111111111110111011111111111111111111111111111111
00011111111111111111110011011111111111111111011001111100011110001111110011111111111111111110111011111111111111111111111111111111
00011111111111111111110011011111111111111111011001111100111110001111110011111111111111111110111011111111111111111111111111111110
00011111111111111111110011011111111111111111011001111100111110001111110011111111111111111110111011111111111111111111111111111110
00011111111111111111110011011111111111111111011001111100111110001111110011111111111111111110110011111111111111111111111111111110
11111111111111111111110011011111111111111111011001111100111100001111110011111111111111111110110111111111111111111111111111111110
11111111111111111111110011011111111111111111011001111100111100011111110011111111111111111100110111111111111111111111111111111110
11111111111111111111110011011111111111111111011001111100111100011111100111011111111111111110110111111111111111111111111111111110
11111111111111111111111111011111111111111111011001111100111100011111100111111111111111111101110111111111111111111111111111111111
11111111111111111111111111111111111111111111011001111100111100011111100111111111111111111101110111111111111111111111111111111110
11111111111111111111111111111111111111111111111001111100111100011111100111111111111111111101110111111111111111111111111111111110
11111111111111111111111111011111111111111111111111111111111100011111100111111111111111111101110111111111111111111111111111111110
11111111111011111111111111111111111110100111111111111111111111111111111111111111111111111101110111111111111111110111111111111111
11111111111011111111111111111111101111111111111111111011111111111111111111111111111111111101110111111111111111111111111111111110
11111111111111111111111111111111111111111111111111111111111111111111111111111111111111111111111111111111111111111111111111111110
11111111000111111111111111111111111111111111111111111111111111111111110111111000111111111111111111111111111111111111111111111110
11111111111111111111111111111110011111111111111011111110111011111111111111111111011110010111111111111111111111111111111111111110
11111111111111111111111111111111111111111111100011111110111011111111111111111111111111110111101111001111111111111111111111111000
11111111111111111111111111111111101111111111111011111111110111111111101111111110111111111111111111110111111111111111111111111100
11111111111111111111111111111111101111111111111111111111111111111111101111111101111111111111111110110111111011111111111111111100
11111111111111111111111111111111111111111111111111111111111111111111101111111111111111111111111111111111111111111111111111111110
11111111111111111111111111111110111111111111111111111111111111111111101111111111111111111111111111001111100111111111111111111110
11111111111111111111111111111111111111111111100111111111111111111111101111111111111111111111111111111111100111111111111111111110
11111111111111111111111111111111111111111111111111111111111001111111111111111111111111111111111111111111111111111111111011111100
11111111111111111111111111111111111111111111111111111111111111111111111001111111111111111111111111111111111111111111111111111100
11111111111111111111111111111111111111111111111111111111111111111111111111111111111111111111111111111111111111111111111111111100
11111111111111111111111111111111111111111111111111111111111111111111111111111111111111111111111111001111111111111111011111111110
11111111111111111111111111111111111111111111111111111111111111111111111111111111111111111111111111111111111111111111111111111110
11111111111111111111111111111111111111111111111111111111111111111111111111111111111111111111111111111111111111111111111111111110
11111111111111111111111111111111111111111111111111111111111111111111111111111111111111111111111111111111111111111111111111111110
11111111111111111111111111111111111111111111111111111111111111111111111111111111111111111111111111111111111111111111111111111110