11111111111111111111111111111111111111111111111111111111111111111111111111111111111111111111111111111111111111111111111111111111
11111111111111111111111111111111111111111111111111111111111111111111111111111111111111111111111111111111111111111111111111111111
11111111111111111111111111111111111111111111111111111111111111111111111111111111111111111111111111111111111111111111111111111111
11111111111111111111111111111111111111111111111111111111111111111111111111111111111111111111111111111111111111111111111111111111
11111111111111111111111111111111111111111111111111111111111111111111111111111111111111111111111111111111111111111111111111111111
11111111111111111111111111111111111111111111111111111111111111111111111111111111111111111111111111111111111111111111111111111111
11111111111111111111111111111111111111111111111111111111110111111111111111111111111111111111111111111111111111111111111111111111
11111111111111111111111111111111111111111111111111111111111111111111111111111111111111111111111111111111111111111111111111111111
11111111111111111111111111111111111111111111111111111111111111111111111111111111111111111111111111111111111111110111111111111111
11111110111111111111111011111111111111111111110111111111111111111111111111111111111111111111111111111111111111111111111111111111
11111111111111111011111011111111111101111111111111111111111111111111111111111111011111111111111111111111111111111111111111111111
11111111111111111111111110111111111111111111111111111111111111111111111111111111111111111111111111111111111111111111111111111111
11111111111111111111111110111111111111111111111111111111111111111111111111111111111111111111111111111111111111111111111111111111
11111111111111111111111111111111111111111111111111111111111111111111111111111111111111111111111111111111111111111111111111111111
11111111111111111111111111111111111111111111111111111111111111111111111111111111111111111111111111111111111111111111111111111111
11111111111111111111111111111111111111111111111111111111111111111111111111111111111111111111011011100111111110111111111111111111
11111111111111111111111111111111111111111111111111111111111111111111111111111011100110011111011011100111111110111111111111111111
11111111111111111111111111111111111111111110111101001110111111011011111111111011100100011111011011100110111110111111111111111111
11111111111111111111001110111111111101111110111101001110111111011010111111111011100110011111011001100110111110111111111111111111
11111111111111111111000110111111111101111110111101001110111111001010111111111011100100011111011001100010111111111111111111111111
11111111111111111111000110111111111101111110111101001110111111001011111111111011110110011111011001100010111111111111111111111111
11111111111111111111000110111111111101111110111101001110111111001011111111111011110110011111011001100010111111111111111111111111
11111111111111111111000110111111101101111110011111001110111111001011111111111001110110011111001001100010111111111111111111111111
11111111111111111111000110111111101101111110011111001110111111001111111111111001110110011111001001100010111111111111111111111111
11111111111111111111000110111111101101111110011111001110111111001111111111111001110110011111001001100010111111111111111111111111
11111111111111111111000110111111101101111110011111001110111111001111111111011001110110011111001001100011111111111111111111111111
11111111111111111111000110111111101101111110011111001110111111001111111111011001110110011111001001100011111111111111111111111111
11111111111111111111000110111111101101111110011111001110111111001111111111011001110110011111001001100011111111111111011111111111
11111111111111111111000110111111101101111110011111001110111111001111111111011001110110011101001001100011111111111111011111111111
11111111111111111111000110111111101101111110011111001110111111101111111111011001110110011101001001100011111111111111011111111111
11111111111111111111000110111111101111111110011111001110010111101111111111011001110110011101001001100011111111111111011111111111
11111111111111111111000110111111101111111110011111001110010111101111111111011001110110011101001001110011111111111111011111111111
11111111111111111111000110111111101111111110011111001110010111101111111111011001110000011101001001110011111111111111111111111111
11111111111111111111000110111111101101111110011111001110010111101111111111011001110010011101001001110011111111111111111111111111
11111111111111111111000110111111101111111110011111001110010111101111111111011001110010011101001001110011111111111111111111111111
11111111111111111111000110111111101111111110011111001110010111101111111111011001110010011101001001110011111111111111111111111111
11111111111111111101000110111111101111111110011111001110010111101111111111011101110010011101001001110011111111111111111111111111
11111111111111111101000110111111101111111110011111001110010111101111111111011101110010011101001001110011111111111111111111111111
11111111111111111101000110111111101111111111011111101110010111101111111111011101110010011101001101110011111111111111111111111111
11111111111111111101000110111111101111111111011111101110010111101111111111011101110010011101001101110011111111011111111111111111
11111111111111111101000110111101101111111111011111101110010111101111111111011101110010011101001101110011111111011111111111111111
11111111111111111101000110111101101111111111011111101110010111101111111111011101110010001101101101110011111111011111111111111111
11111111111111111101000110111101101111111111011111101110010111101111111111011101110010001101101101110011111011011111111111111111
11111111111111111101000110111101101111111111011111101110010111101111111111111101110010001101101101110011111011011111111111111111
11111111111111111101000110111101101111111111011111101110010111101111111111111101110010001101101101110011111011011111111111111111
11111111111111111101000110111101101111111011011111101110010111101111111111111101110010001101101101110001011011011111111111111111
11111111111111111101000110111101101111111011011111101110010111101111110111111101110010001101101101110001011011011111111111111111
11111111111111111101000110111101101111111011011111101110010111101111110111111101110010001101101101110001011011111111111111111111
11111111111111111101000110111101101111111011011111101110011111101111110111111101110010001101101101110001011011111111111111111111
11111111111111111101000110111101101111111011011111101110011111101111110111111101110010001101101100110001011011111111111111111111
11111111111111111101000110111101101111111011011111101110010111101111110111111101110010001101101100110001011011111111111111111111
11111111111111111101000110111101101111111011011111101110011111101101110111111101110010001101101100110001011011111111111111111111
11111111111111111101000110111101101111111011011111101110011111101101110111111101110010001101100100110001011011111111111111111111
11111111111111111101000110111101101111111011011111100110011111101101010111111101110010001101100100110001011011111111111111111111
11111111111111111101000110111101101111111011011111100110011111101101010111111101110010001101100100110001011011111111111111111111
11111111111111111101000110111101101111111011011111100110011111101101010111111101110010001111100100110001011011111111111111111111
11111111111111111101000110111101101111111011011111100110011111101101010111111101110010001111100100110001011011111111111111111111
11111111111111111101000110111101101111111011011111100110011111101101010111111101110010001111100100110001011111111111111111111111
11111111111111111101000110111101101111111011011111100110011111101101010111111101110010001111100100110001011111111111111111111111
11111111111111111101000110111101101111111011011111100110011111101101011111111101110010001111100100110001011111111111111111111111
11111111111111111101000110111101101110111011011111100110011111101101011111111100110010001111100100110001011111111111111111111111
11111111111111111101000110111101101110111011011111100110011111100101111111111100110010001111100100111001011111111110111111111111
11111111111111111101000110111101101110111011011111100110011111100101111111111100110010001111100100111001011111111110111111111111
11111111111111111101000110111101101110111011011111100110011111100101111111111100110010001111100100111001111111111110111111111111
11111111111111111101000110111101111110111011011111100110011111100101111111111100110010001111100100111001111111111110111111111111
11111111111111111101000110111101111110111011011111100110011111100101111111111100110010001110100100111001111111111110111111111111
11111111111111111101000110111101111110111011011111100110011111100101111111101100110011001110100100111001111111111110111111111111
11111111111111111101000110111101111110111011011110100110011111100101111111101100110011001110100100111001111111111110111111111111
11111111111111111101000110011101111110111011011110100110011111100101111111101100110011001110100100111001111111111110111111111111
11111111111111111101000110011101111110111011011110100110011111100101111111101100111011001110100100111001111111111110111111111111
11111111111111111101000110011101111110111011011110100110011111100101111111101100111011001110100100111001111111111110111111111111
11111111111111111101000110011101111110111011011110100110011111100101111111101100111011001110100000111001111111111111111111111111
11111111111111111101000110011101111110111011011110100110011111100101111111101100111011000110100000111001111111111111111111111111
11111111111111111101000110011101111110111011011110100110011111100101111111101100111011000110100100111001111111111111111111111111
11111111111111111101000110011101111110111011011110100111011111100101111111101100111011000110100100111001111111101111111111111111
11111111111111111101000110011101111110111011011110100111011111100101111111101110111011000110100100111001111111101111111111111111
11111111111111111101000110011101111110111011011110100111011111100101111111101110111011000110100100111001111111101111111111111111
11111111111111111101000110011101111110111011011110100111011111100101111111101110111000000110100100111001101111101111111111111111
11111111111111111101000110011101111110111011011110100111011111100101111111101110111000000110100100111001101111111111111111111111
11111111111111111101000110011101111110111011011110100111011111100101111111101110111000000110100100111001101111111111111111111111
11111111111111111101000110011101111110111011011110100111011111100101111111101110111001000110100100111001101101111111111111111111
11111111111111111101000110011101111110111011011110100111011111100101111111101110111001000110100100111001101101111111111111111111
11111111111111111101000110011101111110111011011110100111011111100101111111101110111000000110100100111001101101111111111111111111
11111111111111111101000110011101111110111011011110100111011111100101111111101110111000000110100100111001101101111111111111111111
11111111111111111101000110011101111110111011001110100111011111100101111111101110111000000110100000111001101101111111111111111111
11111111111111111101000110011101111110111011001110100111011111100101111111101110111001000110110110111000101111111111111111111111
11111111111111111101000110011101111110111011001110100111011111100101111111111110111001000111110110111000101111111111111111111111
11111111111111111101000110011101111110111111001110100111011111100101111111111110111001000111110110111000101111111111111111111111
11111111111111111101000110011101111110111111001111100111011111100111111011111110111001000111110110111000101111111111111111111111
11111111111111111101000110011101111110111111001111100111011111100111111011111110111001000111110110111000101111111111011111111111
11111111111111111101000110011101111110111111001111100111011111100111111011111110111000000111110110011000101111111111010111111111
11111111111111111101000110011101111110111111001111100111011011100111101011111110111001000111110110011000101111111111010111111111
11111111111111111101000110011101111110111111001111100111011011100111101011111110111000000111110110011000101111111111010111111111
11111111111111111101000110011101111110111111001111100111011011100111101011111110111000000111110110011000101111111111010111111111
11111111111111111101000110011101111110111111001111100111011011100110101011111110111000000111110110011000111111111111010111111111
11111111111111111101000110011101110110111111001111100111011011100110101011111110111000000111110110011000111111111111010111111111
11111111111111111101000110011101110110111111001111100111011011100110101011111110111000000111110110011000111111111111010111111111
11111111111111111101000110011101110110111111001111000111001011110110101011111110111000000111110010011000111111111111110111111111
11111111111111111101000110011101110110111111001111100111001011110110101011111110011000000111110010011000111111111111111111111111
11111111111111111101000110011101110110111111001111000111001011110110101011111110011000000111110010011000111111111111111111111111
11111111111111111101000110011101110110111111001111000111001011110110101011111110011000000111110010011000111111111111111111111111
11111111111111111101000110011101110110111111001111000111001011110110101011111110011000000111110010011000111111111111111111111111
11111111111111111101000110011101110110111111001111110111001011110110101011111110011000000111110010011000111111111111111111111111
11111111111111111101000110011101110110111111001111110111001011110110101011111110011000000111110010011000111111110111111111111111
11111111111111110101000110011101110110111111001111110111001011110110101011111110011000000111110010011100111111110111111111111111
11111111111111110101000110011101110110111111001111110111001011110110101011111110011000000111110010011100111111110111111111111111
11111111111111111101000110011101110110111111001111110111001011110110101011111110011000000111110010011100111111110111111111111111
11111111111111111101000110011101110110111111001111110111001011110110101011111110011001100111110010011100111111110111111111111111
11111111111111111101000110011101110110111111001111110111001011110110101011111110011100000111110010011100111111110111111111111111
11111111111111111101000110011101110110111111001111110111001011110110101011111110011101100111110010011100111110110111111111111111
11111111111111111101000110011101110110111111001111110111001111110110101011111110011101100111010010011100111110111111111111111111
11111111111111111101000110011101110110111111001111110111001111110110101011111110011101100111110011011100111111111111111111111111
11111111111111111101000110011111110110111111001111110111001111110110101011111110011101100111111111111111111111111111111111111111
11111111111111111101000110011111110110111111001111110111001111110110101111111111111111111111111111111111111111111111111111111111
11111111111111111101000110011111110110111111001111110111111111111110101111111111111111111111111111111111111111111111111111111111
11111111111111111101100110011111111111111111111111111111111111111110101111111111111111111111111111111111111111111111111111111111
11111111111111111101111111111111111111111111111111111111111111111110101111111111111111111111111111111111111111111111111111111111
11111111111111111101111111111111111111111111111111111111111111111110101111110111111011111111111111101111111111110011111111111111
11111111111111110101111111111111111111111111111111111111111111111110101111111111111111111111111111111111111111111111111111111111
11111111111111110101111111111111111111111111111111111011111111111110101111111111111111111111111111111111111111111111111111111111
11111111111111110101111011111110111111111111111111111111111111111110111111111111111111111111111111111111111111111111111111111111
11111111111111110101111011111011111111111111111111111111111111111111111111111111111111111111111111111111111111111111111111111111
11111111111111111101111111111101111111111111111111111111111111111111111111111111111111111111111111111111111111111111111111111111
11111111111111111111111111111111111111111111111111111111111111111111111111111111111111111111111111111111111111111111111111111111
11111110011111111111111111111111111111111111111111111111111111111111111111111111111111111111111111111111111111111111111111111111
11111111111111111111111111111111111111111111111111111111111111111111111111111111111111111111111111111111111111111111111111111111
11111111111111111111111111111111111111111111111111111111111111111111111111111111111111111111111111111111111111111111111111111111
11111111111111111111111111111111111111111111111111111111111111111111111111111111111111111111111111111111111111111111111111111111