00000110010000000000101000101110111111111111111111111111111111111110111111111111111111111111111111111111111111111000111111111100
00000101000000010000111001100111111111111111111111111111111111111111111111111111111111111111111111111111111111111000111111111111
01000000000001110001101111011111111111111111111111111111111111111111111111111111111111111111111111111000111011111101111111111111
00000000000001010001000111011011111111111111011111101111111111111111111111111111111111111111111111110000111100111111111111111111
00001000100010000100000110101011110111111111111111011011111111111111111111111111111111111111111111111011111111111111111111111111
00000000100001111001101111111111111111111111111111111111111111111111111111111111111111111111111111111111111111111111111111111111
11111111111111111111111111111111111111111111111111111111111111111111111111111111111111111111111111111111111111111111111111111111
11111111111111111111111111111111111111111111111111111111111111111111111111111111111111111111111111111111111111111111111111111111
11111111111111111111111111111111111111111111111111111111111111111111111111111111111111111111111111111111111111111111111111111111
11111111111111111111111111111111111111111111111111111111111111111111111111111111111111111111111111111111111111111111111111111111
11111111111111111111111111111111111111111111111111111111111111111111111111111111111111111111111111111111111111111111111111111111
11111111111111111111111111111111111111111111111111111111111111111111111111111111111111111111111111111111111111111111111111111111
11111111111111111111111111111111111111111111111111111111111111111111111111111111111111111111111111111111111111111111111111111111
11111111111111111111111111111111111111111111111111111111111111111111111111111111111111111111111111111111111111111111111111111111
11111111111111111111111111111111111111111111111111111111111111111111111111111111111111111111111111111111111111111111111111111111
11111111111111111111111111111111111111111111111111111111111111111111111111111111111111111111111111111111111111111111111111111111
11111111111111111111111111111111111111111111111111111111111111111111111111111111111111111111111111111111111111111111111111111111
11111111111111111111111111111111111111111111111111111111111111111111111111111111111111111111111111111111111111111111111111111111
11111111111111111111111111111111111111111111111111111111111111111111111111111111111111111111111111111111111111111111111111111111
11111111111111111111111111111111111111111111111111111111111111111111111111111111111111111111111111111111111111111111111111111111
11111111111111111111111111111111111111111111111111111111111111111111111111111111111111111111111111111111111111111111111111111111
11111111111111111111111111111111111111111111111111111111111111111111111111111111111111111111111111111111111111111111111111111111
11111111111111111111111111111111111111111111111111111111111111111111111111111100111111111111111111111110111111111111111111111111
11111111111111111111111111100111111111111111110111111110011111111111111111111100111111111111111111111110111111111111111111111111
11111111111111111111111111100111111111111111110111111110011111111111111111111100111111111111111111111110111111111111111111111111
11111111111111111111111111100111111111111111110111111110011111111111111111111100111111111111111111111110111111111111111111111111
11111111111111111111111111100111111111111111110111111110011111111111111111111100111111111111111111111110111111111111111111111111
11111111111111111111111111100111111111111111110111111110011111111111111111111100111111111111111111111110111111111111111111111111
11111111111111111111111111100111111111111111110111111110011111111111111111111100111111111111111111111110111111111111111111111111
11111111111111111111111111100111111111111111110111111110011111111111111111111100111111111111111111111110111111111111111111111111
11111111111111111111111111100111111111111111110111111110011111111111111111111100111111111111111111111110111111111111111111111111
11111111111111111111111111100111111111111111110111111110011111111111111111111100111111111111111111111110111111111111111111111111
11111111111111111111111111100111111111111111110111111110011111111111111111111100111111111111111111110110111111111111111111111111
11111111111111111111111111100111111111111111110111111110011111111111111111111100111111111111111111111110111111111111111111111111
11111111111111111111111111100111111111111111110111111110011111111111111111111100111111111111111111110110111111111111111111111111
11111111111111111111111111100110111111111111110111111110011111111111111111111100111111111111111111110110111111111111111111111111
11111111111111111111111111100110111111111111110111111110011111111111111111111100111111111111111111110110111111111111111111111111
11111111111111111111111111100110111111111111110111111110011111111111111111111100111111111111111111110110111111111111111111111111
11111111111111111111111111100110111111111111110111111110011111111111111111111100111111111111111111110110111111111111111111111111
11111111111111111111111111100110111111111111110111111110011111111111111111111100111111111111111111110110111111111111111111111111
11111111111111111111111111100110111111111111110111111110011111111111111111111100111111111111111111110110111111111111111111111111
11111111111111111111111111100110111111111111110111111110011111111111111111111100111111111111111111110110111111111111111111111111
11111111111111111111111111100110111111111111110111111110011111111111111111111100111111111111111111110110111111111111111111111111
11111111111111111111111111100110111111111111110111111110011111111111111111111100111111111111111111110110111111111111111111111111
11111111111111111111111111100110111111111111110111111110011111111111111111111100111111111111111111110110111111111111111111111111
11111111111111111111111111100110111111111111110111111110011111111111111111111100111111111111111111110110111111111111111111111111
11111111111111111111111111100110111111111111110111111110011111111111111111111100111111111111111111110110111111111111111111111111
11111111111111111111111111100110111111111111110111111110011111111111111111111100111111111111111111110110111111111111111111111111
11111111111111111111111111100110111111111111110111111110011111111111111111111100111111111111111111110110111111111111111111111111
11111111111111111111111111100110111111111111110111111110011111111111111111111100111111111111111111110110111111111111111111111111
11111111111111111111111111100110111111111111110111111110011111111111111111111100111111111111111111110110111111111111111111111111
11111111111111111111111111100110111111111111110111111110011111111111111111111100111111111111111111110110111111111111111111111111
11111111111111111111111111100110111111111111110111111111011111111111111111111100111111111111111111110110111111111111111111111111
11111111111111111111111111100110111111111111110111111111011111111111111111111100111111111111111111110110111111111111111111111111
11111111111111111111111111100110111111111111111111111111011111111111111111111100111111111111111111110110111111111111111111111111
11111111111111111111111111100110111111111111110111111111011111111111111111111100111111111111111111110110111111111111111111111111
11111111111111111111111111100110111111111111111111111111011111111111111111111100111111111111111111110110111111111111111111111111
11111111111111111111111111100110111111111111111111111111011111111111111111111100111111111111111111110110111111111111111111111111
11111111111111111111111111100110111111111111111111111111011111111111111111111100111111111111111111110110111111111111111111111111
11111111111111111111111111100110111111111111111111111111011111111111111111111100111111111111111111110110111111111111111111111111
11111111111111111111111111110110111111111111111111111111011111111111111111111100111111111111111111110110111111111111111111111111
11111111111111111111111111110110111111111111111111111111011111111111111111111100111111111111111111110110111111111111111111111111
11111111111111111111111111110110111111111111111111111111011111111111111111111100111111111111111111110110111111111111111111111111
11111111111111111111111111110110111111111111111111111111011111101111111111111100111111111111111111110110111111111111111111111111
11111111111111111111111111110110111111111111111111111111011111111111111111111100111111111111111111110110111111111111111111111111
11111111111111111111111111110110111111111111111111111111011111111111111111111100111111111111111111110110111111111111111111111111
11111111111111111111111111110110111111111111111111111111011111101111111111111100111111111111111111110110111111111111111111111111
11111111111111111111111111110110111111111111111111111111011111101111111111111100111111111111111111110110111111111111111111111111
11111111111111111111111111110110111111111111111111111111011111101111111111111100111111111111111111110110111111111111111111111111
11111111111111111111111111110110111111111111111111111111011111101111111111111100111111111111111111110110111111111111111111111111
11111111111111111111111111110110111111111111111111111111011111101111111111111100111111111111111111110110111111111111111111111111
11111111111111111111111111110110111111111111111111111111011111101111111111111100111111111111111111110110111111111111111111111111
11111111111111111111111111110110111111111111111111111111011111101111111111111100111111111111111111110110111111111111111111111111
11111111111111111111111111110110111111111111111111111111011111101111111111111100111111111111111111110110111111111111111111111111
11111111111111111111111111110110111111111111111111111111011111101111111111111100111111111111111111110110111111111111111111111111
11111111111111111111111111110110111111111111111111111111011111101111111111111100111111111111111111110110111111111111111111111111
11111111111111111111111111110110111111111111111111111111011111101111111111111100111111111111111111110110111111111111111111111111
11111111111111111111111111110110111111111111111111111111011111101111111111111100111111111111111111110110111111111111111111111111
11111111111111111111111111110110111111111111111111111111011111101111111111111100111111111111111111110111111111111111111111111111
11111111111111111111111111110110111111111111111111111111011111101111111111111100111111111111111111110111111111111111111111111111
11111111111111111111111111110110111111111111111111111111011111101111111111111100111111111111111111110111111111111111111111111111
11111111111111111111111111110110111111111111111111111111011111101111111111111100111111111111111111110111111111111111111111111111
11111111111111111111111111110110111111111111111111111111011111101111111111111100111111111111111111110111111111111111111111111111
11111111111111111111111111110110111111111111111111111111011111101111111111111100111111111111111111110110111111111111111111111111
11111111111111111111111111110010111111111111111111111111011111101111111111111100111111111111111111110111111111111111111111111111
11111111111111111111111111110010111111111111111111111111011111101111111111111100111111111111111111110111111111111111111111111111
11111111111111111111111111110010111111111111111111111111011111101111111111111100111111111111111111110111111111111111111111111111
11111111111111111111111111110010111111111111111111111111011111101111111111111100111111111111111111110111111111111111111111111111
11111111111111111111111111110010111111111111111111111111011111101111111111111100111111111111111111110111111111111111111111111111
11111111111111111111111111110010111111111111111111111111011111101111111111111100111111111111111111110111111111111111111111111111
11111111111111111111111111110011111111111111111111111111011111101111111111111100111111111111111111110111111111111111111111111111
11111111111111111111111111110011111111111111111111111111011111101111111111111100111111111111111111110111111111111111111111111111
11111111111111111111111111110011111111111111111111111111011111101111111111111100111111111111111111110111111111111111111111111111
11111111111111111111111111110011111111111111111111111111011111101111111111111100111111111111111111110111111111111111111111111111
11111111111111111111111111110011111111111111111111111111011111101111111111111100111111111111111111110111111111111111111111111111
11111111111111111111111111110011111111111111111011111111011111101111111111111100111111111111111111110111111111111111111111111111
11111111111111111111111111110011111111111111111011111111011111101111111111111100111111111111111111110111111111111111111111111111
11111111111111111111111111110011111111111111111011111111011111101111111111111100111111111111111111110111111111111111111111111111
11111111111111111111111111110011111111111111111011111111011111101111111111111100111111111111111111110111111111111111111111111111
11111111111111111111111111110011111111111111111011111111011111101111111111111100111111111111111111110111111111111111111111111111
11111111111111111111111111110011111111111111111011111111011111101111111111111100111111111111111111110111111111111111111111111111
11111111111111111111111111110011111111111111111011111111011111101111111111111100111111111111111111110111111111111111111111111111
11111111111111111111111111110011111111111111111011111111011111101111111111111100111111111111111111111111111111111111111111111111
11111111111111111111111111110011111111111111111011111111011111101111111111111111111111111111111111111111111111111111111111111111
11111111111111111111111111110111111111111111111111111111111111111111111111111111111111111111111111111111111111111111111111111111
11111111111111111111111111111111111111111111111111111111111111111111111111111111111111111111111111111111111111111111111111111111
11111111111111111111111111111111111111111111111111111111111111111111111111111111111111111111111111111111111111111111111111111111
11111111111111111111111111111111111111111111111111111111111111111111111111111111111111111111111111111111111111111111111111111111
11111111111111111011111111111111111111111111111111111111111111111111111111111111111111111111111111111111111111111111111111111111
11111111111111111111111111111111111111111111111111111111111111111111111111111111111111111111111111111111111111111111111111111111
11111111111111111111111111111111111101111111111111111111111111111111111111111111111111111111111111111111111111111111111111111111
11111111111111111111111111111111111111111111111111111111111111111111111111111111111111111111111111111111111111111111111111111111
11111111111111111111111111111111111111111111111111111111111111111111111111111111111111111111111111111111111111111111111111111111
11111111111111111111111111111111111111111111111111111111111111111111111111111111111111111111111111111111111111111111111111111111
11111111111111111111111111111111111111111111111111111111111111111111111111111111111111111111111111111111111111111111111111111111
11111111111111111111111111111111111111111111111111111111111111111111111111111111111111111111111111111111111111111111111111111111
11111111111111111111111111111111111111111111111111111111111111111111111111111111111111111111111111111111111111111111111111111111
11111111111111111111111111111111111111111111111111111111111111111111111111111111111111111111111111111111111111111111111111111111
11111111111111111111111111111111111111111111111111111111111111111111111111111111111111111111111111111111111111111111111111111111
11111111111111111111111111111111111111111111111111111111111111111111111111111111111111111111111111111111111111111111111111111111
11111111111111111111111111111111111111111111111111111111111111111111111111111111111111111111111111111111111111111111111111111111
11111111111111111111111111111111111111111111111111111111111111111111111111111111111111111111111111111111111111111111111111111111
11111111111111111111111111111111111111111111111111111111111111111111111111111111111111111111111111111111111111111111111111111111
11111111111111111111111111111111111111111111111111111111111111111111111111111111111111111111111111111111111111111111111111111111
11111111111111111111111111111111111111111111011111111111111111111111111100111111111111111111111111111111111111111111111111111111
11111111111111111111111111111111100000001111111111111111111111111111111111111111111111111111111111111111111111111111111111111111
11111111111111111111111111111111111111111111111111111111111111110111111111111111111111111111101101111111111111111111111111111111
11111111111111111111111111111111111111111111111111111111111111111111111111111111111111111111111111111111111111111111111111111111