11111111111111111111111111111111111111111111111111111111111111111111111111111111111111111111111111111111111111111111111111111111
11111111111111111111111111111111111111111111111111111111111111111111111111111111111111111111111111111111111111111111111111111111
11111111111111111111111111111111111111111111111111111111111111111111111111111111111111111111111111111111111111111111111111111111
11111111111111111111111111111111111111111111111111111111111111111111111111111111111111111111111111111111111111111111111111111111
11111111111111111111111111111111111111111111111111111111111111111111111111111111111111111111111111111111111111111111111111111111
11111111111111111111111111111111111111111111111111111111111111111111111111111111111111111111111111111111111111111111111111111111
11111111111111111111111111111111111111111111111111111111111111111111111111111111111111111111111111111111111111111111111111111111
11111111111111111111111111111111111111111111111111111111111111111111111111111111111111111111111111111111111111111111111111111111
11111111111111111111111111111111111111111111111111111111111111111111111111111111111111111111111111111111111111111111111111111111
11111111111111111111111111111111111111111111111111111111111111111111111111111111111111111111111111111111111111111111111111111111
11111111111111111111111111111111111111111111111111111111111111111111111111111111111111111111111111111111111111111111111111111111
11111111111111111111111111111111111111111111111111111111111111111111111111111111111111111111111111111111111111111111111111111111
11111111111111111111111111111111111111111111111111111111111111111111111111111111111111111111111111111111111111111111111111111111
11111111111111111111111111111111111111111111111111111111111111111111111111111111111111111111111111111111111111111111111111111111
11111111111111111111111111111111111111111111111111111111111111111111111111111111111111111111111111111111111111111111111111111111
11111111111111111111111111111111111111111111111111111111111111111111111111111111111111111111111111111111111111111111111111111111
11111111111111111111111111111111111111111111111111111111111111111111111111111111111111111111111111111111111111111111111111111111
11111111111111111111111111111111111111111111111111111111111111111111111111111111111111111111111111111111111111111111111111111111
11111111111111111111111111111111111111111111111111111111111111111111111111111111111111111111111111111111111111111111111111111111
11111111111111111111111111111111111111111111111111111111111111111111111111111111111111111111111111111111111111111111111111111111
11111111111111111111111111111111111111111111111111111111111111111111111111111111111111111111111111111111111111111111111111111111
11111111111111111111111111111111111111111111111111111111111111111111111111111111111111111111111111111111111111111111111111111111
11111111111111111111111101101111111111111000111111001110111111101011111111111011100111111111100111111111111111111111111111111111
11111111111111111111111101101111111111111000111111001110111111101011111111111011100111111111100111111111111111111111111111111111
11111111111111111111111101101111111111111000111111001110111111101011111111111011100111111111100111111111111111111111111111111111
11111111111111111111111101101111111111111000111111001110111111101011111111111011100111111111100111111111111111111111111111111111
11111111111111111111111101101111111111111100111111001110111111101011111111111011100111111111100111111111111111111111111111111111
11111111111111111111111101101111111111111100111111001110111111101011111111111011100111111111100111111111111111111111111111111111
11111111111111111111111101101111111111111100111111001110111111101011111111111011100111111111100111111111111111111111111111111111
11111111111111111111111101101111111111111100111111001110111111101011111111111011100111111111100111111111111111111111111111111111
11111111111111111111111101101111111111111100111111001110111111101011111111111011100111111111100111111111111111111111111111111111
11111111111111111111111101101111111111111100111111001110111111101011111111111011100111111111100111111111111111111111111111111111
11111111111111111111111101101111111111111100111111001110111111101011111111111011100111111111100111111111111111111111111111111111
11111111111111111111111101101111111111111100111111001110111111101011111111111011100111111111100111111111111111111111111111111111
11111111111111111111111101101111111111111100111111001110111111101011111111111011100111111111100111111111111111111111111111111111
11111111111111111111111101101111111111111100111111001110111111101011111111111011100111111111100111111111111111111111111111111111
11111111111111111111111101101111111111111100111111001110111111101011111111111011100111111111100111111111111111111111111111111111
11111111111111111111111101101111111111111100111111001110111111101011111111111011100111111111100111111111111111111111111111111111
11111111111111111111111101101111111111111100111111001110111111101011111111111011100111111111100111111111111111111111111111111111
11111111111111111111111101101111111111111100111111001110111111101011111111111011100111111111100111111111111111111111111111111111
11111111111111111111111101101111111111111100111111001110111111101011111111111011100111111111100111111111111111111111111111111111
11111111111111111111111101101111111111111100111111001110111111101011111111111011100111111111100111111111111111111111111111111111
11111111111111111111111101101111111111111100111111001110111111101011111111111011100111111111100111111111111111111111111111111111
11111111111111111111111101101111111111111100111111001110111111101011111111111011100111111111100111111111111111111111111111111111
11111111111111111111111101101111111111111100111111001110111111101011111111111011100111111111100111111111111111111111111111111111
11111111111111111111111101101111111111111100111011001110111111101011111111111011100111111111100111111111111111111111111111111111
11111111111111111111111101101111111111111100111111001110111111101011111111111011100111111111100111111111111111111111111111111111
11111111111111111111111101101111111111111100111011001110111111101011111111111011100111111111100111111111111111111111111111111111
11111111111111111111111101101111111111111100111011001110111111101011111111111011100111111111100111111111111111111111111111111111
11111111111111111111111101101111111111111100111011001110111111101011111111111011100111111111100111111111111111111111111111111111
11111111111111111111111101101111111111111100111011001110111111101011111111111011100111111111100111111111111111111111111111111111
11111111111111111111111101101111111111111100111011001110111111101011111111111011100111111111100111111111111111111111111111111111
11111111111111111111111101101111111111111100111011001110111111101011111111111011100111111111100111111111111111111111111111111111
11111111111111111111111101101111111111111100111011001110111111101011111111111011100111111111100111111111111111111111111111111111
11111111111111111111111101101111111111111100111011001110111111101011111111111011100111111111100111111111111111111111111111111111
11111111111111111111111101101111111111111100111011001110111111101011111111111011100111111111100111111111111111111111111111111111
11111111111111111111111101101111111111111100111011001110111111101011111111111011100111111111100111111111111111111111111111111111
11111111111111111111111101101111111111111100111111001110111111101011111111111011100111111111100111111111111111111111111111111111
11111111111111111111111101101111111111111100111111001110111111101011111111111011100111111111100111111111111111111111111111111111
11111111111111111111111101101111111111111100111111001110111111101011111111111011100111111111100111111111111111111111111111111111
11111111111111111111111101101111111111111100111011001110111111101011111111111011100111111111100111111111111111111111111111111111
11111111111111111111111101101111111111111100111011001110111111101011111111111011100111111111100111111111111111111111111111111111
11111111111111111111111101101111111111111100111111001110111111101011111111111011100111111111100111111111111111111111111111111111
11111111111111111111111101101111111111111100111111001110111111101011111111111011100111111111100111111111111111111111111111111111
11111111111111111111111101101111111111111100111111001110111111101011111111111011100111111111100111111111111111111111111111111111
11111111111111111111111101101111111111111100111111001110111111101011111111111011100111111111100111111111111111111111111111111111
11111111111111111111111101101111111111111100111111001110111111101011111111111011100111111111100111111111111111111111111111111111
11111111111111111111111101101111111111111100111111001110111111101011111111111011100111111111100111111111111111111111111111111111
11111111111111111111111100101111111111111100111111001110111111101011111111111011100111111111100111111111111111111111111111111111
11111111111111111111111100101111111111111100111111001110111111101011111111111011100111111111100111111111111111111111111111111111
11111111111111111111111100101110111111111100111111001110111111101011111111111011100111111111100111111111111111111111111111111111
11111111111111111111111100101110111111111100111111001110111111101011111111111011100111111111100111111111111111111111111111111111
11111111111111111111111100101110111111111100111111001110111111101011111111111011100111111111100111111111111111111111111111111111
11111111111111111111111100101110111111111100111111001110111111101011111111111011100111111111100111111111111111111111111111111111
11111111111111111111111100101110111111111100111111001110111111101011111111111011100111111111100111111111111111111111111111111111
11111111111111111111111100101111111111111100111111001110111111101011111111111011100111111111100111111111111111111111111111111111
11111111111111111111111100101111111111111100111111001110111111101011111111111011100111111111100111111111111111111111111111111111
11111111111111111111111100101111111111111100111111001110111111101011111111111011100111111111100111111111111111111111111111111111
11111111111111111111111100101111111111111100111111001110111111101011111111111011100111111111100111111111111111111111111111111111
11111111111111111111111100101111111111111100111111001110111111101011111111111001100111111111100111111111111111111111111111111111
11111111111111111111111100101111111111111100111111001110111111101011111111111011100111111111100111111111111111111111111111111111
11111111111111111111111100101111111111111100111111001110111111101011111111111011100111111111100111111111111111111111111111111111
11111111111111111111111100101111111111111100111111001110111111101011111111111011100111111111100111111111111111111111111111111111
11111111111111111111111100101111111111111100111111001110111111101011111111111011100111111111100111111111111111111111111111111111
11111111111111111111111100101111111111111100111111001110111111101011111111111011100111111111100111111111111111111111111111111111
11111111111111111111111100101111111111111100111111001110111111101011111111111011100111111111100111111111111111111111111111111111
11111111111111111111111100101111111111111100111111001110111111101011111111111011100111111111100111111111111111111111111111111111
11111111111111111111111100101111111111111100111111001110111111101011111111111011100111111111100111111111111111111111111111111111
11111111111111111111111100101111111111111100111111001110111111101011111111111011100111111111100111111111111111111111111111111111
11111111111111111111111100101111111111111100111111001110111111101011111111111011100111111111100111111111111111111111111111111111
11111111111111111111111100111111111111111100111111001110111111101011111111111011100111111111100111111111111111111111111111111111
11111111111111111111111100111111111111111100111111001110111111101111111111111011100111111111100111111111111111111111111111111111
11111111111111111111111100111111111111111100111111001110111111101111111111111011100111111111100111111111111111111111111111111111
11111111111111111111111100111111111111111100111111001110111111101111111111111001100111111111100111111111111111111111111111111111
11111111111111111111111100111111111111111100111111001110111111101111111111111001100111111111100111111111111111111111111111111111
11111111111111111111111100111111111111111100111111001110111111101111111111111011100111111111100111111111111111111111111111111111
11111111111111111111111100111111111111111100111111001110111111101111111111111011100111111111100111111111111111111111111111111111
11111111111111111111111100111111111111111100111111001110111111101111111111111001100111111111100111111111111111111111111111111111
11111111111111111111111100111111111111111100111111001110111111101111111111111011100111111111100111111111111111111111111111111111
11111111111111111111111100111111111111111100111111001110111111101111111111111011100111111111100111111111111111111111111111111111
11111111111111111111111100111111111111111100111111001110111111101111111111111011100111111111100111111111111111111111111111111111
11111111111111111111111100111111111111111100111111001110111111101111111111111001100111111111100101111111111111111111111111111111
11111111111111111111111100111111111111111100111111001110111111101111111111111011100111111111100101111111111111111111111111111111
11111111111111111111111100111111111111111100111111001110111111101111111111111011100111111111100111111111111111111111111111111111
11111111111111111111111100111111111111111100111111001110111111101111111111111011100111111111100111111111111111111111111111111111
11111111111111111111111100111111111111111100111111001110111111101111111111111011100111111111100111111111111111111111100000000000
11111111111111111111111111111111111111111100111111001110111111101111111111111011100111111111100111111111111111111111100000000000
11111111111111111111111111111111111111111111111111111111111111111111111111111011100111111111100111111111111111111111100000000000
11111111111111111111111111111111111111111111111111111111111111111111111111111111111111111111111111111111111111111111100000000000
11111111111111111111111111111111111111111111111111111111111111111111111111111111111111111111111111111111111111111111000000000000
11111111111111111111111111111111111111111111111111111111111111111111111111111111111111111111111111111111111111111111000000000000
11111111111111111111110111111111111111111111111111111111111111111111111111111111111111111111111111111111111111111111100000000000
11111111111111111111111111111111111111111111111111111111111111111111111111111111111111111111111111111111111111111111100000000000
11111111111111111111111111111111111111111111111111111111111111111111111111111111111111111111111111111111111111111111100000000000
11111111111111111111111111111111111111111111111111111111111111111111111111111111111111111111111111111111111111111111100000000000
11111111111111111111111111111111111111111111111111111111111111111111111111111111111111111111111111111111111111111111000000000000
11111111111111111111111111111111111111111111111111111111111111111111111111111111111111111111111111111111111111111111000000000000
11111111111111111111111111111111111111111111111111111111111111111111111111111111111111111111111111111111111111111111000000000000
11111111111111111111111111111111111111111111111111111111111111111111111111111111111111111111111111111111111111111111000000000000
11111111111111111111111111111111111111111111111111111111111111111111111111111111111111111111111111111111111111111111000000000000
11111111111111111111111111111111111111111111111111111111111111111111111111111111111111111111111111111111111111111111000000000000
11111111111111111111111111111111111111111111111111111111111111111111111111111111111111111111111111111111111111111111000000000000
11111111111111111111111111111111111111111111111111111111111111111111111111111111111111111111111111111111111111111111111010011000
11111111111111111111111111111111111111111111111111111111111111111111111111111111111111111111111111111111111111111111111111111111
11111111111111111111111111111111111111111111111111111111111111111111111111111111111111111111111111111111111111111111111111111111
11111111111111111111111111111111111111111111111111111111111111111111111111111111111111111111111111111111111111111111111111111111
11111111111111111111111111111111111111111111111111111111111111111111111111111111111111111111111111111111111111111111111111111111
11111111111111111111111111111111111111111111111111111111111111111111111111111111111111111111111111111111111111111111111111111111