11111111111111111111111111111111111111111111111111111111111111111111111111111111111111111111111111111111111111111111111111111111
11111111111111111111111111111111111111111111111111111111111111111111111111111111111111111111111111111111111111111111111111111111
11111111111111111111111111111111111111111111111111111111111111111111111111111111111111111111111111111111111111111111111111111111
11111111111111111111111111111111111111111111111111111111111111111111111111111111111111111111111111111111111111111111111111111111
11111111111111111111111111111111111111111111111111111111111111111111111111111111111111111111111111111111111111111111111111111111
11111111111111111111111111111111111111111111111111111111111111111111111111111111111111111111111111111111111111111111111111111111
11111111111111111111111111111111111111111111111111111111111111111111111111111111111111111111111111111111111111111111111111111111
11111111111111111111111111111111111111111111110111111111111111111111111111111111111111111111111111111111111111111111111111111111
11111111111111111111111101111111111111111111111111111111111111111111111111111111111111111111111111111111111111111111111111111111
11111111111111111111111111111111111111111111111111111111111111111111111111111111111111111111111111111111111111111111111111111111
11111111111111111111111111111111111111111111111111111111111111111111111111111111111111111111111111111111111111111111111111111111
11111111111111111111111111111111111111111111111111111111111111111111111111111111111111111111111111111111111111111111111111111111
11111111111111111111111111111111111111111111111111111111111111111111111111111111111111111111111111111111111111111111111111111111
11111111111111111111111111111111111111111111111111111111111111111111111111111111111111111111111111111111111111111111111111111111
11111111111111111111111111111111111111111111111111111111111111111111111111111111111111111111111111111111111111111111111111111111
11111111111111111110011101111111111111111111111111111111111111111111111111111111111111111111111111111111111111111111111111111111
11111111111111111110011001111111111111111111011111101110111111111111110110111101111110011111101111110111111111111111111111111111
11111111111111111110011001111111111111111111011111101100111111011111110110111001111110011111001111110011111011100111111111111111
11111111111111111110011001111111111111111111011111101100111111011111110110111001111110011111001111110011111011100111111111111111
11111111111111111110011001111111111111111110011111101100111111011111110110111001101110011111001111110011111011100111111111111111
11111111111111111110011001111111111111111110011111101100111111011111110110111001101110011111001111110011111011100111111111111111
11111111111111111110011001111111111011111110011111101100111111011110110110111001101110011111001111110011111011100111111111111111
11111111111111111110011001111111111011111110011111101100111111011110110110111001101110011111001111110011111011100111111111111111
11111111111111111110011001111111111011111110011111101101111111011110110110111001101110011111001111110011111011100111111111111111
11111111111111110110011001111111111011111110011111101101111111011110110110111001101110011111001111110011111011100111111111111111
11111111111111110110011001111111111011111110111111101101111111011110100110111001101110011111001111110011111011100111111111111111
11111111111111110110011001111111111011111110111111101101111111011110100110111001101110011111001111110011111011101111111111111111
11111111111111110110011011111111111011111110111111101101111111011110100110111001101110011111001111110011111011101111111111111111
11111111111111110110011011111111111011111110111111101101111111011110100110111001101110011111001111110011111011101111111111111111
11111111111111110110011011111111111011111110111111101101111111011111100100111001101100011111001111110011111011101111111111111111
11111111111111110110011011111111111111111110111111101101111111011111100100111001111100011111001111110011110011101111111111111111
11111111111111110110011011111111111111111110111111101101110111011111100100111001111100011111001111100011110011101111111111111111
11111111111111110100011011111111111111111110111111101101110111011111100100111001111100011111001111100011110011101111111111111111
11111111111111110100011011111111111111111110111011101101110111011111100100111001111100011111001111100011110011101111111111111111
11111111111111110100011011111111111111111110111011101101110111011111100100111001111100011111001111100011110011101111111111111111
11111111111111110100011011111111111111111110111011101101111111011111100100111001111100011111001111100111110011101111111111111111
11111111111111110100011011111111111111111110111011101101111111011111100100111001111100011111001111100111110011101111111111111111
11111111111111110100011011111111111111111110111011101101111111011111100100111001111100011111001111100111010011101111111111111111
11111111111111111100011011111111111111111110111011101101111111011111100100111001111100010111001111100111010011101111111111111111
11111111111111111100011011111111111111111110111011001101111111011111100101111001111100010111001111100111010011101111111111111111
11111111111111111100011011111111111111111110111111001101111111011111100101111001111100010111001111100111010011101111111111111111
11111111111111111100011011111111111111111110111111001101111111011111100101111001111100010111001111100111010011101111111111111111
11111111111111111100011011111111111111111110111111001101111111111111100101111001111100010111001111100111010011101111111111111111
11111111111111111100011011111111111111111110111111001101111110111111100101111001111100010111001111100111010011101111111111111111
11111111111111111100011011111111111111111110111111001101111110111111100101111001111100010111001111100111010011101111111111111111
11111111111111111100011011111111111111111110111111001001111110111111100101111001111100010111001111100111010011101111111111111111
11111111111111111100011011111111111111111110111111001001111110111111100101111001111100110111001111100111010011101111111111111111
11111111111111111100111011111111111111111110111111001001111110111111100101111001111100111111001111100111010011101111111111111111
11111111111111111100111011111111111111111110111111001001111110111111100101111001111100111111001111100111010011101111111111111111
11111111111111111100111011111111111111111110111111001001111110111111101101111001111100111111001111100111010011101111111111111111
11111111111111111100111011111111111111111110111111001001111110110101101101111001111100111111001111100111010011101111111111111111
11111111111111111100111011111111111111111110111111001001111110110101101101111001011100111111001111100111010011101111111111111111
11111111111111111100111011111111111111111110111111001001111110110101101101111001011100111111001111100111010011101111111111111111
11111111111111111100111011111111111111111110111111011001111110110101101101110001011100111111001111100111000011101111111111111111
11111111111111111100111011111111111111111110111111011001111110110101101101110001011100111111001011100111010011101111111111111111
11111111111110111100111011111111111111111110111111011001111110110101101101110001011100111110001011100111010011101111111111111111
11111111111110101100110111111111111111111110111111011001111110110101101101110001011100111110011011100111010011101111111111111111
11111111111110101100110111111111111111111110111111011011111110110101101101110001011100111110011011100111010011101111111111111111
11111111111110101100110111111111111111111111111111011011111110110101101101110001011100111110011011100111000011101111111111111111
11111111111110101100110111111111111111111101111111011011111110111101101101110001011100111110011011100111010011101111111111111111
11111111111110101100110111111111111111111101111111011011111110111101101101110001011100111110011011100111010011001111111111111111
11111111111111101100110111111111111111111101111111011011111110111101101101110001011100111110011011100111110111001111111111111111
11111111111111101100110111111111111111111101111111011011111110111111101101110001011100111110011011100111110111001011111111111111
11111111111111101100110111111111111111111101111111011011111110111111101101110001011100111110011011100111110111001111111111111111
11111111111111101100110111111111111111111101111111011011101110111111101101110001011100111110011011100111110111001111111111111111
11111111111111101100110111111111111111111101110111011011101110111111101101110011011000111110011011100111010111001111111111111111
11111111111111111100110111111111111111111101110111011011101110111111001101110011111000111110011011100111110111001111111111111111
11111111111111111100110111111111111111111101110111011011101110111111001101110011111000111110011011100111110111001111111111111111
11111111111111111100110111111111111111111101110111011011111110111111001101110011111000111110011011100111110111001111111111111111
11111111111111111100110111101111111111111101110111011011111110111111001101110011111000111110011011000111110111011111111111111111
11111111111111111100110111101111111111111101111110011011111110111111001001110011111000111110011011000111110111011110111111111111
11111111111111111000110111101111111111111101111110011011111110111111001001110011111000111110011111000111110111011111111111111111
11111111111111111000110111101111111111011101111110011011111110111111001001110011111000101110011111000111110111011111111111111111
11111111111111111000110111101111111111011101111110011011111110111111001001110011111000101110011111000110110111011110111111111111
11111111111111111000110111101111111111011101111110011011111100111111001001110011111000101110011111000110110111011111111111111111
11111111111111111000110111101111111111011101111110011011111100111111001001110011111000101110011111000110110111011111111111111111
11111111111111111001110111101111111111011101111110010011111100111111001001110011111000101110011111001110110111011111111111111111
11111111111111111001110111101111111111011101111110010011111100111111001001110011111000101110011111001110110111011111111111111111
11111111111111111001110111111111111111011101111110010011111100111111001001110011111000101110011111001110100111011111111111111111
11111111111111111001110111111111111111011101111110010011111100101111001001110011111000101110011111001110000111011111111111111111
11111111111111111001110111111111111111111101111110010011111100101111001001110011111001101110011111001110000111011111111111111111
11111111111111111001110111111101111111111101111110010011111100101111001001110011111001101110011111001110000111011111111111111111
11111111111101111001110111111101111111111101111110010011111100101111001001110011111001101110011111001110000111011111111111111111
11111111111101111001100111111101111111111101111110010011111100101111011001100011111001101110011111001110000111011111111111111111
11111111111101111001100111111101111111111101111110010011111100101111011001100011111001101110011111001110100111011111111111111111
11111111111101111001100111111101111111111101111110010011111100101111011001100011111001101110011111001110100111011111111111111111
11111111111101111001100111111101111111111101111110010011111100101111011001100011111001101110011111001110100111011111111111111111
11111111111101111001101111111101111111111001111110010011111101101111011011100011111001101110011111001110100111011111111111111111
11111111111101111001101111111101111111111011111110010011111101101111011011100011111001101110011111001110100111011111111111111111
11111111111101111001101111111111101111111011111110010011111101101111011011100011111001101110011111001110100111011111111111111111
11111111111101011001101111111111101111111011111110010011111101101111011011100011111001101110010111001110100111011111111111111111
11111111111101011001101111111111101111111011111110010011111101111111011011100011111001101110010111001110100111011111111111111111
11111111111111011001101111111111101111111011111110010011111101111011011011100011111001101100010111001110100111011111111111111111
11111111111111011001101111111111101111111011111110110011111101111011011011100011111001111100010111001110100111011111111111111111
11111111111111011001101111111111101111111011111110110011111101111111011011100011111001111100010111001110100111011111111111111111
11111111111111011001101111111111101111111011111110110011111101111111011011100111111001111100010111001110100111011111111111111111
11111111111111011001101111111111101111111011111110110011111101111111011011100111111001111100010111001110100110011111111111111111
11111111111111011001101111111111101111111011111110110011111101111110011011100110111001111100010111001110100110011111111111111111
11111111111111111001101111011111101111111011111110110011111101111110011011100111111001111100010111001110101110010111111111111111
11111111111111110001101111011111101111111011111110110111111101111110011011100111111001111100010111001111101110010111111111111111
11111111111111110001101111011111101111111011111110110111111101111110011011100111111001111100010111001111101110010111111111111111
11111111111111110001101111011111111110111011111110110111111101111110010011100111111001111100010111001111101110010111111111111111
11111111111111110001101111011111111110111011111110110111111101111110010011100111111001111100110111001111101110010111111111111111
11111111111111110001101111011111111110111011111110110111111101111110010011100111111001011100110110001110001110010111111111111111
11111111111111110001101111011111111110111011111110110111111101111110010011100111111001011100110110001111101110010111111111111111
11111111111111110001101111011111111110111011111110110111111101111110010011100111111001011100111110001111101110010111111111111111
11111111111111110001101111011111111110111011111110110111111101111110010011100111111001011100111110001111101110010111111111111111
11111111111111110001101111111111111110111011111110110111111101111110010011100111110001011100111110001111101110110111111111111111
11111111111111110001101111111111111110111011111110110111111101111110010011100111110001011100111110001111101110110101111111111111
11111111111111110001101111111011111110111011111110110111111101111110010011100111110001011100111110001111101110110101111111111111
11111111111111110001101111111011111110111011111110110111111101111110010011100111110001011100111110001111101110110101111111111111
11111111111111110001001111111011111111111011111100110111111101111110010011100111110001011100111110001111101110110101111111111111
11111111111111110001001111111011111111111011111100110111111101111110110011100111110001011100111110011111101110110101111111111111
11111111111111110011101111111111111111111011111110110111111101111110110011100111110001011100111110011111101110110101111111111111
11111111111111111111111111111111111111111111111111111111111111111111111111111111111111111111111111111111111111111101111111111111
11111111111111111111111111111111111111111111111111111111111111111111111111111111111111111111111111111111111111111111111111111111
11111111111111111111111111111111111111111111111111111111111111111111111111111111111111111111111111111111111111111111111111111111
11111111111111111111111111111111111111111111111111111111111111111111111111111111111111111111111111111111111111111111111111111111
11111111111111111111111111111111111111111111111111111111111111111111111111111111111111111111111111111111111111111111111111111111
11111111111111111111111111111111111111111111111111111111111111111111111111111111111111111111111111111111111111111111111111111111
11111111111111111111111110111111111111111111111111111111111111111111111111111111111111111111111111111111111111111111111111111111
11111111111111111111111111111111111111111111111111111111111111111111111111111111111111111111111111111111111111111111111111111111
11111111111111111111111111111111111111111111111111111111111111111111111111111111111111111111111111111111111111111111111111111111
11111111111111111111111111111111111111111111111111111111111111111111111111111111111111111111111111111111111111111111111111111111
11111111111111111111111111111111111111111111111111111111111111111111111111111111111111111111111111111111111111111111111111111111
11111111111111111111111111111111111111111111111111111111111111111111111111111111111111111111111111111111111111111111111111111111
11111111111111111111111111111111111111111111111111111111111111111111111111111111111111111111111111111111111111111111111111111111
11111111111111111111111111111111111111111111111111111111111111111111111111111111111111111111111111111111111111111111111111111111