11111111111111111111111111111111111111111111111111111111111111111111111111111111111111111111111111111111111111111111111111111111
11111111111111111111111111111111111111111111111111111111111111111111111111111111111111111111111111111111111111111111111111111111
11111111111111111111111111111111111111111111111111111111111111111111111111111111111111111111111111111111111111111111111111111111
11111111111111111111111111111111111111111111111111111111111111111111111111111111111111111111111111111111111111111111111111111111
11111111111111111111111011111111111111111111111111111111111111111111111111111111111111111111111111111111111111111111111111111111
11111111111111111111111111111111111111111111111111111111110111111111111111111111111111111111111111111111111111111111111111111111
11111111111111111111111111111111111111111111111111111111111111111111111111111111111111111111110111111111111111111111111111111111
11111111111111111111111111111111111101111111111111111111111111111111111111111111111111111111111111111111110111101111111111111111
11111111111111111111111110111111111111111111111111111111111110111111111111111111111111111111111111111111111111111111111111011111
11111111111111111111111111111111111111111111111111111111111111111111111111111111111001111111111111111111111111111111111111111111
11111111111111111111111111111111111111111111111111111111111111111111111111111011111111111111111111111111111111111111111110011111
11111111111111111111111111111111111111111111111111111111111111111101111111111111111111111111111111101011111111111111111111111111
11111111111111111111111111111111111111111111111111111111111111111111111111111111111111111111111111111111111111111111111111111111
11111111111111111111111111111111111111111111111111111111111111111111111111111111111111111111111011111111111111111111111111111111
11111111111111111111111111111111111111111111111111111111111111111111111111111111111111111111111111111111111111111111111111011111
11111111111111111111111111111111111111111111111111111111111111111111111111111111111111111111111111111111111111111111111111111111
11111111111111111111111111111111111111111111111111111111111111111111111111111111111111111111111111111111111111111111111111111111
11111111111111111110011011111111111111111111111111111111111111111111111111111111111111111111111111111111111111111111111111111111
11111111111111111110011011111111111111111111100111110011111111111111111111111111111111111111111111111111111111111111111111111111
11111111111111111100011011111111111111111111101111110011111100111111011100111111111111111111111111111111111111111111111111111111
11111111111111111100011011111111111111111111101111110011111100111111011100110011111110001110111001001111111111111111111111111111
11111111111111111100011011111111111111111111101111110011111100111111011100110011111110001110111001001110111111111011111111111111
11111111111111111100011011111111111111111111101101110011111100111111011100110011111110001110111001001110111111111010111111111111
11111111111111111100011011111111111111111111101101110011111100101111011100110011111110001110111001001110111111111010111111111111
11111111111111111100111011111111111111111111101101110011111101101111011100100011111110001110111001001110111111111010111111111111
11111111111111111100110011111111111111111111101101110011111101101111011100100011111110001110111011001110111111111010111111111111
11111111111111111100110011111111111111111111101111110011111101101111011101100011111110001110111011001100111111111010111111111111
11111111111111111100110011111111111111111111101111110011111101101111011101100011111110001110111011001100111111111010111111111111
11111111111111111100110011111111111111111111101111100011111101101111011101100011111110001100111011001100111111111010111111111111
11111111111111111100110011111111111111111111101111100011111101101111011101100011111110001100111011001100111111111010111111111111
11111111111111111100110011111111111111111111101111100011111101101011011101100011111110001100111011001100111111111010111111111111
11111111111111111100110111111111111111111111101111100011111101111011011101100011111110001100111011001100111111111110111111111111
11111111111111111100110111111111111111111111101111100011111101111011011101100011111110001100111011011100111111111110111111111111
11111111111111111100110111111111111111111111101111100011111101111011011101100011111110011100111011011100111111111110111111111111
11111111111111111100110111111111111111111111101111100011111101111011011101100011111110011100111011011100111111111110111111111111
11111111111111111100110111111111111111111111101111100011111101111011011101100011111110011100111011011100111111111110111111111111
11111111111111111100110111111111111111111111101111100011111101111011011101100011111110011100111011011100111111111110111111111111
11111111111111111100110111111111111111111111101111100011111101111110011101100011011110011100111011011100101111111110111111111111
11111111111111111100110111111111111111111111101111100111111101111110011101100111011110011100111011011100101111111110111111111111
11111111111111111100110111111111111111111111101111100111111101111110011101100111011110011100111011011100101111111111111111111111
11111111111110111100110111111111111111111111101111100110111101111110011101100111011110011100111011011100101111111111111111111111
11111111111111111100110111111111111111111111101111100110111101111110011101100111011110011100111011011100101011111111111111111111
11111111111111111100110111111111111111111111101111100110111101111110011101100111011110011100111011011100101011111111111111111111
11111111111111111100110111111111111111111111101111100110111101111110011101100111011110011100110011011100101011111111111111111111
11111111111111111100110111111111111111111111101111100111111101111110011101100111010110011100110011011100101011111111111111111111
11111111111111111100110111111111111111111111101111100111111101111110011101100111010110011100110011011100101011111111111111111111
11111111111111111000110111111111111111111111101111100111111101111110011101100111010110011100110011011100101011111111111111111111
11111111111111111000110111111111111111111111101111100111111101111110011001100111110110011101110011011101101011111111111111111111
11111111111111111000110111111111111111111111101111100111111001111110011001100111110110011101110011011101101011111111111111111111
11111111111111111000110111111111111111111111001111100111111001111110011001100111110110011100110011011101101011111111111111111111
11111111111111111000110111111111111111111111001111100111111001111110011001100111110110011101110011011101101011111111111111111111
11111111111111111000110111111111111111111111001111100111111001111110011001100111110100011101110010011101111011111111111111111111
11111111111111111001100111111111111111111111011111100111111001111110111001100111110100011101110010011101111011110111111111111111
11111111111111111001100111111111111111111111011011100111111001111110111001100111110100011101110010011101111011110111111111111111
11111111111111111001100111111111111111111111011011100111111001111110111001100111110100011101110010011101111011110111111111111111
11111111111111111001100111111111111111111111011011100111111001111110111001100111110100011101110010011101111011110111111111111111
11111111111111111001100111111111111111111111011011100111111001111110111001100111111100011101110010011101111111110101111111111111
11111111111111111001100111111111111111111111011011100111111001111110111001100111111100011101110010011101111111110101111111111111
11111111111111111001100111111111111111111111011111100111111001011110111001100111111100011101110010011101111111110101111111111111
11111111111111111001100111111111111111111111011111100111111011011110111001000111111100011101110010011101111111110101111111111111
11111111111111111001101111111111111111111111011111100111111011011110111001000111111100011101110010011101111111110101111111111111
11111111111111111001101111111111111111111111011111000111111011011110111001000111111100011101110010011001111111110101111111111111
11111111111111111001101111111111111111111111011111000111111011011110111001000111111100011101110010011001111111110101111111111111
11111111111111111001101111111111111111111111011111000111111011011110111001000111111100011101110110011001111111110101111111111111
11111111111111111001101111111111111111111111011111000111111011010110111011000111111100011001110110011001111111110101111111111111
11111111111111111001101111111111111111111111011111000111111011010110111011000111111100011001110110011001111111110101111111111111
11111111111111111001101111111111111111111111011111000111111011010110111011000111111100011001110110011001111111110101111111111111
11111111111101111001101111111111111111111111011111000111111011110110111011000111111100011001110110011001111111110101111111111111
11111111111101111001101111111111111111111111011111000111111011110110111011000111111100011001110110011001111111110101111111111111
11111111111111111001101111111111111111111111011111000111111011110110111011000111111100011001110110011001111111110101111111111111
11111111111111111001101111111111111111110111011111000111111011110100111011000111111100011001110110011001011111111101111111111111
11111111111111011001101111111111111111111111011111001111111011110100111011000111111100011001110110011001011111110101111111111111
11111111111111011001101111111111111111111111011111001101111011110100111011000110111100111001110110111001011111111101111111111111
11111111111111111001101111111111111111111111011111001101111011110100111011000110111100111001110110111001011111111101111111111111
11111111111111110001101111111111111111111111011111001101111011111100111011000110111100111001110110111001011111111101111111111111
11111111111111110001101111111111111111111111011111001101111011111100111011000110111100111001110110111001010111111101111111111111
11111111111111110001101111111111111111111111011111001101111011111100111011001110111100111001110110111001010111110001111111111111
11111111111111110001101111111111111111111111011111001101111011111100111011001110111100111001110110111001010111110111111111111111
11111111111111110001101111111111111111111111011111001111111011111100111011001110111100111001110110111001010111111111111111111111
11111111111111110001101111111111111111111110011111001111111011111100111011001110101100111001110110111001010111111111111111111111
11111111111111110001101111111111111111111110011111001111111011111100111011001110101100111001100110111001010111111111111111111111
11111111111111110001101111111111111111111110011111001111111011111100110011001110101100111001100110111001010111111111111111111111
11111111111111110001001111111111111111111110011111001111111011111100111011001110101100111001100110111001010111111111111111111111
11111111111111110011001111111111011111111110011111001111111011111100110011001110101100111001100110111001010111111111111111111111
11111111111111110011001111111111111111111110110111001111111011111100110011001110101100111001100110111001010111111111111111111111
11111111111111110011001111111111111111111110110111001111110011111100110011001110101100111001100110111001010111111111111111111111
11111111111111110011001111111111111111111110110111001111110011111100110011001111101000111001100100111011010111101011111111111111
11111111111111110011001111111111111111111110110111001111110011111101110011001111101000111001100100111011010111101111111111111111
11111111111111110011001111111111111111111110110111001111110011111101110011001111101000111011100100111011110111101011111111111111
11111111111111110011011111111111111111111110110111001111110011111101110011001111101000111011100100111011110111101011111111111111
11111111111111110011011111111111111111111110110111001111110010111101110011001111101000111011100100111011110111101011111111111111
11111111111111110011011111111111111111111110110111001111110010111101110011001111101000111011100100111011110111101011111111111111
11111111111111110011011111111111111111111110111111001111110010111101110010001111101000111011100100111011111111101011111111111111
11111111111111110011011111111111111111111110111111001111110010111101110010001111111000111011100100111011111111101011111111111111
11111111111111110011011111111111111101111110111110001111110010111101110010001111111000111011100100111011111111101011111111111111
11111111111111110011011111111111111101111110111110001111110110111101110010001111111000111011100100110011111111101011111111111111
11111111111011110011011111111111111101111110111110001111110110111101110010001111111000111011100100110011111111101011111111111111
11111111111011110011011111111111111101111110111110001111110110101101110010001111111000111011100100111011111111101011111111111111
11111111111111110011011111111111111111111110111110001111110110101101110010001111111000111011100100110011111111100011111111111111
11111111111111110011011111111111111111111110111110001111110110101101110010001111111000111011100100110011111111100011111111111111
11111111111111110011011111111111111111111110111110001111110110101101110110001111111000111011100100110011111111101011111111111111
11111111111111110011011111111111111111111110111110001111110110101101110110001111111000111011101100110011111111101011111111111111
11111111111111110011011111111111111111111110111110001111110111101101110110001111111000111011101100110010111111101011111111111111
11111111111110110011011111111111111111111110111110001111110111101101110110001111111000110011101100110010111111111011111111111111
11111111111111110011011111111111111111111110111110001111110111101101110110001111111000110011101100110010111111111111111111111111
11111111111111100011011111111111111111111110111110011011110111101001110110001111111000110011101100110010111111101011111111111111
11111111111111100011011111111111111111111110111110011011110111101001110110001111111000110011101100110010111111101011111111111111
11111111111111100011011111111111111111111110111110011011110111101001110110001101111001110011101100110010111111111111111111111111
11111111111111100011011111111111111111111110111110011011110111101001110110001111111001110011101100110010101111111111111111111111
11111111111111111111111111111111111111111110111110011011110111101001110110001111111001110011101100110010101111111111111111111111
11111111111111111111111111111111111111111110111110011011110111111001110110001101111001110011101101110010101111111011111111111111
11111111111111111111111111111111111111111111111111111111111111111001110110001101111001110011001101110010101111111111111111111111
11111111111111111111111111111111111111111111111111111111111111111111111111111111111111111111101101110011111111110111111111111111
11111111111111111110111111111111111111111111111111111111111111111111111111111111111111111111111111111111111111100111111111111111
10111111111111111111111011111111110111111111111001111111111111111111111111111111111111111111111111111111111111111111111111111111
11111111111111111111111111111111111111111111111111111111111111111111111111100111111111111111111111111111111111011111111111111111
11111111111111111111111111111111111111111111111111111111111111111111011111111111111111111110111111101111111011000111011111111111
11110111111111111111111111111111111111111111111111111111111111111111111111111111111011111100111111001111110111000111101111111111
11111111111111111111111111111111111111111111111111111111111111111111111111111101111111111111111111101111100111010111110111111111
11111111111111111111111111111111111111111111111111111111011111111111111111111101111111111111111111101111100011111111111011111111
11111111111111110111111111111111111111111111111111111011011111111111111111111101110111111111111111101111011111111111111001111111
11111111111111111111111111111111111111011111111111111100001111111111111111111101110111111111111111101111011101111111110111111111
11111111111111111111111111111111111111011111111110111111011111111111111111111111110000111111111111101111011101111111101111111111
11111111111111111111111111111111111111111111111111111111011111111111111111111111111111111111111111101111011101111111011111111111
11111111111111111111111111111111111111111111111111111111111111111111111111110111111111111111111111101111110011111111111111111111
11111111111111111111111111111111111111111111111111111111111111111111111111111111111111111111111111111111111111111111111111111111
11111111111111111111111111111111111111111111111111111111111111111111111111111111111111111111111111111111111111111111111111111111
11111111111111111111111111111111111111111111111111111111111111111111111111111111111111111111111111111111111111111111111111111111