11111111111111111111111111111111111111111111111111111111111111111111111111111111111111111111111111110111001011111111111111111111
11111111111111111111111111111111111111111111111111111111111111111111111111111111111111111111111111111111111110111111111111111111
11111111111111111111111111111111111111111111111111111111111111111111111111111111111111111111111111111111111111111111111111111111
11111111111111111111111111111111111111111111111111111111111111111111111111111111111111111111111111111111111111111111111111111111
11111111111111111111111111111111111111111111111111111111111111111111111111111111111111111111111111111111111111111111111111111111
11111111111111111111111111111111111111111111111111111111111111111111111111111111111111111111111111111111111111111111111111111111
11111011111111111111111111111111111111111111111111111111111111111111111111111111111111111111111111111111111111111111111111111111
11111111111111110011111111111111111111111111111111111111111111111111111111111111111111111111111111111111111111111111111111111111
11111111111111111111111111111111111111111111111111111111111111111111111111111111111111111111111111111111111111111111111111111111
11111111111111111111110111111111111111111111111111111111111111111111111111111111111111111111111111111111111111111111111111111111
11111111111111111101111111111111111111111111111111111111111111111111111111111111111111111111111111111111111111111111111111111111
11111111111111111111111111111111111111111111111111111111111111111111111111111111111111111111111111111111111111111111111111111111
11111111111111111111111101111111111011111111110111111111111111111111111111111111111111111111111111111111111111111111111111111111
11111111111111111011111101111111111111111111111111111011111111111111111111111111111111111111111111111111111111111111111111111111
11111111111111111111111111111111111111111111111111111111111111100111111111111111111111111111011111111111111111111111111111111111
11111111111111111111111111111111111111111111111111111111111111111111111111111111111111111111111111111111111111111111111111111111
11111111111111111111111111111111111111111111111111111111111111111111111111111111111111001111111111111111111111111111111111111111
11111111111111111110011111111111111111111111111111111111111111111111111111111111101111111111111111111111111101111111111111111111
11111111111111111100011011111111111111111111111111111111111111111111111111111111111111111111111111111111111111111111111111111111
11111111111110111100011011111111111111111111111111111111111111111111111111111111111111111111111111111110011111111111111001111111
11111111111110111100011011111111111111111111111011001111111111111111111111111111111111111111111111111111111111111111111111111111
11111111111110111100011011111111111011111111111011001110111111101111111111111111111111111111111111111111111110111111111111111111
11111111111110111100011011111111111011111110111011001110111111101111110011101111111111111111111111111111111111111111111111111111
11111111111110111100011011111111111011111110111011011110111111001111110111101111111111110111111111111111111111111111111111111111
11111111111110111100111011110111111011111110111011011110111111001111110111101111111111110011101111111111111111111111111111111111
11111111111110111100111011110111111111111111111011011110111111001111110111101111111111110011101111111111101110110111111111111111
11111111111110111100111011110111111111111111111011011100111111001111110111101111111111110011101111111111111100110111111111111111
11111111111110111100111011110111111111111111111011011100111111001011110111001111111111110011101011111111111100110111110111111111
11111111111110111100111011110111111111111111111011011100111111011011110111001111111111110011101011111111111100110111111111111111
11111111111110111100111011110111111111111111111011011100111111011011110111001111111111110011111011111111111100110111111111111111
11111111111110111100111011110111111111111111111011011100111111011111110111001111111110110011111111111111111100110111111111111111
11111111111110111100111011110111111111111111111011011100111111011111110111001111111110110011111111110111111100110111111111111111
11111111111110111100111011110111111111111111111011011100111111011111110111001111111110100011111111110111111100110111111111111111
11111111111111101100110011110111111111111111111011011100111111011111110111001111111110100011111111110111111100100111111111111111
11111111111111101100110011110111111111111111111011011100111111011111110111001111111110100011111111110111111100100111111111111111
11111111111111101100110011110111111111111111111011011100111111011111110111001111111110100011111111110111111100100111111111111111
11111111111111101100110011110111111111111111110011011100111111011111110111001011111111100011111111110111111101100111111111111111
11111111111111101100110011111111111111101111110011011100111111011111110111001011111111100011011111110111111101101110101111111111
11111111111111101100110011111110111111101111110011011101111111011110110111011011011111100111011111110111111101101110101111111111
11111111111111111000110011111110111111101111110010011101101111011110110111011011011111100111011111110111111101101110101111111111
11111111111111111000110111111110111111101111110010011101101111011110100111011011011111100111011111110111111101101110101111111111
11111111111101111000110111111110111111111111110110011101101111011111100111011111011111100111011111111111111101101111101111111111
11111111111101111000110111111111111111111111110110011101111111011111100111011111011111100111011111111111011101101111101111111111
11111111111101111000110111111111111111111101110110011101111111011111100111011111111111100111011111111111011101101111101111111111
11111111111101111000110111111111110111111101110110011101111110011111101111011111111111100111011111111111011101101111101111111111
11111111111101111000110111101111110111111101110110111101111110011111101111011111111111100111011111111111111001101111101111111111
11111111111101111000110111101111110111111101110110111101111110011111101110011111111111100111011111111111111001101111101111111111
11111111111101111000110111101111110111111111110110111101111110011111101110011111111111100111010111111111111001101111111111111111
11111111111101111000110111101111111111111111110110111001111110111111101110011111111111100111010111111111111001101111111111111111
11111111111101111001110111101111111111111111110110111001111110110111101110011111111111100111010111111111111001101111111111111111
11111111111101111001110111101111111111111111110110111001111110110111101110011111111111100111111111111111111001101111111111111111
11111111111101111001110111101111111111111111110110111001111110110111101110011111111101100111111111101111111001101111111111111111
11111111111101111001110111101111111111111111110110111001111110111111101110011111111101100111111111101111111001101111111111111111
11111111111101111001110111101111111111111111110110111001111110111111101110011111111101100111111111101111111001001111111111111111
11111111111101111001110111101111111111111111110110111001111110111111101110011111111101000111111111101111111001001111111111111111
11111111111101111001110111101111111111111111110110111001111110111111101110011111111101000111111111101111111001001111011111111111
11111111111101011001110111101111111111111111110110111001111110111111101110010111111111000111111111101111111011011101011111111111
11111111111111011001110111101111111111111111100110111001111110111111101110010111111111000111111111101111111011011101011111111111
11111111111111011001100111101111111111111111100110111001111110111111101110010111111111000110111111101111111011011101011111111111
11111111111111011001100111111111111111111111100110111001011110111101101110110111111111001110111111101111111011011101011111111111
11111111111111011001100111111101111111011111100110111011011110111101101110111110111111001110111111101111111011011111011111111111
11111111111111011001100111111101111111011111100110111011011110111101101110111110111111001110111111101111111011011111011111111111
11111111111111110001100111111101111111011111101100111011011110111111101110111110111111001110111111111111111011011111011111111111
11111111111111110001100111111101111111011111101100111011011110111111001110111111111111001110111111111110111011011111011111111111
11111111111111110001101111111111111111011111101100111011111110111111011110111111111111001110111111111111111011011111011111111111
11111111111111110001101111111111101111111011101100111011111100111111011110111111111111001110111111111111110011011111011111111111
11111111111011110001101111111111101111111011101101111011111100111111011110111111111111001110111111111111110011011111011111111111
11111111111011110001101111111111101111111011101101111011111100111111011100111111111111001110101111111111110011011111011111111111
11111111111011110001101111111111101111111011101101110011111100111111011100111111111111001110101111111111110011011111111111111111
11111111111011110001101111011111111111111111101101110011111100111111011100111111111111001111101111111111110011011111111111111111
11111111111011110001101111011111111111111111101101110011111101101111011100111111111111001111101111111111110011011111111111111111
11111111111011110001101111011111111111111111101101110011111101101111011100111111111111001111101111111111110011011111111111111111
11111111111011110011101111011111111111111111101101110011111101101111011100111111111011001111111111011111110011011111111111111111
11111111111011110011101111011111111111111111101101110011111101111111011100111111111011001111111111011111110010011111111111111111
11111111111011110011101111011111111111111111101101110011111101111111011100111111111010001111111111011111110010011111111111111111
11111111111011110011101111011111111111111111101101110011111101111111011100111111111010001111111111011111110010011110111111111111
11111111111011110011101111011111111111111111101101110011111101111111011100111111111010001111111111011111110110011010111111111111
11111111111011110011101111011111111111111111001101110011111101111111011100111111111110001111111111011111110110111010111111111111
11111111111011110011101111011111111111111111001101110011111101111111011100101111111110001111111111011111110110111010111111111111
11111111111011110011101111011111111111111111001101110011111101111111011100101111111110001101111111011111110110111010111111111111
11111111111111110011001111111111111111111111001101110011111101111011011101101111111110001101111111011111110110111010111111111111
11111111111111110011001111111111111111111111001101110011111101111011011101101111111110011101111111011111110110111010111111111111
11111111111110110011001111111111111110111111001101110110111101111011011101111101111110011101111111011111110110111110111111111111
11111111111110110011001111111011111110111111001101110110111101111010011101111101111110011101111111011111110110111110111111111111
11111111111110110011001111111011111110111111011101110110111101111110011101111101111110011101111111111101110110111110111111111111
11111111111110110011001111111011111110111111011001110111111101111110011101111101111110011101111111111101110110111110111111111111
11111111111111110011001111111011111111111111011001110111111001111110011101111111111110011101111111111101100110111110111111111111
11111111111111100011011111111111111111110111011001110111111001111110011101111111111110011101111111111111100110111110111111111111
11111111111111100011011111111111011111110111011001110111111001111110111001111111111110011101011111111111100110111110111111111111
11111111111111100011011111111111011111110111011011110111111001111110111001111111111110011111011111111111100110111111111111111111
11111111110111100011011111111111011111110111011011100111111001111110111001111111111110011111011111111111100110111111111111111111
11111111110111100011011110111111011111111111011011100111111011011110111001111111111110011111011111111111100110111111111111111111
11111111110111100011011110111111111111111111011011100111111011011110111001111111111110011111111111111111100110111111111111111111
11111111110111100011011110111111111111111111011011100111111011011110111001111111111110011111111111111111100110111111111111111111
11111111110111100011011110111111111111111111011011100111111011011110111001111111110110011111111110111111100100111111111111111111
11111111110111100111011110111111111111111111011011100111111011111110111001111111110110011111111110111111100100111111111111111111
11111111110111100111011110111111111111111111011011100111111011111110111001111111110100011111111110111111100100111111111111111111
11111111110111100111011110111111111111111111011011100111111011111110111001111111111100011111111110111111101101111111111111111111
11111111110111100111011110111111111111111111011011100111111011111110111001111111111100011111111110111111101101110111111111111111
11111111110111100111011110111111111111111111011011100111111011111110111001011111111100011111111110111111101101110101111111111111
11111111110111100111011110111111111111111111011011100111111011111110111011011111111100011111111110111111101101111101111111111111
11111111110111100111011110111111111111111110011011100111111011111110111011011111111100011011111110111111101101111101111111111111
11111111110101100111011110111111111111111110011011100111111011110110111011011111111100111011111110111111101101111101111111111111
11111111110101100110011111111111111101111110011011101101111011110110111011111111111100111011111110111111101101111101111111111111
11111111110101100110011111111111111101111110011011101101111011110110111011111011111100111011111110111011101101111101111111111111
11111111111101100110011111110111111101111110111011101101111011111100111011111011111100111011111111111011101101111101111111111111
11111111111101100110011111110111111101111110110011101111111011111100111011111011111100111011111111111111101101111101111111111111
11111111111101100110011111110111111101111110110011101111111011111100111011111011111100111011111111111111001101111101111111111111
11111111111111100110111111110111111111111110110011101111111011111100111011111111111100111011111111111111001101111101111111111111
11111111111111000110111111110111111111101110110011101111111011111101110011111111111100111010111111111111001101111111111111111111
11111111111111000110111111111111111111101110110011101111110011111101110011111111111100111010111111111111001101111111111111111111
11111111111111000110111111111110111111101110110111001111110011111101110011111111111100111111111111111111001101111111111111111111
11111111111111000110111101111110111111101110110111001111110011111101110011111111111100111111111111111111001101111111111111111111
11111111111111000110111101111110111111111110110111001111110110111101110011111111111100111111111111111111001101111111111111111111
11111111101111111111111111111110111111101110110111001111110110111101110011111111111100111111111111111111001101111111111111111111
11111111101111111111111111111111111111111111111111001111110110111101110011111111101100111111111101111111001101111111111111111111
01111111101111111111111111111111111111111111111111111111111111111101110011111111101100111111111101111111001101111111111111111111
11111111101111111111111111111111111111111111111111111111111111111111111111111111111100111111111101111111001001111111111111111111
11111111101111111111111111111111111111111111111111111111111111111111111111111111111111111111111111111111001001111111111111111111
11111111101111111111111111111111111111111111111011111111111111111111111111111111111111111111111111111111111111101011111111111111
10111111111111111111111011111111111111111111111111111111111111111111101111111111111111111111111111111111111111101011111111111111
11111111111111111111111111111111111111111111111111111111111111111111111111111111111111111111111111111111111111111011111111111111
11111111111111111111111111111111111111111111111111111111111111101111111111111111111111111111111111111111111111111011111111111111
11111111111111111111111111111111111111111111111111111111111111111111111111110011111111111111111111111111111111111011111111111111
11111111111111111111111111111111111111111111111111111111111111111111111111111111111111111111111111111111111111111011111111111111
11111111111111111111111111111111111111111111111111111111111111111111111111101111111100111111111111111111111111111011111111111111
11111111111111111111111111111111111111111111111111111111111111111111111111111111111111111111111111111111111111111111111111111111
11111111111111111111111111111111111111111111111111111111111111111111111111111111111111111111011111111111111111111111111111111111