11111111111111111111111111111111111111111111111111111111111111111111111111111111111111111111111111111111111111111111111111111111
11111111111111111111111111111111111111111111111111111111111111111111111111111111111111111111111111111111111111111111111111111111
11111111111111111111111111111111111111111111111111111111111111111111111111111111111111111111111111111111111111111111111111111111
11111111111111111111111111111111111111111111111111111111111111111111111111111111111111111111111111111111111111111111111111111111
11111111111111111111111111111111110111100011100111111111101111111110111110111110111110111111111001111011111111111111111111111111
11111111111111110011111111111111111011111011100111111111101111111110111110111110111110111111111001111011110111111111111111111111
11111111111011110001110101111111101111111111100111111111101111111111011111111111111111111101111111110111110111111111111111111111
11111111111011110001100001111111110011110111100111100111111111011111111111111111111101111111111111110111110001111111111111111111
11111111111111110001110001111111110011111111111111111111111111111111101111111111111101111111111111110111111111111111111111111111
11111111111101110101110001111111110011111111111011111111011111111111111111111111111101111111111001111011111111111111111111111111
11111111111101110101111101111111111111111111101111111111111111111111111111111111111111111111111111111111111111111111111111111111
11111001111111110011111111111111111111111111111111111111111111111111111111111111111111111111111111111111111111111111111111111111
11111111111111111111111111111111111111111111111111111111111111111111111111111111111111111111111111111111111111111111111111111111
11111111111111111111111111111111111111111111111111111111111111111111111111111111111111111111111011110111011111111111111111111111
11111111111111111110011101111111011111110100111100011100111011100000001110110111110000011111000001110111000011111000011111111111
11111111111111100110001001111011011011110100111100001100111011000000001110110111110000011111000001110111000011111000011111111111
11111111111111000000000001111011011011110000111100001100111011100000001110110111110000011111000001110111000011111000011111111111
11111111111111000000000001111011011011110000111100001100111011100000001110110111110000011111000001110111000011111000011111111111
11111111111111000000000001111011011011110000111100001100111011000000001110110111110000001111000001110111000011111000011111111111
11111111111111000000000001111011011011110000111100001100111011100000001110110011110000001111000001110111000011111000011111111111
11111111111111000000000001111011011011110000111100001100111011100000001110111011110000001111000001110111000011111000001111111111
11111111111111000000000001111011011011110000111100001100111011100000001110111011110000001111000001110111000011111000001111111111
11111111111111000000000001111011011011110000111100001100111011100000001110111011111000001111000001110111000011111000001111111111
11111111111111000000000001111011011011110000111100001100111011100000001110111011111000001111000001110111000011111000001111111111
11111111111111000000000001111011011011110000111100001100111011100000001110111011111000001111000001110111000011111000001111111111
11111111111111000000000001111011011011110000111100001100111011100000001110011011111000001111000001110111000011111000001111111111
11111111111111000000000001111011011011110000111100001100111011100000001110111011111000001111000001110111000011111000001111111111
11111111111111000000000001111011011011110000111100001100111011100000001110111011111000001111000001110011000011111000001111111111
11111111111111000000000001111011011011110000111100001100111011100000001111011011111000001111000001110011000011111000001111111111
11111111111111000000000001111011011011110000111100001100111011100000001111011011111000001111000001110011000011111000001111111111
11111111111111100000000001111011011011110000111100001100111011100000001111011011111000001111000001110011000011111000001111111111
11111111111111100000000001111011011011110000111100001100111011100000001111011011111000001111000001110011000011111000001111111111
11111111111111100000000001111011011011110000111100001100111011100000001111011011111000001111000001110011000011111000001111111111
11111111111111100000000001111011011011110000111100001100111011100000001111011011111000001111000001110011000011111000001111111111
11111111111111100000000001111011011011110000111100001100111011100000001111011011111000001111000001110011000011111000001111111111
11111111111111100000000001111011011011110000111100001100111011100000001111011011111000001111000001110011000011111000001111111111
11111111111111100000000001111011011011110000111100001100111011100000001111011011111000001111000001110011000011111000001111111111
11111111111111100000000001111011011011110000111100001100111011100000001111011011111000001111000001110011000011111000001111111111
11111111111111100000000001111011011011110000111100001100111011100000000111011011111000001111000001110011000011111000001111111111
11111111111111100000000001111011011011110000111100001100111011100000000111011011111000001111000001110011000011111000001111111111
11111111111111100000000001111011011011110000111100001100111011100000000111011011111000001111000001110011100011111000001111111111
11111111111111100000000001111011011011110000111100001100111001100000000111011011111000001111000001110011100001111000001111111111
11111111111111100000000001111011011011110000111100001100111001100000000111011011111000001111000001110011100001111000001111111111
11111111111111100000000001111011011011110000111100001100111001100000000111011011111000001111000001110011100001111000001111111111
11111111111111100000000001111011011011110000111100001100111001100000000111011011111000001111000001110011100001111000001111111111
11111111111111100000000001111011011011110000111100001100111001100000000111011011111000001111000001110011100001111000001111111111
11111111111111100000000001111011011011110000111100001100111001100000000111011011111000001111000001110011100001111000001111111111
11111111111111100000000001111011011011110000111100001100111001100000000111011011111000001111000001110011100001111000001111111111
11111111111111100000000001111011011001110000111100001100111001100000000111011011111000001111000001110011100001111000001111111111
11111111111111100000000001111011011001110000111100001100111001100000000111011011111000001111000001110011100001111000001111111111
11111111111111100000000001111011011001110000111100001100111001100000000111011011111000001111000001110011100001111000001111111111
11111111111111100000000001111011011001110000111100001100111001100000000111011011111000001111000001110011100001111000001111111111
11111111111111100000000001111011011001110000111100001100111001100000000111011011111000001111000001110011100001111000001111111111
11111111111111100000000001111011011001110000111100001100111001100000000111011011111000001111100001110011100001111000001111111111
11111111111111100000000001111011011001110000111100001100111001100000000111011011111000001111100001110011100001111000001111111111
11111111111111100000000001111011011001110000111100001100111001100000000111011011111000001111100001110011100001111000001111111111
11111111111111100000000001111011011001110000111100001100111001100000000111011011111000001111100001110011100001111000001111111111
11111111111111100000000001111011011001110000111100001100111001110000000111011111111000001111100001110011100001111000001111111111
11111111111111100000000001111011011001110000111100001100111001110000000111011101111000001111100001110011100001111000001111111111
11111111111111100000000001111011011001110000111100001100111001100000000111011101111000001111100000110011100001111000001111111111
11111111111111100000000001111011011001110000111100001100111001110000000111011101111000001111100000110011100001111100001111111111
11111111111111100000000001111011011001110000111100001100111001110000000111011101111000001111100000110011100001111100001111111111
11111111111111100000000001111011011101110000111100001100111001110000000111011101111000001111100000110011100001111100001111111111
11111111111111100000000001111011011101110000111100001100111001110000000111011101111000001111100000110011100001111100001111111111
11111111111111100000000001111011011001110110111100001100111001110000000111011101111000001111100000110011100001111100001111111111
11111111111111100000000001111011011101110110111100001100111001110000000111111101111000001111100000110011100001111100001111111111
11111111111111100000000001111011011101110110111100001100111001110000000111111101111000001111100000110011100001111100001111111111
11111111111111100000001101111011011101110110111100001100111001110000000111111101111000001111100000110011100001111100001111111111
11111111111111100000001101111011011101110000111100001100111001110000000111111101111000001111100000110011100001111100001111111111
11111111111111100000001101111011011101110000111100001100111001110000000111111101111000001111100000110011100001111100001111111111
11111111111111100000000001111011011101110000011100001100111001110000000111111101111000001111100000110011100001111100001111111111
11111111111111100000000001111011011101110000011100001100111001110000000111111101111000001111100000110011100001111100000111111111
11111111111111100000000001111011011101110000111100001100111001110000000111111101111000001111100000111011100001111100000111111111
11111111111111100000000001111011011101110000111100001100111001110000000111111101111000001111100000111011100001111100000111111111
11111111111111100000000001111011011101110000111100001100111001110000000111111101111000001111100000111011100001111100000111111111
11111111111111100000001101111011011101110000111100001100111001110000000111111101111000001111100000111011100001111100000111111111
11111111111111100000001100111011011101110110111100001100111001110000000111111101111000001111100000111011100001111100000111111111
11111111111111100000001100111011011101110110111100001100111001110000000111111101111000001111100000111011100001111100000111111111
11111111111111100000001100111011011101110110011100001100111001110000000111111101111000001111100000111011100001111100000111111111
11111111111111100000001100111011011101110110011100001100111001110000000111111101111000001111100000111011100001111100000111111111
11111111111111100000000000111011011101110110011100001100111001110000000111111101111000001111100000111011100001111100000111111111
11111111111111100000000000111011011101110110011100001100111001110000000111111101111000001111100000111011100001111100000111111111
11111111111111100000000000111011011101110000011100001100111001110000000111111101111000001111110000111011100001111100000111111111
11111111111111100000000000111011011101110110011100001100111001110000000111111101111000001111110000111011100001111100000111111111
11111111111111100000000000111011011101110110011100001100111001110000000111111101111000001111110000111011100001111100000111111111
11111111111111100000000000111011011101110110011100001100111001110000000111111101111000001111110000111001100001111100000111111111
11111111111111100000001100111011011101110110011100001110111001110000000111111101111000001111110000111001100001111100000111111111
11111111111111100000001100111011011101110110011100001110111001110000000111111101111000001111110000111001100001111100000111111111
11111111111111100000000000111011011101110000011100001110111001110000000111111101111100000111110000011001100001111100000111111111
11111111111111100000000000111011011101110110011100001110111001110000000111111101111100000111110000011001100001111100000111111111
11111111111111100000001100111011011101110110011100001110111001110000000111111101111100000111110000011001100001111100000111111111
11111111111111100000001100111011111101110110011100001110111001110000000111111101111100000111110000011001100001111100000111111111
11111111111111100000001100111011111101110110011100001110111001110000000111111101111100000111110000011001100001111100000111111111
11111111111111100000001100111011111101110110011100001110111001110000000111111101111100000111110000011001100000111100000111111111
11111111111111100000001100111011111101110110011100001110111001110000000111111101111100000111110000011001110000111100000111111111
11111111111111100000001100111011111101110110011100001110111001110000000111111101111100000111110000011001110000111100000011111111
11111111111111100000001100111011111101110110011100001110111001110000000111111101111100000111110000011001110000111100000011111111
11111111111111100000001100111011111101110110011100001110111001110000000111111101111100000111110000011001110000111100000011111111
11111111111111100000001100111011111101110110011100001110111001110000000111111101111100000111110000011101110000111100000011111111
11111111111111100000000000111011111101110110011100001110111001110000000111111101111100000111110000011101110000111100000011111111
11111111111111100000000000111011111101110110011100001110111001110000000111111101111100000111110000011101110000111100000011111111
11111111111111100000000000111011101101110110011100001110111001110000000111111101111100000111110000011101110000111100000011111111
11111111111111100000000000111011101101110000011100001110011001110000000111111101111100000111110000011101110000111100000011111111
11111111111111100000000000111011101101110000011100001110011001110000000111111101111100000111110000011101110000111100000011111111
11111111111111100000001100111011101101111000011100001110011001110000000111111101111100000111110000011101110000111100000011111111
11111111111111100000001100111011101101111000011100001110011001110000000111111101111100000111110000011101110000111100000011111111
11111111111111100000001100111011101101111000011100001110011001110000000111111101111100000111110000011101110000111100000011111111
11111111111111100000001100111011101101111000011100001110011001110000000111111101111100000111111100011101110111111111100011111111
11111111111111100000001100111011101101111000011100001110011101110000011111111111111111111111111111111111111111111111100011111111
11111111111111100000001100111011101101111110011111101110111111111100011111111111111111111111111111111111111111111111100011111111
11111111111111100000001101111111111111111111111111111111111111111100011111111111111111111111111111111111111111111111100011111111
11111111111111100011111111111111111111111111111111111111111111111100011111111111111111111111111111111111111111111111100011111111
11111111111111100011111111111111111111111111111111111111111111111100011111001111110111111111111111111111101111111111100011111111
11111111111111100011111111111111111111111111111111111111111101111100011111101111110111111111111111111111101111111111100011111111
11111111111111100011111111111011111111111111111111111111111111111101011111111111110111111011111111111111111111111111111111111111
11111011111111100011110111110001111111111111111111111111111111111111011111111111111111111111111110011111111111111111111111111111
11111011111111100011111111110011111111111111111111111111111111111111111111111111111111111111111110011111111111111111111111111111
11111011111111101111111111111111111111111111111111111111111111111111111111111111111111111111111111111111111111111111111111111111
11111100111111111111111111111111111111111111111111111111111111111111111111111111100111111111111111111111111111111111111111111111
11111111111111111111111111111111111111111111111111111111111111111111111111111111111111111111111111111111111111111111111111111111
11111111111111111111111111110011111111111111111111111111111111111111111111111111111111111111111111111111111111111111111111111111
11111111111111111111111111111111111111111111111111111111111111111111111111111111111111111111111111111111111111111111111111111111
11111111111111111111111111111111111111111111111111111111111111111111111111111111111111111111111111111111111111111111111111111111
11111111111111111111111111111111111111111111111111111111111111111111111111111111111111111111111111111111111111111111111111111111
11111111111111111111111111111111111111111111111111111111111111111111111111111111111111111111111111111111111111111111111111111111
11111111111111111111111111111111111111111111111111111111111111111111111111111111111111111111111111111111111111111111111111111111
11111111111111111111111111111111111111111111111111111111111111111111111111111111111111111111111111111111111111111111111111111111
11111111111111111111111111111111111111111111111111111111111111111111111111111111111111111111111111111111111111111111111111111111