11111111111111111111111111111111111111111111111111111111111111111111111111111111111111111111111111111111111111111111111111111110
11111111111111111111111111111111111111111111111111111111111111111111111111111111111111111111111111111111111111111111111111111110
11111111111111111111111111111111111111111111111111111111111111111111111111111111111111111111111111111111111111111111111111111110
11111111111111111111111111111111111111111111111111111111111111111111111111111111111111111111111111111111111111111111111111111110
11111111111111111111111111111111111111111111111111111111111111111111111111111111111111111111111111111111111111111111111111111110
11111111111111111111111111111111111111111111111111111111111111111111111111111111111111111111111111111111111111111111111111111110
11111111111111111111111111111111111111111111111111111111111111111111111111111111111111111111111111111111111111111111111111111110
11111111111111111111111111111111111111111111111111111111111111111111111111111111111111111111111111111111111111111111111111111110
11111111111111111111111111111111111111111111111111111111111111111111111111111111111111111111111111111111111111111111111111111110
11111111111111111111111111111111111111111111111111111111111111111111111111111111111111111111111111111111111111111111111111111110
11111111111111111111111111111111111111111111111111111111111111111111111111111111111111111111111111111111111111111111111111111110
11111111111111111111111111111111111111111111111111111111111111111111111111111111111111111111111111111111111111111111111111111110
11111111111111111111111111111111111111111111111111111111111111111111111111111111111111111111111111111111111111111111111111111110
11111111111111111101111111111111111111111111011110111111111011111111111111111111111111111111111111111111111111111111111111111110
11111111111111111111011111111111111111111111111111111111111111111111111111111111111111111111111111111111111111111111111111111110
11111111111111111111111110111111111111111111111111111111111111111111111111111111111111111111111111111111111111111111111111111110
11111111111111111111111111111111111111111111111111111111111111111111111111111111111111111111111111111111111111111111111111111110
11111111111111111111111111111111111111111111111111111111111111111111111111111111111111111111111111111111111111111111111111111110
11111111111111111111111111111111111111111111111111111111111111111111111111111111111111111111111111111111111111111111111111111110
11111111111111111111111111111111111111111111111111111111111111111111011100111110111011101111011001111111111111111111111111111110
11111111111111111111110110111111111111111011111111111110111011101110011100111110110011101111011001111111111111111111111111111110
11111111111111111111100110111111011011111011111111111110111011101110011100111110111011101111011001111111111111111111111111111111
11111111111111111111100110111111011011111011111111111110111011101110011100111110111011101111111001111111111111111111111111111111
11111111111111111111100110111111011011111011111111111110111111101110011100111110111011101111111001111111111111111111111111111111
11111111111111111111100110111111011011111011111111111110111111101110011100111110111011101111111001111111111111111111111111111111
11111111111111111111100110111111011011111011111111111110111111101110011100111110111011101111111001111111111111111111111111111111
11111111111111111111100110111111011011101111111111111110111111101110011100111110111011101111111001111111111111111111111111111111
11111111111111111111100110111111011011101111111111111110111111101110011100111110111011111111111001111111111111111111111111111111
11111111111111111111100110111111111011101111111111111110111111101110011100111110111011111111111001101111111111111111111111111111
11111111111111111111100110111111111011101111111111111110111111111110011100111110111011111111111101101111111111111111111111111111
11111111111111111011100110111111111011101111111111111110111111111110001100111110111011111111111101101111111111111111111111111111
11111111111111111011100110111111111011101111111111111110111111111110001100110110111011111111111100101110111111111111111111111111
11111111111111111011100110111111111011101111111111111110111111111111001100110110111011111111111100101110111111111111111111111111
11111111111111111011100110111111111011101101111111111110111111111111001100110110111011111111111100101110111111111111111111111111
11111111111111111011100110111111111011101101111101111010111111111111001100110110111011111111111100101110111111111111111111111111
11111111111111111011100110111111111011101101111101111010111111111111001110110110011011111111111100101110111111111111111111111111
11111111111111111011100110111111111011101101111101111010111111111111001110010110011011111111111100101110111111111111111111111111
11111111111111111011100110111111111011101101111101111010111111111111001110010110011001111111111100101110111111111111111111111111
11111111111111111011100110111111111011101101111101111010111111111111001110010110011001111111111100111111111111111111111111111111
11111111111111111011100110011111111111101101111101111010111111111111001110010110011001111111111100111111110111111111111111111111
11111111111111111011100110011111111111101101111101111010111111111111001110010110011001111111111100111111110111111111111111111111
11111111111111111011100110011111111111111101111101111010111111111111001110010110011001111111111100111111110111111111111111111111
11111111111111111011100110011111111111111101111101111010011111111111001110011110011001110111111100111111110111111111111111111111
11111111111111111011100110011111111111111101111101111010011111111111001110011110011001110111111100111111110111111111111111111111
11111111111111111011100110011101111111111101111101111010011111111111001110011110011001110111111100111111111111111111111111111111
11111111111111111011100110011101111111111101111101111110011111111111001110011110011001110111111100111111111111111111111111111111
11111111111111111011100110011101111111111101111101111110011111111111001110011111011001010111111100111111111111111111111111111111
11111111111111111011100110011101111111111101111101111010011101111111001110011111011001010111111100111111111111111111111111111111
11111111111111111111100110011101111111111101111101111110011101111111001110011111011001010111111100111111111111111111111111111111
11111111111111111111100110011101111111111101111111111110011101111111001110011111011001010111111100111111111111111111111111111111
11111111111111111111100110011101111111111101111111111110011101111111001110011111011001010111111100111111111111111111111111111111
11111111111111111111100110011101111111111101111111111110011101110111001110011111011101010111111100111111111111111111111111111111
11111111111111111111110111011101101111111101111111111111011101110111001110011111011101011111111100111111111111111111111111111111
11111111111111111111110111011101101111111101111111111111011111110111001110011111011101011111111100111111111111111111111111111111
11111111111111111111110011011101101111111101111111111111011111110111001110011111011101011111111100111111111111111111111111111111
11111111111111111111110011011101101111111101111111111111011111110111001110011111011101011111111100011111111111111111111111111111
11111111111111111111110011011101101111111101111111111111011111110101001110011111011101111111111100011111111111111111111111111111
11111111111111111111110011011101101111111101111111111111011111110101001110011111011101111111111110011111111111111111111111111111
11111111111111111111110011011111101111111101111111111111011111110101001110011111011101111111111110011111111111111111111111111111
11111111111111111111110011011111101101111101111111111111011111110101001110011111011101111111111110011111111111111111111111111111
11111111111111111111110011011111101101111101111111111111011111111101001110011111011101111111111110011111111111111111111111111111
11111111111111111111110011011111101101111101111111111111011111111101101110011111011101111111111110011111111111111111111111111111
11111111111111111111110011011111101101111111111111111111011111111101100110011111011101111111111110011111111111111111111111111111
11111111111111111111110011011111101101111111111111111111011111111101100110011111011101111111111110011111111111111111111111111111
11111111111111111111110011011111101101110111111111111111011111111101100111011111011101111111111110011111111111111111111111111111
11111111111111111111110011011111101101110111111111111111011111111101100111001111011101111111111110011111111111111111111111111111
11111111111111111111110011011111101101110111111111111111011111111111100111001111011101111111111110011111111011111111111111111111
11111111111111111111110011011111101101110111111111111111011111111111100111001111011101111111111110011111111011111111111111111111
11111111111111111111110011011111111101110110111110111111011111111111100111001111011101111111111110011111111011111111111111111111
11111111111111111111110011011111111101110110111110111111011111111111100111001111011101111111111110011111111111111111111111111111
11111111111111111111110011011111111101110110111110111111011111111111100111001111011101111111111110011111111111111111111111111111
11111111111111111111110011011111111101110110111110111111011111111111100111001111011101111111111110011111111111111111111111111111
11111111111111111111110011011111111101110110111110111111001111111111100111001111011101111111111110011111111111111111111111111111
11111111111111111111110011011111111101110110111010111111001111111111100111001111011101101111111110011111111110111111111111111111
11111111111111111101110011011111111101110110111010111111001111111111100111001111111101101111111110011111111110111111111111111111
11111111111111111101110011011111111101110110111010111111001111111111100111001111101101101111111110011111111110111111111111111111
11111111111111111101110011011111111111111110111010111111001111111111100111001111101101101111111110011111111110111111111111111111
11111111111111111101110011011111111111111110111010111111001110111111100111001111101111101111111110011111111110111111111111111111
11111111111111111101110011011111111111111110111010111111001110111111100111001111101111101111111110011111111110111111111111111111
11111111111111111101110011011111111111111110111010111111001110111111100111001111101111101111111110011111111111111111111111111111
11111111111111111101110011011111111111111110111010111111001110111111100111001111101111101111110110011111111111111111111111111111
11111111111111111101110011011111111111111110111011111111001110111111100111001111101110101111110110001111111111111111111111111111
11111111111111111101110011011111111111111110111011111111001110111111100111001111101110101111110110001111111111111111111111111111
11111111111111111101110011011111111111111110111111111111101111111110100111001111101110111111110110001111111111111111111111111111
11111111111111111101110011011111111111111110111111111111101111101110100111001111101110111111110110001111111111111111111111111111
11111111111111111101110011011111111111111110111111111111101111101110100111001111101110111111110110001111111111111111111111111111
11111111111111111101010011011111111111111110111111111111101111101110100111001111101110111111110110001111111111111111111111111111
11111111111111111101010011011111111111111110111111111111101111101110100111001111101110111111110110001111111111111111111111111111
11111111111111111101010011011111111111111110111111111111101111101110100111001111101110111111110110001111111111111111111111111111
11111111111111111101010011011101111111111110111111111111101111101110110011001111101110111111110110001111111111111111111111111111
11111111111111111101010011011111111111111110111111111111101111101110110011001111101110111111110110001111111111111111111111111111
11111111111111111111010001011111111111111110111111111111101111101110110011001111101110111111110110001111111111111111111111111111
11111111111111111111011001011111111110111110111111111111101111101110110011000111101110111111111110001011111111111111111111111111
11111111111111111111011001111111111110111110111111111111101111111110110011000111101110111111111110001011111111111111111111111111
11111111111111111111011001111111111110111010111111111111101111111110110011000111101110111111111110001011101111111111111111111111
11111111111111111111011001111110111110111010111111111111101111111110110011000111101110111111111111001011101111111111111111111111
11111111111111111111011001111110111110111010111111111111101111111110110011000111101110111111111111001011101111111111111111111111
11111111111111111111011001101110111110111010111111111111101111111110110011000111101110111111111111001011101111111111111111111111
11111111111111111111011001101110111110111010111111111111101111111111110011000111101110111111111111001011101111011111111111111111
11111111111111111111011001101111111110111010011111111111101111111111110011000111101110111111111111001011101111011111111111111111
11111111111111111111011001101111111110111010011111111111101111111111110011000111101110111111111111001011101111011111111111111111
11111111111111111111011001101111111110111010011111111111101111111111110011000101101110111111111111001011101111011111111111111111
11111111111111111111011001101111111110111010011111111111101111111111110011000101111110110111111111001011101111011111111111111111
11111111111111111111011001101111111110111010011101111111101111111111110011000101111110110111111111001011111111011111111111111111
11111111111111111111011001101111111110111010011101111111101111111111110011000101110110010111111111001111111111011111111111111111
11111111111111111111011001101111111110111010011101111111101111111111110011000101110110010111111111001111111111011111111111111111
11111111111111111111111001101111111110111010011101111111101111111111110011000101110111010111111111001111111111111111111111111111
11111111111111111111111001101111111110111010011101111111101111111111110011100101111111111111111111001111111111111111111111111111
11111111111111111111111001101111111111111111111111111111111111111111111111111111111111111111111111111111111111111111111111111111
11111111111111111111111111111111111111111111111111111111111111111111111111111111111111111111111111111111111111111111111111111111
11111111111111111111111111111111111111111111111111111111111111111111111111111111111111111111111111111111111111111111111111111111
11111111111111111111111111111111111111111111111111111111111111111111111111111111111111111111111111111111111111111111111111111111
11111111111111111111111111111111111111111111111111110111111111111111111111111111111111111111111111111111111111111111111111111111
11111111111111111111111111111111111111111111111111111111111111111111111111111111111111111111111111111111111111111111111111111111
11111111111111111111111111111110111111111111111111111111111111111111111111111101111111111111111111111111111111111111111111111111
11111111111111111111111111111111111111111111111111111111111111111111111111111111111111111111111111111111111111111111111111111111
11111111111111111111111111111111111111111111111111111111111111111111111111111111111111111111111111111111111111111111111111111111
11111111111111111111111111111111111111111111111111111111111111111111111111111111111111111111111111111111111111111111111111111111
11111111111111111111111111111111111111111111111111111111111111111111111111111111111111111111111111111111111111111111111111111111
11111111111111111111111111111111111111111111111111111111111111111111111111111111111111111111111111111111111111111111111111111111
11111111111111111111111111111111111111111111111111111111111111111111111111111111111111111111111111111111111111111111111111111111
11111111111111111111111111111111111111111111111111111111111111111111111111111111111111111111111111111111111111111111111111111111
11111111111111111111111111111111111111111111111111111111111111111111111111111111111111111111111111111111111111111111111111111111
11111111111111111111111111111111111111111111111111111111111111111111111111111111111111111111111111111111111111111111111111111111
11111111111111111111111111111111111111111111111111111111111111111111111111111111111111111111111111111111111111111111111111111111
11111111111111111111111111111111111111111111111111111111111111111111111111111111111111111111111111111111111111111111111111111111
11111111111111111111111111111111111111111111111111111111111111111111111111111111111111111111111111111111111111111111111111111111
11111111111111111111111111111111111111111111111111111111111111111111111111111111111111111111111111111111111111111111111111111111