11111111111111111111111111111111111111111111111111111111111111111111111111111111111111111111111111111111111111111111111111111111
11111111111111111111111111111111111111111111111111111111111111111111111111111111111111111111111111111111111111111111111111111111
11111111111111111111111111111111111111111111111111111111111111111111111011111111111111111111111111111111111111111111111111111111
11111111111111111111111111111111111111111111111111111111111111111111111111111111111111111111111111111111111111111111111111111111
11111111111111111111011111111111111111111111111111111111111111111111111111111111111111111111111111001111111111111110011111111111
11111111111111111111011111111111111111111110111100111111110011111111111111111111111111111111111111111111111111111111111111111111
11111111111111111111111111111111011111111111111111111111111111111111111111111111111111111111111111111111111111111111111111111111
11111111111111111111111111111111111111111111011111111111111111111111111111111111111111111111111111111111111111111111111111111111
11111111111111111111110111111111111111111111111111111111111111111111111111111111111111111111111111111111111111111111111111111111
11111111111111111111111111111111111111111111111111111111111111111111111111111111111111111111111111111111111111111111111111111111
11111111111111111111111111111111111111111111111111111111111111111111111111111111111111111111111111111111111111111111111111111111
11111111111111111111111111111111111111111111111111111111111111111111111111111111111111111111111111111111111111111111111111111111
11111111111111111111111111111111111111111111111111111111111111111111111011001111101111111000110111100111010001111111111111111111
11111111111111111111111111111111111110110111111111110100111111111100111011001111101111111000110111100111010001111111111111111111
11111111111110111100110111111111111110110111111111110110111111111100111011001111101111111000110111100111010001111111111111111111
11111111111110111100110111111111111110110111111111110100111111111100111011001111101111111000110111100111010001111111111111111111
11111111111110111100110111111111111110110111111111110110111111111100111011001111101111111000110111100111010001111111111111111111
11111111111110101100110111111111111110110111111111110110111111111100111011001101101111111000110111100111010001111111111111111111
11111111111110101100110111111111111110110111111111110110111111111100111011001101101111111000111111100111010001111111111111111111
11111111111110101000110111111111111110110111111111110110111111111100111011001101101111111000111111100111011001111111111111111111
11111111111110111100110111111111111110110111111111110110111111111100111011001101111111111000111111100111011001111111111111111111
11111111111110111100110111111111111110110111111111110110111111111100111011001101111111111000111111100111011001111111111111111111
11111111111110111100110111111111111110110111111111110110111111111100111011001101111111111000111111100111011001111111111111111111
11111111111110111100110111111111111110110111111111110110111111111100111011001101111111111000111111100111011001111111111111111111
11111111111110111100110111111111111110110111111111110110111111111100111011001101111111111000111111100111011001111111111111111111
11111111111110101100110111111111111110110111111111110110111111111100111011001101111111111000111111100011010001111101111111111111
11111111111110101100110111111111111110110111111111110110111111110100111011001101111111111000111111100011011001111111111111111111
11111111111110101100110111111111111110110111111111110110111111111100111011000101111111111000111111100011011001111111111111111111
11111111111110101100110111111111111110110111111111110110111111111100111011000101111111111000111111100011011001111111111111111111
11111111111110101100110111111111111110110111111111110110111111111100111011000101111111111000111111100011011001111111111111111111
11111111111110101100110111111111111110110111111111110110111111110100111011000101111111111000111111100011011001111101111111111111
11111111111110101100110111111111111110110111111111110110111111110100111011000101111111111000111111100011011001111101111111111111
11111111111110101100110111111111111110110111111111110110111111110110111011000101111111111000111111100011111001111101111111111111
11111111111110111100110111111111111110110111111111110110111111110110111011000101111111111000111111100011111001111101111111111111
11111111111110111100110111111111111110110111111111110110111111110110111011000101111111111100111111100011111001110101111111111111
11111111111110101100110111111111111110110111111111110110111111110110111011000101111111111100111111100011111001110101111111111111
11111111111110101100110111111111111110110111111111110110111111110110111011000101111110111100111111100011111001110101111111111111
11111111111110101100110111111111111110110111111111110110111111110110111011000101111110111100111111100011111001110101111111111111
11111111111110101100110111111111101110110111111111110110111111110110111011000101111110111100111111100011111001110101111111111111
11111111111110101100110111111111101110110111111111110110111111110110111011000101111110111100111111100011111001110101111111111111
11111111111110101100110111111111101110110111111111110110111111110110111011000111111110111100111111100011111001110101111111111111
11111111111110101100110111111111101110110111111111110110111111110110111011000111111110111100111111100011111001110101111111111111
11111111111110101100110111111111101110110111111111110110111111110110111011000111111110111100111110100011111001110101111111111111
11111111111110101100110111111111101110110111111111111110111111110110111011000111111110111100111110100011111001110101111111111111
11111111111110101100110111111111101110110111111111111110111111110110111011000111111110111100111110100011111001110111111111111111
11111111111110101100110111111111101110110111111111111110111111110110111011000111111110111100111110100011111001110111111111111000
11111111111110101100110111111111101110110111111111111110111111110110111011000101111110111100111110100011111000110111111111111000
11111111111110101100110111111111101110110111111111111110111111110110111011000111111110111100111110100011111000110111111111111000
11111111111110101000110111111111101110110111111111111110111111110110111011000111111110111100111010100011111000110111111111111000
11111111111110101000110111111111101110110111111111111110111111010110111011000111111110111100111010100011111000110111111111111000
11111111111110101100110111111111101110110111111111111110111111010110111011000111111110111100111010100011111000110111111111111000
11111111111110101100110111111111101110110111111111111110111111010110111011000111111110111100111010100011111000110111111111111000
11111111111110101100110111111111101110110111111111111110111111010110111011000111111110111100111010110011111000110111111111111000
11111111111110101100110111111111101110110111111111110110111111010110111011000111111110111100111010110011111000110111111111111000
11111111111110101100110111111111111110110111111111110110111111010110111011000111111110111100111010110011111000111111111111111000
11111111111110101100110111111111111110110111111111111110111111110110111011000111111110111100111010110011111000111111111111111000
11111111111110101100110111111111111110110111111111111110111111110110111001000111111110111100111010110011111000111111111111111000
11111111111110101100110111111111101110110111111111111110111111011110111001000111111110111100111010110011111000111111111111111000
11111111111110101000110111111111101110110111111111111110111111011110111001000111111110111100111010110011111000111111111111111000
11111111111110101000110111111111101110110111111111111110111111011110111011000111110110111100111010110011111000111111111111111000
11111111111111101000110111111111101110110111111111111110111111010110111011000111110110111100111010110011111000111111111111111000
11111111111111101000110111111111111110110111111111111110111111011110111001000111111110111100111010110011101000111111111111111000
11111111111111101000110111111111111110110111111111111110111111011110111001000111111110111100111010110011101000111111111111111000
11111111111111101000110111111111111110110111111111111110111111011110111001100111111110111100111010110011101000111111111111111000
11111111111111101000110111111111101110110111111111111110111111011110111001100111110110111100111010110011101000111111111111111000
11111111111111101000110111111111101110110111111111111110111111011110111001000111110110111100111010110011101000111111111111111000
11111111111111101000110111111111101110110111111111111110111111011110111001100111110110111100111010110011101000111111111111111100
11111111111111101000110111111111101110110111111111111110111111011110111001100111110110111100011010110011101000111111111111111111
11111111111111101000110111111111101111110111111111111110111101011110111001100111110110111100011011110011101000111111111111111111
11111111111111101000110111111111101111110111111111111110111101011110111001100111110110111100011011110011101000111111111111111111
11111111111111101000110111111111101111110111111111111110111111011110111001100111110111111100011011110011101000111111111111111111
11111111111111101000110111111111101111110111111111111110111111011110111001100111110111111100011011110011101000111111111111111111
11111111111111111000110111111111101111110111111111111110111111011110111001100111110111111100011111110011101000111111111111111111
11111111111111111000110111111111101111110111111111111110111101011110111001100111110111111100111111110011101000111111111111111111
11111111111111111000110111111111101111110111111111111110111101011110111001100111110111111100011111110011101100111111111111111111
11111111111111101000110111111111101111110111111111111110111101011110111001100111110111111100011111110011101000111111111111111111
11111111111111111000110111111111101111110111111111111110111101111110111001100111110111111100011111110011101000111111111111111111
11111111111111111000110111111111101111110111111111111110111101111110111001100111110111111100011111110011101100111111111111111111
11111111111111111000110111111111101110110111111111111110111101111110111001100111110111111100011111110011101100111111111111111111
11111111111111111000110111111111101110110111111011111110111101111110111001100111110111111100011111110011101100111111111111111111
11111111111111111000110111111111101111110111111011111110111101111110111001100111110111111100011111110011101100111111111111111111
11111111111111111000110111111111101111110111111111111110111101111110111001100111110111111100011111110011101100111111111111111111
11111111111111111000110111111111101111110111111011111110111101111110111001100111110111111100011111110001101100111111111111111111
11111111111111111000110111111111101111110111111111111110111101111110111001100111110111111100011111110001101100111111111111111111
11111111111111111000110111111111101111110111111111111110111101111110111001100111110111111100011111110001101100111110111111111111
11111111111111111000110111111111101111110111111011111110111101111110111001100111110111111100011111110001101100111110111111111111
11111111111111111000110111111111101111110111111011111110111101111110111001100111110111111100011111110001101100111110111111111111
11111111111111101000110111111111101111110111111011111110111101111110111001100111110111111100011111110001111100111110111111111111
11111111111111101000110111111111101111110111111011111110111101111110111001100111110111111100011111110001111100111110111111111111
11111111111111101000110111111111101110110111111011111110111101111110011101100111110111111100011111110001111100111110111111111111
11111111111111101000110111111111101111110111111011111110111101111110011101100111110111111100011111110001111100111110111111111111
11111111111111101000110111111111101111110111111011111110111101111110011101100111110111111100011111110001111100111110111111111111
11111111111111111000110111111111101111110111111011111110111101111110011101100111110111111100011111110001111100111110111111111111
11111111111111101000110111111111101111110111111011111110111101111110011101100111110111111100011111110001111100111110111111111111
11111111111111101000110111111111101111110111101011111110111101111110011101100111110111111100011111110001111100111111111111111111
11111111111111111000110111111111101111110111101011111110111101111110011101100110110111111100011111110001111100111111111111111111
11111111111111111000110111111111101111110111101011111110111111111110011101100110110111111110011111110001111100111111111111111111
11111111111111111000110111111111101111110111101011111110111111111110011101100110110111111110011111110001111100111011111111111111
11111111111111111000110111111111101111110111101011111110111111111110011101100110110111111110011111110001111100111011111111111111
11111111111111111000110111111111101111110111101011111110111111111110011101100110110111111100011111110001111100111011111111111111
11111111111111111000110111111111101111110111101011111110111111111110011101100110110111111100011111110001111100111011111111111111
11111111111111111000110111111111101111110111101011111110111111111110011101100110110111111100011111110001111100111011111111111111
11111111111111111000110111111111101111110111111011111110111111111110011101100110110111111110011111110001111100111011111111111111
11111111111111111000110111111111101111110111111011111110111111111110011101100110110111111110011111010001111100111011111111111111
11111111111111111000110111111111101111110111111011111110111111111110011101100110111111111110011111010001111100011011111111111111
11111111111111111000110111111111101111110111111011111110111111111110011101100010111111111110011111010001111100011011111111111111
11111111111111111000110111111111101111110111101011111110111111111110011101100110111111111110011111010001111100011011111111111111
11111111111111111000110111111111101111110111101011111110111111111110011101100010111111111110011111010001111100011111111111111111
11111111111111111000110111111111101111110111101011111110111111111110011101100010111111111110011111010001111100011111111111111111
11111111111111111000110111111111101111110111101011111110111111111110011101100010111111111110011111010001111100011111111111111111
11111111111111111000110111111111101111110111101011111110111111111110011101100010111111111110011111010001111100011111111111111111
11111111111111111000110111111111101111110111101011111110111111111110011101100010111111111110011111010001111100011111111111111111
11111111111111111000110111111111101111110111101011111110111111111110011101100110111111111110011111010001111100011011111111111111
11111111111111111111110111111111101111110111101011111110011111111110011101100110111111111110011111010001111100011011111111111111
11111111111111111111111111111111111111111111111111111111111111111111011101100111111111111110011111111011111111111111111111111111
11111111111111111111111111111111111111111111111111111111111111111111111111111111111111111111111111111111111111111111111111111111
11111011111111111111111111111111111111111111111111111111111111111111111111111111111111111111111111111111111111111111111111111111
11111111111111111111111111111111111111111111111111111111111111111111111111111111111111111111111111111111111111111111111111111111
11111111111111111111111111111111111111111111111110111111111111111111111011111111111111001111111111111111111111111111111111111111
11111101111111111111111111111111111111111111111111111111111111111111111011111111111111111111111111111111111111111111111111111111
11111011111111111111111111011111111111111111111111111111111111111111111111111111011111111111111111111111111111111111111111111111
11111111111111111111111111111111111111111111111111111111111111111111111111111111111111011111111111111111111111111111111111111111
11111111111111111111111111111111111111111111111111111111111111111111111111111111111111111111111111111111111111111111111111111111
11111111111111111111111111111111111111111111111111111111111111111111111111111111111111111111111111111101111111111111111111111111
11111111111111111111111111111111111111111111111111111111111111111111111111111111111111111111111111111111111111111111111111111111
11111111111111111111111111111111111111111111111111111111111111111111111111111111111111101111111111111111111111111111111111111111
11111111111111111111111111111111111111111111111111111111111111111111111111111111111111111111111111111111111111111111111111111111
11111111111111111111111111111111111111111111111111111111111111111111111111111111111111111111111111111111111111111111111111111111