11111111111111111111111111111111111111111111111111111111111111111111111111111111111111111111111111111111111111111111111111111111
11111111111111111111111111111111111111111111111111111111111111111111111111111111111111111111111111111111111111111111111111111111
11111111111111111111111111111111111111111111111111111111111111111111111111111111111111111111111111111111111111111111111111111111
11111111111111111111111111111111111111111111111111111111111111111111111111111111111111111111111111111111111111111111111111111111
11111111111111111111111111111111111111111111111111111111111111111111111111111111111111111111111111111111111111111111111111111111
11111111111111111111111111111111111111111111111111111111111111111111111111111111111111111111111111111111111111111111111111111111
11111111111111111111111111111111111111111111111111111111111111111111111111111111111111111111111111111111111111111111111111111111
11111111111111111111111111111111111111111111111111111111111111111111111111111111111111111111111111111111111111111111111111111111
11111111111111111111111111111111111111111111111111111111111111111111111111111111111111111111111111111111111111111111111111111111
11111111111111111111111111111011111111111101111111111111111111111111111111111111111111111111111111111111111111111111111111111111
11111111111111111111111110111011111111111111111111111111111111111101111111111111111111111111111111111111101111111111111111111111
11111111111111111111111110111111111111111111111111111111111111111111111111111111111111111111111111111111111111111111111111111111
11111111111111111111111110111111111111111111111111111111111111111111111111111111111111111111111111111111111111111111111111111111
11111111111111111111111111111111011111111111111111111111111111111111111111111111111111111111111111111111111111111111101111111111
11111111111111111111111111111111011111111111111111111111111111111111111111111111111111111111111111111111111111111111111111111111
11111111111011111111111111111111111111111111111111111111111111111111111111111111111111111111111111111111111111111111111111111111
11111111111111111111111111111111111111111111111111111111111111111111111111111111111111111111111111111111111111111111111111111111
11111111111111111111111111111111111111111111111111111111111111111111111111111111111111111111111111111111111111111111111111111111
11111111111111111111111111111111111111111111111111111111111111111111111111111111111111111111111111111111111111111111111111111111
11111111111111111111111111111111111111111111111111111111111111111111111111111111111111111111111111111111111111111111111111111111
11111111111111111111111111111111111111111111111111111111111111111111111111111111111111111111111111111111111111111111111111111111
11111111111111111111111111111111111111111111111111111111111111111111111111111111111111111111111111111111111111111111111111111111
11111111111111111111111111111111111111111111111111111111111111111111111111111111111111111111111111111111111111111111111111111111
11111111111110001100111111111111111111110111111111100111000110111111000111011011001110111011100011111111111111111000111111111111
11111111111110001100111101111111111111110111111111100111000110111111000111011011001110011011100011111111111111111000111111111111
11111111111110001100111101111111111101110111111111100111000110111111000111011011001110110011100011111111111111111000111111111111
11111111111110001100111101111111111101110111111111100111000110111111100111011011001110110011100011111111111110111000111111111111
11111111111110001100111101111111111111110111111111100111000110111111100111011011001110110011100011111111111110111000111111111111
11111111111110001100111101111111111111110111111111100111000110111111100111011011001110111011100011111111111110111001111111111111
11111111111110001100111101111111111111110111111111100111000110111111100111011011001110111011100011111111111110111001111111111111
11111111111011001100111111111111111111110111111111100111000110111111100111111011001110111011100011111111111110111000101111111111
11111111111011001100111111111111111111110111111111100111000110111111100111111011001110110011100011111111111110111001101111111111
11111111111011001100111111111111111111110111111111100111000111111111100111111011001110111011100011111111111110111001101111111111
11111111111011001100111111111111111111110011111111100111000111111111100111111011001110111011100011111111111111111001101111111111
11111111111111001100111111111111111111110011111111100111000110111111100111111011001110111011100011111111111110111001101111111111
11111111111111001100111111111111111111110011111111100111000111111111100111111011001110111011100011111111111110111001101111111111
11111111111111000110111111111111111111110011111111100111000111111111100111111011001110111011100011111111111110111001101111111111
11111111111111000110111111111111111111110111111011100111000111111111100111111011001110111011100011111111111111111001101111111111
11111111111111000110111111111111111111110011111011100111000111111111100111111011001110111011100011111111111111111001101111111111
11111111111111000110111111111111111111110011111011100111000111111111100111111011001110111011100011111111111110111001101111111111
11111111111111000110111111111111111111110011111011100111000111111111100111111011001110110011100011111111111110111001101111111111
11111111111111000110111111111111111111110011111011100111000111111111100111111011001110111011100011111111111111111001101111111111
11111111111111000110111111111111111111110011111011100011000111111111100111111011001110111011100011111111111111111001101111111111
11111111111111000110111111110111111111110011111111100011000111111111100111111011001110111011100011111111111111111001101111111111
11111111111111000110111111110111111111110011111111100011000111111111100111111011001110111011100011111111111111111001101111111111
11111111111111000110111111111111111111110011111111100011000111111111100111111011001110111011100011111111111111111001111111111111
11111111101111000110111111111111111111110011111111100011000111111111100111111011001110111011100011111111111111111001111111111111
11111111101111000110111111111111111111110011111111100011000111111101100111111011001110111011100011111111111111111001111111111111
11111111101111000110111111111111111111110011111111100011000111111101100111111011001110111011100011111111111111111001111111111111
11111111111111000110111111111111111111110011111111100011000111111101100111111011001110111011100011111111111111111001111111111111
11111111111111000110111111111111111111110011111111100011000011111101100111111011001110111011100011111111111111111001111111111111
11111111111111000110111111111111111111111011111111100011000111111101100111111011001110111011100011111111111111111001111111111111
11111111111111000110111111111111111111111011111111100011000011111101100111111011001110111011100011111111111111111001111111111111
11111111111111000110111111111111111111111011111111100011000011111101100111111011001110111011100011111111111111111001111111111111
11111111111111000110111111111111111111111011111111100011000011111101100111111011001110111011100011111111111111111001111111111111
11111111111111000110111111111111111111111011111111100011000011111101100111111011001110011011100011111111111111111001111111111111
11111111111111000110111111111111111111111011111111100011000011111111100111111011001110111011100011111111111111111001111111111111
11111111111111000110111111111111111111111011111111100011000011111111100111111011101110111011100011111111111111111001111011111111
11111111111111000110011111111111111111111011111111100011000011111111100111111011101110111011100011111111111111111001111011111111
11111111111111000110011111111111111111111011111111100011000011111111100111111011101110111011100011111111111111111001111011111111
11111111111111000110011111111111111111111011111111100011000011111111100111111011001110111011100011111111111111111001111111111111
11111111111111000110011111111111111111111011111111100011000011111111100111111011001110111011100011111111111111111001111111111111
11111111111111000110011111111111111111111011111111100011000011111111100111111011001110111011100011111111111111111001111111111111
11111111111111000110011111111111111111111011111111100011000011111111100111111011001110111011100111111111111111111001111111111111
11111111111111000110011111111111111111111011111111100011000011111111100111111011001110111011100111111111111111111001111111111111
11111111111111100110011111111111111111111011111111100011000011111111100111111011001110111011100011111111111111111001111111111111
11111111111111100110011111111111111111111011111111100011000011111111100111111011101110111011100011111111111111111001111111111111
11111111111111100110011111111111111111111011111111100011000011111111100111111011101110011011100011111111111111111001111111111111
11111111111111100110011111111111111111111011111111100011000011111111100111111011101110111011100011111111111111111001111111111111
11111111111111100110011111111111111111111011111111100011000011111111100111111011001110111011100011111111111111111001111111111111
11111111111111100110011111111111111111111011111111100011000011111111100111111011001110111011100011111111111111111001111111111111
11111111111101100110011111111111111111111011111111100011000011111111100111111011001110111011100011111111111111111001111111111111
11111111111101100110011111111111111111111011111111100011000011111111100111111011101110111011100011111111111111111001111111111111
11111111111101100111011111111111111111111011111111100011000011111111100111111011101110111011100011111111111111111001111111111111
11111111111101100111011111111111111111111011111111110011000011111111100111111011101110111011100011111111111111111001111111111111
11111111111101100111011111111111111111111011111111110011000011111111100111111011101110111011100011111111111111111001111111111111
11111111111101100111011111111111111111111011111111110011000011111111100111111011101110111011100011111111111111111001111111111111
11111111111111100111011111111111111111111011111111110011000011111111100111111011101110111011100011111111111111111001111111111111
11111111111111100111011111111111111111111011111111110011000011111111100111111011101110111011100011111111111111110001111111111111
11111111111111100111011111111111111111111011111111110011000011111111100111111011101110111011100011111111111111110001111111111111
11111111111111100111011111111111111111111011111111110011000011111111100111111011001110111011100011111111111111111001111111111111
11111111111111100011011111111111111111111011111111110011000011111111100111111011001110111011100011111111111111111001111111111111
11111111110111100011011111111111111111111011111111110011000011111111100111111011101110111011100011111111111111110001111111111111
11111111110111100011011111111111111111111011111111110011000011111111100111111011101110111011100011111111111111110001111111111111
11111111110111100011011111111111111111111011111111110011000011111111100111111011101110111011100011111111111111110001111111111111
11111111110111100011011111111111111111111011111111110011000011111111100111111011101110111011100011111111111111110001111111111111
11111111110111100011011111111111111111111011111111110011000011111111100011111011101110111011100011111111111111110001111111111111
11111111111111100011011111111111111111111011111111110011000011111111100011111011101110011011100011111111111111110001111111111111
11111111111111100011011111111111111111111011111111110011000011111111100011111011101110011011100011111111111111110001111111111111
11111111111111100011011111111111111111111011111111110011000011111111100011111011101110011011100011111111111111110001111111111111
11111111111111100011011111111111111111111011111111110011000011110111100011111011101110011011100011111111111111110001111111111111
11111111111111100011011111111111111111111011111111110011000011111111100011111001101110111011100011111111111111110001111111111111
11111111111111100011011111111111111111111011111111110011000011111111100011111011101110111011100011111111111111110001111111111111
11111111111111100011011111111111111111111011111111110011000011111111100011111011101110011011100011111111111111110001111111111111
11111111111111100011011111111111111111111001111111110011000011111111100011111011101110011011100011111111111111110001111111111111
11111111111111100011011111111111111111111001111111110011000011111111100011111011101110111011100011111111111111110001111111111111
11111111111111100011011111111111111111111001111111110011000011111111100011111011101110011011100011111111111111110001111111111111
11111111111111100011011111111111111111111001111111110011000011111111100011111001101110011011100011111111111111110001111111111111
11111111111111100011011111111111111111111001111111110011000011111111100011111001101110111011100011111111111111110001111111111111
11111111111111100011001111111111111111111001111111110011000011111111100011111001101110111011100011111111111111110001111111111111
11111111111111100011001111111111111111111001111111110011000011111111100011111001101110111011100011111111111111110001111111111111
11111111111111100011001111111111111111111001111111110011000011111111100011111001101110111011100011111111111111110001111111111111
11111111111111100011001111111111111111111001111111110011000011111111100011111001101110011011100011111111111111110001111111111111
11111111111111110011001111111111111111111001111111110011000011111111100011111001101110011011100011111111111111110001111111111111
11111111111111110011001111111111111111111101111111110011000011111111100011111001101110011011100011111111111111110001111111111111
11111111111111110011001111111111111111111101111111110011100011111111100011111001101110011011100011111111111111110001111111111111
11111111111111110011001111111111111111111101111111110011100011111111100011111001101110011011100011111111111111110001111111111111
11111111111110110011001111111111111111111101111111110011100011111111100011111001101110011011100011111111111111110001111111111111
11111111111110110011001111111111111111111101111111110011100011111111100011111001101110011011100011111111111111110001111111111111
11111111111110110011001111111111111111111101111101110011100011111111100011111001101110011011100011111111111111110011111111111111
11111111111110110011001111111111111111111101111101110011100011111111100011111001101110111011100111111111111111111111111111111111
11111111111111110011001111011111111111111101111111111111111111111111111111111111111111111111111111111111111111111111111111111111
11111111111111111111111111111111111111111111111111111111111111111111111111111111111111111111111111111111111111110111111111111111
11111111111111111111111111111111111111111111111111111111111111111111111101111111011111100111111111111111111111111111111111111111
11111111111111111111001111111111110000011111011111111111111111111111111111111111111111111111111111111101111111111111111111111111
11111111111011111111101111111111111111111111011111111111111111111111111111111111110111111111111111111111111111111111011111111111
11111111111011111111111111111111111111111111011101111111111011111111111111111111111111111111111111011110011111110111111111111110
11111111111011111111111111111111111111111111011111111111111011111111111111111111111111111111111111011111111111111111111111111111
11111111111011111111111111100111111111111111011111111111111111111111111111111111111111111111111111011111111111111011111111111111
11111111111111111111111111011111111111111111111101111111111111111111111111111111111111111111111111111111110111111111111111111111
11000111111111111111111111111111111111111111111101111111111111111111111111111111111111111111111111111111111111111111111111111111
11111111111111111111111110111111111111111111111111111111111111111111111111111101111111111111111111111110011111011111111111111111
11111111111111111111111111111111111111111111111111111111111111111111111001111110111111111111111111111111111111111111111111111111
11111111111111111111111111100111111111111111111111111111111111111111111111111111111111111111111111111111111111111111111111111111
11111111111111111111111111111111111111111111111111111111111111111111111111111111111111111111111111111111111111111111111111111111
11111111111111111111111111111111111111111111111111111111111111111111111111111111111111111111111111111111111111111111111111111111
11111111111111111111111111111111111111111111111111111111111111111111111111111111111111111111111111111111111111111111111111111111
11111111111111111111111111111111111111111111111111111111111111111111111111111111111111111111111111111111111111111111111111111111