11111111111111111111111111111111111111111111111111111111111111111111111111111111111111111111111111111111111111111111111111111111
11111111111111111111111111111111111111111111111111111111111111111111111111111111111111111111111111111111111111111111111111111111
11111111111111111111111111111111111111111111111111111111111111111111111111111111111111111111111111111111111111111111111111111111
11111111111111111111111111111111111111111111111111111111111111111111111111111111111111111111111111111111111111111111111111111111
11111111111111111111111111111111111111111111111111111111111111111111111111111111111111111111111111111111111111111111111111111111
11111111111111111111111111111111111111111111011111111111111111111111111111111111111111111111111111111111111111111111111111111111
11111111111111101110101111111111111111111111111111111111111111111111111111111111111111111111111111111111111111111111111111111111
11111111111111111111101111111111111111111111111111111111111111111111111111111111111111111111111111111111111111111111111111111111
11111111101111111111101111111111111111111111111111111111111111111111111111111101111111111111111111111111111111111111111111111111
11111111111111111111101111111111111111111111111111111111111111111111111111111111111111111111111111111111111111111111111111111111
11111111111111111111111111111111111111111111111111111111111111111111111111111111111111111111111111111011111001111111110011111111
11111111111111111111111111111111111111111111111111111111111111111111111111111111111111111111111111111111111011111111111111101111
11111111111111111111111111111111111111111111111111111111111111111111111111111111111111111111111111111111111011111111111111101111
11111111111111111111111111111111111111111111111111111111111111111111111111111111111111111111111111111111111111110111111111111111
11111111111010110011011111111111111111111111111111111111111111111111111111111111111111111111111111111111111111111111111111111111
11111111111000110011001111111111111111110111011111101110111111111111111111111111111111111111111111111111111111111111111111111111
11111111111000110011001111111111111111110111011111100110111001111110011101111111111111111111111111111111111111111111111111111111
11111111111010110011011111111111111111110111011111100110110001111110011101101110111000111110011011100111111111111111111111111111
11111111111010110011011111111111111111111111011111100110110001111110011101101110111000111110011011100111000001110101011111111111
11111111111010110011011111111111111111111111011111000110110001111110011101101100111000111110011011100111000001110101011111111111
11111111111010100011011111111111111111111111011111000110110001111110011101101100111000111110011011100111000001110101011111111111
11111111111010100011001111111111011111111111011111000110110001111110011101101100111001101110001011100111000001110101011111111111
11111111111010100011011111111111011111111111011111000110110001111110011101101100111001101110011111100111000001110101011111111111
11111111111010100011011111111111011111111111011111000110110001111110011101101100111001101110011111100111000001110101011111111111
11111111111010100011011111111111111111111111011111000110110001111110011101101100111001101110011111100111000001111101011111111111
11111111111000100011011111111111111111111111011111000110110011111110011101101100111001101110011111100111000001111101011111111111
11111111111000100011011110111111111111111111011111000110110011111110011001101100111001101110011111100111000001110001011111111111
11111111111000100011011111111111111111111111011111001110110011111110011001101100111001101110011111000111000001110001011111111111
11111111111010100011011111111111111111111111010111001110110011011110011001101100111001111110011111000111000001110011011111111111
11111111111010100011011111111111111111111111010111001110110011011110011001101100111001111110010111000111000001110011011111111111
11111111111000100011011111111111111111111111010111001110110011011110111001101100111001111110010111000111000001111111011111111111
11111111111010100011011110111111111111111111010111001110110011011110111001101100111001111110010111000111000001111111111111111111
11111111111000100011011110111111111111111111010111001100110011011110111001101100110001111110010111001111000001111111111111111111
11111111111000100011011110111111111111111111010111001100110011011110111001101100110001111100010111001111000001111111111111111111
11111111111000100011011110111111111101111111010111001100110011011110111001101100110001111100010111001111000001111111111111111111
11111111111000100011011110111111111101111111010111001100110011011110111001101100110001111100010111001111000011111111111111111111
11111111111001100011011110111111111101111111010111001100110011011110111001101101110001111100010111001111000011111111111111111111
11111111111111100011011110110111111101111111010111001100110011011110111001101101110001111100010111001111000011101111111111111111
11111111111111100011011110110111111101111111010111001100110011011110111001101101110001111100010111001110000011101111111111111111
11111111111111100011011110110111111101111111010111001100110011011110111001101101110001111100010111001110000011101011111111111111
11111111111111100011011110110111111101111111010111001100110011011110111001101101110001111100010111001110000011101011111111111111
11111111111111100011011110110111111101111111010111001100110011011110111001101101110001111100010111001110000011101011111111111111
11111111111111100011011110110111111101111110010111001100110011011110111001101101110001111100010111001110000011100011111111111111
11111111111111100011011110110111111101111110010111001100110011011110111001001101110001111100010111001110000011100010111111111111
11111111111111100011011110110111111101111110010111001100110011011110111001001101110001111100010111001110000011101010111111111111
11111111111111100011011110110111111101111110010111001100110011011110111001001101110001111100010111001110000011101010111111111111
11111111111111100011011110110111111101111110010111001100110011111110111011001101110001111100010111001110000011100000111111111111
11111111111111100011011110110111111101111110010111001100110011111110111011001101110001111100010111001110000011100000111111111111
11111111111001100011011110110111111101111110010111001100110011111110111011001101110011111100010111001110000011101000111111111111
11111111111001100011011110110111111101111110011111001100110011111110111011001101110011111100110111001110000011111010111111111111
11111111111001100011011110110111111101111110011111001101110011111110111011001101110011111100110111001110000011101010111111111111
11111111111001100011011110110111111101111110011111001101110011111110111011011101110011111100111111001110000011101010111111111111
11111111111001100011011110110111111101111110011111001101110011111100111011011101110011011100111111001110000011111011111111111111
11111111111001100011011110110111111101111110011111001101100011111100111011011101110011111100111111001110000011100111111111111111
11111111111001100011011110110111111111111110011111001101100011111100111011011001110011111100111111001110000011100111111111111111
11111111110001100011011111110111111111111110111111001101100011111100111011011001110011111100111111001110000011100111111111111111
11111111110001100111011111110111111111111110111111001101100011111100111011011001110011111100111111001110000011100111111111111111
11111111110001100011011111110111111111111110011111001101100011111100111011011001110011111100111111001110000011000111111111111111
11111111110001100011011111110111111111111110111111001101100011111100111011011001110011111000111110001110000011100111111111111111
11111111110001100111011111110111111111111110111110001101100111111100111011011001110011111000111110001110000011000111111111111111
11111111110001100111011111110111111111111110111110001101100111111100111011011001110011111000111110001110000011010111111111111111
11111111110001100111011111110111111111101110111110001101100111111100111011011001110011111000101110001110000011000111111111111111
11111111110001100111011111111110111111111110111110001101100111111100110011011001110011111000111110011110000011000111111111111111
11111111110001100111011111111110111111111110111110001101100111111100110011011001110011111000101110011110000011000001111111111111
11111111110001100111011111111110111111111110111110001101100111111100110011011001110011111000101110011110000011010101111111111111
11111111110001100110011111111110111111111110111110001101100110111100110011011001100011111000101110011110000011010001111111111111
11111111110001100110011111111110111111111110111110001101100110111100110011011001100011111000101110011110000111000001111111111111
11111111110101100110011111111110111111111110111110001101100110111100110011011001100011111000101110011110000111000001111111111111
11111111110101100110011111111110111111111110111110001101100110111101110011011001100011111000101110011100000111000001111111111111
11111111110101100110011111111110111111111110111110001101100110111101110011011011100011111000101110011100000111000001111111111111
11111111110101100110011111111110111111111110111110001001100110111101110011011011100011111000101110011100000111000001111111111111
11111111110001100110011111111110111111111110111110011001100110111101110011011011100011111000101110011100000111000001111111111111
11111111110001100110011111111110111111111110101110011001100110111101110011011011100011111000101110011100000111000001111111111111
11111111110001100110011111111110111111111110101110011001100110111101110011011011100011111000101110011100000111000001111111111111
11111111110001100110011111111110111111111110101110011001100110111101110011011011100011111000101110011100000111000001111111111111
11111111110001100110011111111110111111111110101110011001100110111101110011011011100011111000101110011100000111000001111111111111
11111111110001100110011111111110111111111110101110011001100110111101110011011011100011111000101110011100000111000001111111111111
11111111110001100110011111111111111111111110101110011001100110111101110011011011100010111000101110011100000111000001111111111111
11111111110001100110011111111111111111111110101110011001100110111101110011011011100010111001101110011100000111000001111111111111
11111111110101100110011101111111111111111110001110011001100111111101110010011011100110111001111110011100000111000111111111111111
11111111110001100110011101111111111111111110101110011001100111101101110010011011100110111001111110011100000111001111111111111111
11111111110001100110011101111111111011111110101110011001100111101101110110011011100010111001111100011100000111001111111111111111
11111111110001100110011101111111111011111100101110011001100111101001110010010011100110111001111100011100000111001111111111111111
11111111110001100110011101111111111011111100101110011001100111101001110110010011100110111001111100011100000111001111111111111111
11111111110001100110011101111111111011111100101110011001100111111001110110010011100111111000011100011100000110001111111111111111
11111111110001100110011101111111111011111100101110011001100111111001110110110011100111111001011100011100000110001111111111111111
11111111110001100110011101111111111011111100101110011001100111111001110110110011100111111001011100011100000110001111111111111111
11111111110001100110111101111111111011111100101110011001100111111001110110110011100111111001011100011100000110000011111111111111
11111111110001000110111101111111111011111100101110011001000111111001110110110011100111111001011100011100000110000011111111111111
11111111110001000110111101111111111011111100101110011001000111111001110110110011100111110001011100011100000110000011111111111111
11111111110001000110111101111111111011111100001110011001000111111001110110110011100111110001011100011000000110000011111111111111
11111111110001000110111101111111111011111100001110011001000111111001110110110011100111110000011100011000000110000011111111111111
11111111110001100110111101111111111011111100001110011001000111111001100110110011000111110000011100111000001110000011111111111111
11111111110001000110111101111111111011111100001110011011000111111001100110110011000111110000011100111000001110000011111111111111
11111111110001000110111101111111111011111100001110011011000111111001100110110011000111110001011100111000001110000011111111111111
11111111110011000110111101111111111011111100001110011011000101111001100110110011000111110001011100111000001110000011111111111111
11111111110011000110111101111111111011111100001110011011000111111001100110110011000111110001011100111000001110000011111111111111
11111111110011000110111101101111111011111100001110011011000111111001100110110011000111110001011100111000001110000011111111111111
11111111111111000110111101101111111011111100001110011011000101111001100110110011000111110000011100111000001110100011111111111111
11111111111111000110111101101111111011111100001110011011000101111001100110110011000111110000011100111000001110100011111111111111
11111111111101000110111101101111111011011100001100011011000101111001100110110011000111110000011100111000001110000011111111111111
11111111110011000110111101101111111011011100011100011011000101111011100110110111000111110000011100111000001110000111111111111111
11111111110011000110111101101111111011011100011100011011000101111011100110110111000111110000011100111000001110000111111111111111
11111111110011000110111101101111111011011100011100011011001101111011100110110111000111110001011100111000001110000111111111111111
11111111110011000110111101101111111011011100011100011011001101111011100110110111000111110001011100111000001110000111111111111111
11111111110011000110111101101111111011011101111100011011001101111011100110110111000111110001011100111000001110000111111111111111
11111111110011000110111101101111111011011101111100011011001101111011100110110111000111110001011100111000001110000111111111111111
11111111110011000110111101101111111011011100011100011011001101111011100110110111000101110001011100111000001110000111111111111111
11111111110011001110111101101111111011011100011100010011001101111011100110110111000101110001111100111000001110000111111111111111
11111111110011111111111111101111111011011100011100110011001101111011100110110111000101110011111000111000001110000111111111111111
11111111110011111111111111111111111111111101111100110011001101111011100110110111000101110011111000111000001100000111111111111111
11111111110011111111111111111111111111111111111111111111111101111011101110110111001101110011111000111000001100000111111111111111
01011111100011111111111111111111111111111111111111111111111111111111111111111111111111110011111000111000001100000111111111111111
11111111100011111111111111111111111111111111111111111111111111111111111111111111111111111111111111111110011100000111111111111111
11111111100011111111110101111111111111111111111111111111111101111111111111111111111111111111111111111111111111000111111111111111
10011111111111111111110011111111111111111111111111111111111101011111111111111111111111111111111111111111111111000111111111111111
10111111111111111111111111111111111111111111111111111001111101011111111111111111111111111110111111111111111111000111111111111111
10111111111111111111111111111111111111111111111111111001111111011111111111111111111111111111111111111111111111000111111111111111
11111111111111111111111111111111111111111111111111111111111111111111111111111111111111111111111111110111111111010111111111111111
11111111111111111111111111111111111111111111111011111111111111111111111111111111111001111111111111110111111100010111111111111111
11111111111111111111111111111111111111111111111111111111111111111111111111111111111111111111111111111111111101111111110111111111
11111111111111111111111111111111111111111111111111111111111111111111111111111111111111111111111111111111111111111111111111111111
11111111111111111111111111111111111111111111111111111111111111111111111111111111111111111111111111111111101011111111111111111111
11111111111111111111111111111111111111111111111111111111111111111111111111111111111111111111111111111111111111111111111111111111
11111111111111111111111111111111111111111111111111111111111111111111111111111111111111111111111111111111111111111111111111111111
11111111111111111111111111111111111111111111111111111111111111111111111111111111111111111111111111111111111111111111111111111111
11111111111111111111111111111111111111111111111111111111111111111111111111111111111111111111111111111111111111111111111111111111
11111111111111111111111111111111111111111111111111111111111111111111111111111111111111111111111111111111111111111111111111111111