11111111111111111111111111111111111111111111111111111111111111111111111111111111111111111111111111111111111111111111111111111111
11111111111111111111111111111111111111111111111111111111111111111111111111111111111111111111111111111111111111111111111111111111
11111111111111111111111111111111111111111111111111111111111111111111111111111111111111111111111111111111111111111111111111111111
11111111111111111111111111111111111111111111111111111111111111111111111111111111111111111111111111111111111111111111111111111111
11111111111111111111111111111111111111111111111111111111111111111111111111111111111111111111111111111111111111111111111111111111
11111111111111111101111011111111111111111111111001111111111111111111111111110101111111111110001101011011111011111111111111111111
11111111111111111111111101101111111111111111111001111111111111111111111111110111111111111111001101011111111011111111111111111111
11111111111111111111110001100011111111111111111001111111111111111111111111111001110011111111001100011111111111110111111111111111
11111111111111111111111111111011111111011111111111111111111111111111111111111101111111111110101110111110111101111111111111111111
11111111111111111110111111111011111111111111111111111111111111111111111111111111111111111110101111111111111101111111111111111111
11111111111111111111111111111111111111111111111111111111111111111110111101111111111111101111011111111111111011111111101111111110
11111111111111111111111111111111111111111111111111111111111111111111111111111111111111111111111111111111111111111111111111111110
11111111111111111111111111111111111111111111111111111111111111111111111111111111111111111111111111111111111111111111111111111110
11111111111111111111111111111111111111111111111111111111111111111111111111111111111111111111111111111111111111111111111111111110
11111111111111111111111111111111111111111111111111111111111111111111111111111111111111111111111111111111111111111111111111111110
11111111111111111111111111111111111111111111111111111111111111111111110111111111111101111111110111111111101111111111111111111110
11111111111111111111100001101111111111111111000111111100111111011111100111001111111000101101100011111101000111111011111111111110
11111111111111111110000000001111111111111111000111111100111111011111100111000111111000001101100000111100000110000011111111111110
11111111111111111110000000001111111111111101000111111100111111011111100111000111111000001101100000111100000111000011111111111110
11111111111111111110000000001111111111111100000111111100111111011111100111000111111000001101100000111100000111000011111111111111
11111111111111111110000000001111111111111100000111111100111111011111100111000111111000001101100000111100000111000011111111111111
11111111111111111111100000001111111111111101000111111100111111001111100111000110111000001101100000111100000111000011111111111111
11111111111111111111100000001111111111111101000111111100111111001111100111000110111000001101100000111100000111000011111111111111
11111111111111111111100000001111111111111101000111111100111111001111100111000110111000001101100000111100000111000011111111111111
11111111111111111111100000001111111111111101000111111100111111001111100111000110111000001101100000111100000111000011111111111111
11111111111111111110000000001111111111111101000111111100111111001111100111000110111000001101100000111100000111000011111111111111
11111111111111111110000000001111111111111101000111111100111111001111100111000110111000001101100000111110000111000011111111111111
11111111111111111110000000001111111111111101000111111100111111001111100011000110111000001101100000111110000111000011111111111111
11111111111111111110000000001111111111111101000111111100111111001111100011000110111000001101100000111110000111000011111111111111
11111111111111111110000000001111111111111101000111111100111111001111100011000110111000001111100000111110000111000011111111111111
11111111111111111110000000001111111111111101000111111100111111001111100011000110111000001111100000111110000111000011111111111111
11111111111111111110000000001111111111111101000111111100111111001111100011000110111000001111100000111110000111000011111111111111
11111111111111111110000000001111111111111101000111111100111101001111100011000110111000001111100000111110000111000011111111111111
11111111111111111110000000001111111111111101000111111100111101001111100011000110111000001111110000111110000111000011111111111111
11111111111111111110000000001111111111111101000111111100111101001111100011000110111000001111110000111110000111000011111111111111
11111111111111111110100000001111111111111101000111111100111101001111100011000110111000001111110000111110000111000011111111111111
11111111111111111111111000001111111111111101000111111100111101001110100011000110111000001111110000111110000111000011111111111111
11111111111111111111111000001111111111111101000110111100111101001110100011000111111000001111110000111110000111000011111111111111
11111111111111111110000000001111111111111101000110101100111101001110100011000111111000001111110000111110000111000011111111111111
11111111111111111110000000001111111111111101000110101100111101001110100011000111111000001111110000111110000011000011111111111111
11111111111111111110000000001111111111111100000010101100111101001010100011000111111000001111110000111110000011000011111111111111
11111111111111111110000000001111111111011101000011101100111101001010100011000111111000001110110000111110000011000011111111111111
11111111111111111110000000001111111111011101000010101100011101001010100011000111111000001110110000111110000011000011111111111111
11111111111111111110100000001111111111011101000010101100011101001010100011000111111000001110110000111110000011000011111111111111
11111111111111111110111000001111111111011101000010101100011101001010100011000111111000001110110000111110000011000001111111111111
11111111111111111110111000001111111111011101000010101100011111001010110011000111111100001110110000011110000011000001111111111111
11111111111111111110100000001111111111011101000010101100011111001010110011000111111100001110110000011110000011000001111111111111
11111111111111111110000000001111111111011100000010101100011111001010110011000111111100001110110000011110000011000001111111111111
11111111111111111110000000001111111111011100000010101100011111001010110011000111111100001110110000011110000011000001111111111111
11111111111111111110000000001111111111011100000010101100011101101011110011000111111100001110110000011110000011000001111111111111
11111111111111111110000000001111111111011100000010101100011111101011110011000111111100001110110000011110000011000001111111111111
11111111111111111110000000001111111111011100000010101100011111101011110011000111111100001110110000011110000011000001111111111111
11111111111111111110000000001111111111011100000010101100011111101011110011000111111100000110110000011110000011000001111111111111
11111111111111111110000000001111011111011100000010101100011111101111110011000111111100000110110000011110000011000001111111111111
01111111111111111110000000001111011111011100000010101110011111101111110011100111111100000110110000011110000011000001111111111111
01111111111111111110000000001111011111011100000010101110011111101111110011100111111100000110110000011111000011000001111111111111
00111111111111111110000000001111011111011100000010101110011111101111110011100111111100000110110000011111000011000001111111111111
00111111111111111110000000001111011111011100000010101110011111101111110011100111111100000110110000011111000011000001111111111111
00111111111111111110000000001111011111011100000010101110011111101111110011100111111100000110110000011111000011100001111111111111
00111111111111111110000000001111011111011100000010101110011111101111110011100111111100000110110000011111000011100001111111111111
00111111111111111110000000001111011111011100000010101110011111101111110011100111111100000110110000011111000011100001111111111111
00111111111111111110000000001111011111011101000010101110011111101111110011100111111100000110110000011111000011100001111111111111
00111111111111111110000000001111011111011101000000101110011111101111110011100111111100000110110000011111000011100001111111111111
01111111111111111110000000000111011111011100000000101110011111101111110011100111111100000110110000011111000011100001111111111111
11111111111111111110000000000111011111011100000000101110011111101111110011100111111100000110111000011111000011100001111111111111
11111111111111111110000000001111011011011100000000101110011111101111110011100111111100000110111000011111000011100001111111111111
11111111111111111110000000001111011011011101000000101110011111101111110011100011111100000110111000011111000011100001111111111111
11111111111111111110000000001111011011011101000010101110011111101111110001100011111100000110111000011111000001100001111111111111
11111111111111111110000000001111011011011101000010101110011111101111110001100011111100000110111000011111000001100001111111111111
11111111111111111110000000000111011011011101000010101110011111101111110001100011111100000110111000011111000001100001111111111111
01111111111111111110000000001111011011011101000010101110011111101111110001100011111100000110111000011111000001100001111111111111
01111111111111111110000000001111011011011101000010101110011111101111110001100011111100000110111000011111000001100001111111111111
00111111111111111110000000001111011011011101000010101110011111101111110001100011111100000110111000011111000001100000111111111111
00111111111111111110000000000111011111011101000010101110011111101111110001100011111100000110111000011111000001100000111111111111
00111111111111111110000000000111011111011101100010101110011111101111110001100011111100000110111000011111000001100000111111111111
00111111111111111110000000000111011111011111000010101110011111101111110001100011011100000110111000011111000001100000111111111000
00111111111111111110000000000111011111011111000010101110011111101111110001100011011100000110111000011111000001100000111111110000
00111111111111111110000000000111011011011111000011101110011111101101110001100011011100000110111000011111000001100000111111110000
01111111111111111110000000000111011011011111000011101110011111101101010001100011011100000111111000011111000001100000111111110000
01111111111111111110000000000111011011011111000010101110011111101101010001100011011100000111111000011111000001100000111111110000
11111111111111111110100000000111011011011111000010101110011110101101010001100011011110000111111000011111000001100000111111110000
11111111111111111110100000000111011111011111000010111110011110101101010001100011011110000111111000011111000001100000111111110000
11111111111111111110100000000111011111011111000010111110011110101101010001100011011110000111111000011111000001100000111111110000
11111111111111111110000000000111011111011111000011111110011110101101010001100011011110000111111000011111000001100000111111110000
11111111111111111110000000000111011111011111000011111110011110101101010001100011011110000111111000011111000001100000111111110000
11111111111111111110000000000111011111011111000011111110011110101101010001100011011110000111111000011111000001100000111111110000
11111111111111111110100000000111011111011111000011111110011110100101010001100011011110000111111000011111000001100000111111110000
11111111111111111110100000000111011111011111000011111110011110100101010001100011011110000011111000011111000001100000111111110000
11111111111111111111100000000111011111011111100011111110011110100101010001100011111110000011011000001111000001110000111111110000
11111111111111111111100000000111011111011111100011111110011110100101010001100011111110000011011000001111000001110000111111110000
11111111111111111110100000000111011111111111100011111110011110100101010001100011111110000011011000001111000001110000111111111000
11111111111111111111100000000111011111111111100011111110011110100101010001110011111110000011011000001111000001110000111111111000
11111111111111111111100000000111011111111111100011111110011110100101010001110011111110000011011000001111000001110000111111111000
11111111111111111110100000000111011111111110000011111110001110100101010001110011111110000011011000001111000001110000111111111000
11111111111111111110100000000111011111111111100011111110001110100101010001110011111110000011011000001111000001110000111111111000
11111111111111111110100000000111011111111111100011111110001110100101010001110011111110000011011000001111000001110000111111111111
11111111111111111111100000000111011111111111100011111110001110100101010001110011111110000011011000001111000001110000111111111111
11111111111111111111100000000111011111111111100011111110001110100101010001110011111110000011011000001111000001110000111111111111
11111111111111111111100000000111011111111111100011111110001110100101010001111111111110001011011000101111000001110000111111111111
11111111111111111111100000100111011111111111100011111110001110100101010001111111111110001011011000111111011001111111111111111111
11111111111111111111100000100111011111111111100011111110001110100101010001111111111110001011011000111111111001111111111111111111
11111111111111111111100000100111011111111111100011111110001110100101010001111111111110001011011000111111111001111111111111111111
11111111111111111111101000000111011111111111100011111110001110100101011001111111111110001011011000111111111001111111111111111111
11111111111111111111101000100111011111111111100011111110001110100101011001111111111110001011111000111111111001111111111111111111
11111111111111111111101000100111011111111111100011111110001110100101011001111111111110001011111100111111111001111111111111111111
11111111111111111110101000100111011111111111100011111110001110100101111001111111111110001011111100111111111001111111111111111111
11111111111111111110101000100111011111111111100011111110001110100101111001111111111110001011111100111111111001111111111111111111
11111111111111111110101000100111011111111111100011111110001110110101111001111111111110001011111100111111111001111111111111111111
11111111111111111111101111111111111111111111111111111111111111111101111111111111111111111111111111111111111111111111111111111111
11111111111111111111111111111111111111111111111111111111111111111101111111111111111111111111111111111111111111111111111111111111
11111111111111111110111111111111111111111111110011111101111110111111111111011111101111111111111101111100011111011111111111111111
11111111110001111111101000001110001111000011100001111000111100001111111100001111000111100011111001111000011110101111111111111111
11111111111111111111101111101110110111111011111111111111011111101111111101111111111111111111110111111111011101111111111011111111
11111111111111111110111111111110111111111111111011110111111011111111111101110111111111111111110111111111111101110011111111111111
11111111111111111110111111111110111111111111111011110111111011111111111101110111011111111111110111111110111101110011111110111111
11111111111111111111111111111110001111111111111011110111111111111111111101110111000111111111111111111110111101110111111110111111
11111111111101111111111111111110111111111111111111110111111110001111111101110111111111110001111110111111111101110111111111111111
01111111111001111111111111111111110111111111111111110111111111001111111101110111111011111011111111111111111101110111111111111111
01111111111011111111111111111111110111111111111110110111111111011111111101110111111011111011111111111111111101110111111111111111
01111111111111111111111101111111110111111111111111111111011111111111111101110111111011111111111111111111111111111111111111111111
01111111110111111111111101111110110111111111111111111011111110111111111111111111011111111111111011111000111110001111111111111111
01111111111111111111111111111111111111111111111111111111111111111111111111111111111111111111111111111111111111111111111111111111
01111111111111111111111111111111111111111111111111111111111111111111111111111111111111111111111111111111111111111111111111111111
01111111111111111111111111111111111111111111111111111111111111111111111111111111111111111111111111111111111111111111111111111111
01111111111111111111111111111111111111111111111111111111111111111111111111111111111111111111111111111111111111111111111111111111
01111111111111111111111111111111111111111111111111111111111111111111111111111111111111111111111111111111111111111111111111111111
01111111111111111111111111111111111111111111111111111111111111111111111111111111111111111111111111111111111111111111111111111111
01111111111111111111111111111111111111111111111111111111111111111111111111111111111111111111111111111111111111111111111111111111