11111111111111111111111111111111111111111111111111111111111111111111111111111111111111111111111111111111111111111111111111111111
11111111111111111111111111111111111111111111111111111111111111111111111111111111111111111111111111111111111111111111111111111111
11111111111111111111111111111111111111111111111111111111111111111111111111111111111111111111111111111111111111111111111111111111
11111111111111111111111111111111111111111111111111111111111111111111111111111111111111111111111111111111111111111111111111111111
11111111111111111111111111111111111111111111111111111111111111111111111111111111111111111111111111111111111111111111111111111111
11111111111111111111111111111111111111111111111111111111111111111111111111111111111111111111111111111111111111111111111111111111
11111111111111111111111111111111111111111111111111111111111111111111111111111111111111111111111111111111111111111111111111111111
11111111111111111111111111111111111111111111111111111111111111111111111111111111111111111111111111111111111111111111111111111111
11111111111111111111111111111111111111111111111111111111111111111111111111111111111111111111111111111111111111111111111111111111
11111111111111111111111111111111111111111111111111111111111111111111111111111111111111111111111111111111111111111111111111111111
11111111111111111111111111111111111111111111111111111111111111111111111111111111111111111111111111111111111111111111111111111111
11111111111111111111111111111111111111111111111111111111111111111111111111111111111111111111111111111111111111111111111111111111
11111111111111111111111111111111111111111111111111111111111111111111111111111111111111111111111111111111111111111111111111111111
11111111111111111111111111111111111111111111111111111111111111111111111111111111111111111111111111111111111111111111111111111111
11111111111111111111111110111111111111111111111111111111111111111111111111111111111111111111111111111111111111111111111111111111
11111111111111111111111111111111111111111111111111111111111111111111111111111111111111111111111111111111111111111111111111111111
11111111111111111111111111111111111111111111111111111111111111111111111111111111111111111111111111111111111111111111111111111111
11111111111111111111111111111111111111111111111111111111111111111111111111111111111111111111111111111111111111111111111111111111
11111111111111111111111111111111111111111111111111111111111111111111111111111111111111111111111111111111111111111111111111111111
11111111111111111111111111111111111111111111111111111111111111111111111111111111111111111111111111111111111111111111111111111111
11111111111111111111111111111111111111111111111111111111111111111111111111111111111111111111111111111111111111111111111111111111
11111111111111111111111001111111111111111111110111110011111111111101110111111111111111111111111111111111111111111111111111111111
11111111111111111111111001111111111111111111110111110011101111111101110101111111111111011011111001111101111111111111111111111111
11111111111111111111111001111111111111111111110111110011101111111101110101111111111111011011111001111111111111111111111111111111
11111111111111111111111001111111111111111111110111110011101111111101110101111111111111011011111001111101111111111111111111111111
11111111111111111111111001111111111111111111110111110011101111111101110111111111111111011011111001111101111111111111111111111111
11111111111111111111111001111111111111111111110111110011101111111101110111111111111111011011111001111101111111111111111111111111
11111111111111111111111001111111111111111111110111110011101111111101110111111111111111011011111001111101111111111111111111111111
11111111111111111111111001111111111111111111110111110011101111111101110111111111111111011011111001111101111111111111111111111111
11111111111111111111111001111111111111111111110111110011101111111101110101111111111111011111111001111101111111111111111111111111
11111111111111111111111001111111111111111111110111110011101111111101110101111111111111011111111001111101111111111111111111111111
11111111111111111111111001111111111111111111110111110011101111111101110111111111111111011111111001111101101111111111111111111111
11111111111111111111111001111111111111111111110111110011101111111101110111111111111111011011111001111111111111111111111111111111
11111111111111111111111001111111111111111111110111110011101111111101110111111111111111011011111001111111111111111111111111111111
11111111111111111111111001011111111111111111110111110011101111111101110111111111111111011111111001111101111111111111111111111111
11111111111111111111111001111111111111111111110111110011101111111101110111111111111111011111011001111101111111111111111111111111
11111111111111111111111001011111111111111111110111110011101111111101110111111111111111011001011001111111101111111111111111111111
11111111111111111111111001111111111111111111110111110011101111111101110111111111111111011111111001111111101111111111111111111111
11111111111111111111111001111111111111111111110111110011101111111101110111111111111111011101111001111111101111111111111111111111
11111111111111111111111011011111111111111111110111110011101111111101110111111111111111011101111001111111101111111111111111111111
11111111111111111111110001011111111111111111110111110011101111111101110111111111111111011101111001111111101111111111111111111111
11111111111111111111111011011111111111111111110111110011101111111101110111111111111111011101111001111111101011111111111111111111
11111111111111111111111011011111111111111111110111110011101111111101110111111111111111011101111001111111101011111111111111111111
11111111111111111111111011011111111111111111110111110011101111111101110111111111111111011101011001111111101011111111111111111111
11111111111111111111111011011111111111111111110111110011101111111101110111111111111111011101011001111111101011111111111111111111
11111111111111111111111011011111111111111111110111110011101111111101110111111111111111011101011001111111101011111111111111111111
11111111111111111111111011011111111111110111110111110011101111111101110111111011111111011101111001111111101011111111111111111111
11111111111111111111111011011111111111110111110111110011101111111101110111111011111111011101011001111111101011111111111111111111
11111111111111111111111011011111111111111111110111110011101111111101110111111011111111011101011001111111101011111111111111111111
11111111111111111111111011011111111111111110110111110011101111111101110111111011111111011101111001111111101011111111111111111111
11111111111111111111111011011111111111111111110111110011101111111101110111111011111111011101111001111111111011111111111111111111
11111111111111111111010011011111111111111111110111110011101111111101110111111011111111011101111001111111111011111111111111111111
11111111111111111111110011011111111111111111110111110011101111111101110111111011111111011101111001111111111011111111111111111111
11111111111111111111010011011111111111110110110111110011101111111101110111111011111111011101111001111111111011111111111111111111
11111111111111111111010011011111111111110110110111110011101111111101110111111011111111011101111001111111111011111111111111111111
11111111111111111101010011011111111111110110110111110011101111111101110111111010111111011101111001111111111011111111111111111111
11111111111111111101010011011111111111110111110111110011101111111101110111111010111111011101111001111111111111111111111111111111
11111111111111111101010011011111111111110111110111110011101111111101110111111010111111011101111001111111111111111111111111111111
11111111111111111101110011011111111111110111110111110011101111111101110111111010111111011101111001111111111011111111111111111111
11111111111111111101110011011111111111110111110111110011101111111101110111111010111111011101111001111111111011111111111111111111
11111111111111111101010011011111111111110111110111110011101111111101110111111010111111011101111001111111111011111111111111111111
11111111111111111101010011011111111111110110110111110011101111111101110111111110111111011101111001111111111111111111100000000000
11111111111111111101110011011111111111110110110111110011101111111101110111111010111111011101111001111111111011111111100000000000
11111111111111111101110011011111111111110111110111110011101111111101110111111010111111011101111001111111111111111111100000000000
11111111111111111101110011011111111111110111110111110011101111111101110111111010111111011101111001111111111111111111100000000000
11111111111111111101110011011111111111110111110111110011101111111101110111111010111111011101111001111111111111111111100000000000
11111111111111111101110011011111111111110111110111110011101111111101110111111110111111011101111101111111111111111111100000000000
11111111111111111101110011011111111111110111110111110011101111111101110111111110111111011101111101111111111111111111100000000000
11111111111111111111110011011111111111110111110111110011101111111101110111111110111111011101111101111111111111111111100000000000
11111111111111111111110011011111111111110111110111110011101111111101110111111010111111011101111101111111111111111111100000000000
11111111111111111111110011011111111111111111110111110011101111111101110111111110111111011101111100111111111111111111100000000000
11111111111111111111110011011111111111110111110111110011101111111101110111111111111111011101111100111111111111111111100000000000
11111111111111111111110011011111111111110111110111110011101111111101110111111111111111011101111100111111111111111111100000000000
11111111111111111111110011011111111111110111110111110011101111111101110111111111111111011101111100101111111111111111100000000000
11111111111111111111110011011111111111110111110111110011101101111101110111111110111111011101111100101111111111111111100000000000
11111111111111111111110011011111111101110111110111110011101111111101110111111111111111011101111100101111111111111111100000000000
11111111111111111111110011011111111111110111110111110011101111111101110111111110111111011101111100101111111111111111100000000000
11111111111111111111110011011111111111111111110111110011101111111101110111111110111111011101111100101111111111111111111111111111
11111111111111111111110011011111111111110111110111110011101111111101110111111111111111011101111100101110111111111111111111111111
11111111111111111111110011011111111111110111110111110011101111111101110111111111111111011101111100101110111111111111111111111111
11111111111111111111110011011111111101110111110111110011101111111101110111111111111111011101111100101110111111111111111111111111
11111111111111111111110011011111111101110111110111110011101111111101110111111111111101011101111100111110111111111111111111111111
11111111111111111111110011011111111101110111110111110011101111111101110111111111111101011101111100101110111111111111111111111111
11111111111111111111110011011111111111110111110111110011101111111101110111111111111101011101111100111110111111111111111111111111
11111111111111111111110011011111111101110111110111110011101111111101110111111111111101011101111100111110111111111111111111111111
11111111111111111111110011011111111101110111110111110011101101111101110111111111111101011101111100111110111111111111111111111111
11111111111111111111110011011111111101110111110111110011101101111101110111111111111101011101111100111110110111111111111111111111
11111111111111111111110011011111111101111111110111110011101111111101110111111111111101011101111100111110110111111111111111111111
11111111111111111111110011011111111101111111110111110011101111111101110111111111111101011101111100111110111111111111111111111111
11111111111111111111110011011111111101111111110111110011101111111101110111111111111111011101111100111110111111111111111111111111
11111111111111111111110011011111111101110111110111110011101111111101110111111111111111001101111100111110111111111111111111111111
11111111111111111111110011011111111101111111110111110011101111111101110111111111111111011101111100111110111111111111111111111111
11111111111111111111110011011111111101111111110111110011101111111101110111111111111111011101111100111110110111111111111111111111
11111111111111111111110011011111111101111111110111110011101111011101110111111111111111011101111100111111110111111111111111111111
11111111111111111111110011011111111101111111110111110011101111111101110111111111111111011101111100111111110111111111111111111111
11111111111111111111110011011111111101111111110111110011101111011101110111111111111111101101111100111111110111111111111111111111
11111111111111111111110011011111111101110111110111110011101111011101110111111111111111101101111100111111110111111111111111111111
11111111111111111111110011011111111101111111110111110011101111011101110111111111111111001101111100111111111101111111111111111111
11111111111111111111110011011111111101111111110111110011101111111101110111111111111111001101111100111111111101111111111111111111
11111111111111111111111111111111111111111111111111111111111111011111111111111111111111111111111111111111111101111111111111111111
11111111111111111111111111111111111111111111111111111111111111011111111111111111111111111111111111111111111101111111111111111111
11111111111111111111111111111111111111111111111111111111111111011111111111111111111111111111111111111111111101111111111111111111
11111111111111111111111111111111111111111111111111111111111111011111111111111111111111111111111111111111111111111111111111111111
11111111111111111111111111111111111111111111111111111111111111011111111111111111111111111111111111111111111101111111111111111111
11111111111111111111111111111101111111111111111111111111111111011111111111111111111111111111111111111111111111111111111111111111
11111111111111111111111111111111111111111111111111111111111111111111111111111111111111111111111111111111111111111011111111111111
11111111111111111111111111111111111111111111111111111111111111111111111111111111111111111111111111111111111111111111111111111111
11111111111111111111111111111111111111111111111111111111111111111111111111111111111111111111111111111111111111111111111111111111
11111111111111111111111111111111111111111111111111111111111111111111111111111111111111111111111111111111111111111111111111111111
11111111111111111111111111111111111111111111111111111111111111111111111111111111111111111111111111111111111111111111111111111111
11111111111111111111111111111111111111111111111111111111111111111111111111111111111111111111111111111111111111111111111111111111
11111111111111111111111111111111111111111111111111111111111111111111111111111111111111111111111111111111111111111111111111111111
11111111111111111111111111111111111111111111111111111111111111111111111111111111111111111111111111111111111111111111111111111111
11111111111111111111111111111111111111111111111111111111111111111111111111111111111111111111111111111111111111111111111111111111
11111111111111111111111111111111111111111111111111111111111111111111111111111111111111111111111111111111111111111111111111111111
11111111111111111111111111111111111111111111111111111111111111111111111111111111111111111111111111111111111111111111111111111111
11111111111111111111111111111111111111111111111111111111111111111111111111111111111111111111111111111111111111111111111111111111
11111111111111111111111111111111111111111111111111111111111111111111111111111111111111111111111111111111111111111111111111111111
11111111111111111111111111111111111111111111111111111111111111111111111111111111111111111111111111111111111111111111111111111111
11111111111111111111111111111111111111111111111111111111111111111111111111111111111111111111111111111111111111111111111111111111
11111111111111111111111111111111111111111111111111111111111111111111111111111111111111111111111111111111111111111111111111111111
11111111111111111111111111111111111111111111111111111111111111111111111111111111111111111111111111111111111111111111111111111111
11111111111111111111111111111111111111111111111111111111111111111111111111111111111111111111111111111111111111111111111111111111
11111111111111111111111111111111111111111111111111111111111111111111111111111111111111111111111111111111111111111111111111111111
11111111111111111111111111111111111111111111111111111111111111111111111111111111111111111111111111111111111111111111111111111111
11111111111111111111111111111111111111111111111111111111111111111111111111111111111111111111111111111111111111111111111111111111
11111111111111111111111111111111111111111111111111111111111111111111111111111111111111111111111111111111111111111111111111111111
11111111111111111111111111111111111111111111111111111111111111111111111111111111111111111111111111111111111111111111111111111111