11111111111111111111111111111111111111111111111111111111111111111111111111111111111111111111111111111111111111111111111111111111
11111111111111111111111111111111111111111111111111111111111111111111111111111111111111111111111111111111111111111111111111111111
11111111111111111111111111111111111111111111111111111111111111111111111111111111111111111111111111111111111111111111111111111111
11111111111111111111111111111111111111111111111111111111111111111111111111111111111111111111111111111111111111111111111111111111
11111111111111111111111111111111111111111111111111111111111111111111111111111111111111111111111111111111111111111111111111111111
11111111111111111111111111111111111111111111111111111111111111111111111111111111111111111111111111111111111111111111111111111111
11111111111111111111111111111111111111111111111111111111111111111111111111111111111111111111111111111111111111111111111111111111
11111111111111111111111111111111111111111111111111111111111111111111111111111111111111111111111111111111111111111111111111111111
11111101111011111111111111111111111111111011100111111111101111111110111111111111111110111111111101111011111111111111111111111111
11111111111111111110110111111111111111111111100111111111111111111110111110111111111111111111111111111111111111111111111111100111
11111111111111111100110001111111111111111111100111111111111111111110111111111111111011111111111110111111111101111111111111111111
11111111111111111110110001111111111011111111100111101111111111001111111111111111111011111111111110111111111101111111111111101111
11111101111111111111111101111111111111111111111111111111111111111111111111111111111011111111111101111101111011110011111111111111
11111111111101111111111111111111111111111111111111111111111111111111111111111111111011111111111101111101111011111111111111111111
11111111111111111111111111111111111111111111111111111111111111111111111111111111111111111111111111111111111111111111111111111111
11111111111111111111111111111111111111111111111111111111111111111111111111111111111111111111111111111111111111111111111111101111
11111111111111111111111111111111111111111111111111111111111111111111111111111111111111111111111111111111111111111111111111111111
11111111111111111111011111111111111111111111111111111111111111111111111111111111111111111111111111111111111111111111111111111111
11111111111111100000001101111111011111111101111110011101111111111111100111111011111111110111111111111111111111111111111111111111
11111111111111100000001101111011011111110100111100011101111000000000000011000000011111100000001011100001110111111111111111111111
11111111111111100000001101111011011111110100111100011101111000000000000011000000011111100000001011100000110111110010111111111111
11111111111111100000001101111011011111110100111100011101111000000000000011000000011111100000000011100001110111110000111111111111
11111111111111100000001101111011011111110100111100011101111000000000000011000000011111100000000011100001110111110000111111111111
11111111111111100000001101111011011011110101111100011101111000000001100011000000011111100000000011100001110111100000111111111111
11111111111111100000001101111011011111110100111100011101111000000001100111000000011111100000001011100000110111110000111111111111
11111111111111100000001101111011011111110100111100011101111000000001100111000000011111100000001011100001110111100000111111111111
11111111111111100000001101111011011011110101111000011101111000000001100111000000011011100000000011100001110111100010111111111111
11111111111111100000001101111011011011110101111000011101111000000000000111000000011011100000000011100000110111100010111111111111
11111111111111100000001101111011011011110101111000011101111000000000000111000000011011100000000011100000110111100010111111111111
11111111111111100000001101111011011011110101111000011101111000000000000111000000011011100000001011100000110111100010111111111111
11111111111111100000001101111011011011110101111000011101111000000000000111000000011011100000001011100000110111100010111111111111
11111111111111100000001101111111011011110101111000011101111000000000000111000000011011100000001011100000110111100010111111111111
11111111111111100000001101111111011011110101111000011101111000000000000111000000011011100000001011100000111111100010111111111111
11111111111111100000001101111111011011110001111000011101111000000000000111000000011011100000001011100000111111100010111111111111
11111111111111100000001101111111011011110001111000011101111000000000000111000000011011100000000011100000111111100010111111111111
11111111111111100000001101111111011011110001111000011101111000000000000111000000011011100000000011100001110111100010111111111111
11111111111111100000001001111111011011110001111000011101111000000000000111000000011011100000000011100001110111100010111111111111
11111111111111100000001101111111011011110001111000011101111000000000000111000000011011100000000011100001111111100010111111111111
11111111111111100000001101111111011011110001111000011101111000000000000111000000011011100000000011100001111111100010111111111111
11111111111111100000001101111111011011110001111000011101111000000000000111000000011011100000000011100001111111100010111111111111
11111111111111100000001001111111011011110001111000011101111000000000000111000000011011100000001011000001111111100010111111111111
11111111111111100000001001111111011011110001111000011101111000000000000111000000011011100000001011100001111111100010111111111111
11111111111111100000001001111111011011110001111000011101111000000000000111000000011011100000000011100001110111100010111111111111
11111111111111100000001001111111011011110001111000011101111000000000000111000000011011100000001011100001111111100010111111111111
11111111111111100000000001111111011011110001111000011101111000000000000111000000011011100000001011100001111111100010111111111111
11111111111111100000000001111111011011110101111000011101111000000000000111000000011011100000000011100001110111100010111111111111
11111111111111100000001001111111011011111101111000011101111000000000000111000000011011100000000011100001110111100010111111111111
11111111111111100010001001111111011011111101111000011101111000000000000111000000011011100000000011100001110111100010111111111111
11111111111111111010001001111111011011111101111000011101111000000000000111000000011011100000000011100001110111100000111111111111
11111111111111111010000001111111011011110001111000011101111000000000000111000000011011100000000011100000111111100010111111111111
11111111111111111000000001111111011011110001111000011101111000000000000111000000011011100000000011100000111111100010111111111111
11111111111111100000001001111111011011110001111000011101111000000000000111000000011011100000000011100000111111100010111111111111
11111111111111100000001001111111011011110001111000011101111000000000000111000000011011100000000011100000111111100000111111111111
11111111111111100000001001111111011011110001111000011101111000000000000111000000011011100000000011100000111111100000111111111111
11111111111111100000001001111111011011110001111000011101111000000000000111000000011011100000000011100000111111100000111111111111
11111111111111100000000001111111011011110001111000011101111000000000000111000000011011100000000011100000111111100000111111111111
11111111111111100110000001111111011011110001111000011101111000000000000111000000011011100000000011100000111111100010111111111111
11111111111111100110000001111111011011110001111000011101111000000000000111000000011011100000000011000000111111100010111111111111
11111111111111100110000001111111011011110001111000011101111000000000000111000000011011100000000011000000111111100010111111111111
11111111111111100110000001111111011011110001111000011101111000000000000111000000011011100000000011000000111111100010111111111111
11111111111111100110000001111111011011110001111000011101111000000000000111000000011011100000000011000000111111110010111111111111
11111111111111100000000001111111011011110001111000011101111000000000000111000000011011100000000011000000111111110010111111111111
11111111111111100000000001111111011011110001111000011101111000000000000111000000011011100000000011000000111111100010111111111111
11111111111111100000000001111111011011110001111000011101111000000000000111000000011011100000000011000000110111100000111111111111
11111111111111100000000001111111011011110001111000011101111000000000000111000000011011100000000011000000111111100000111111111111
11111111111111100000000001111111011011110001111000011101111000000000000111000000011011100000000011000000111111100000111111111111
11111111111111100000000001111111011011110001111000011101111000000000000111000000011011100000000011000000111111100000111111111111
11111111111111100000000001111111011011110001111000011001111000000000000111000000011011100000000011000000111111100000111111111111
11111111111111100110000001111111011011110001111000011001111000000000000111000000011011100000000011000000111111100000111111111111
11111111111111100110000001111111011011110001111000011001111000000000000111000000011011100000000011000001111111100000111111111111
11111111111111100110000001111111011011110001111000011001111000000000000111000000011011100000000011100001111111100000111111111111
11111111111111100110000001111111011011110001111000011001111000000000000111000000011011100000000011100001111111100000111111111111
11111111111111100110000001111111011011110001111000011001111000000000000111000000011011100000000011000000111111100000111111111111
11111111111111100110000001111111111011110001111000011001111000000000000111000000011011100000000011000000111111100000111111111111
11111111111111000110000001111111111011110001111000011001111000000000000111000000011011100000000011000000111111100000111111111111
11111111111111000000000001111111111011110001111000011001111000000000000111000000011011100000000011000000111111100000111111111111
11111111111111000000001001111111111011110001111000011001111000000000000111000000011011100000000011000000111111110000111111111111
11111111111111000000001001111111011011110001111000011001111000000000000111000000011011100000000011000000111111110000111111111111
11111111111111000110000001111111111011110001111000011001111000000000000111000000011011100000000011000000111111100000111111111111
11111111111111000110001001111111111011110001111000011001111000000000000111000000011011000000000011000000111111100000111111111111
11111111111111000110001001111111111011110001111000011001111000000000000111000000011011100000000011000000111111100000111111111111
11111111111111000110001001111111111011110001111000011001111000000000000111000000011011100000000011000000111111100000111111111111
11111111111111000110001001111111111011110001111000011001111000000000000111000000011011100000000011000000111111100000111111111111
11111111111111000110001001111111111011110001111000011001111000000000000111000000011011100000000011000000111111100000111111111111
11111111111111000110001001111111111011110001111000011001111000000000000111000000011011000000000011000000110111100000111111111111
11111111111111000110001001111111111011100001111000011001111000000000000111000000011011100000000011000000111111100000111111111111
11111111111111000110001001111111111011100001111000011001111000000000000111000000011011100000000011000000111111100000111111111111
11111111111111000110001001111111111011100001111000011001111000000000000111000000011011100000000011000000111111100000111111111111
11111111111111000110001001111111111011100001111000011001111000000000000111000000011011100000000011000000110111100000111111111111
11111111111111000110001001110111111111100001111000011001111000000000000111000000011011100000000011000000110111100000111111111111
11111111111111010110011001110111111111100001111000011001111000000000000111000000011011100000000011000000110111100000111111111111
11111111111111010000011001110111111111100001111000011001111000000000000111000000011011000000000011000000111111100000111111111111
11111111111111000000011001110111111111100001111000011001111000000000000111000000011011100000000011000000111111100000111111111111
11111111111111000000011011110111111111100001111000011001111000000000000111000000011011100000000011000000111111100000111111111111
11111111111111000100011011110111111111100001111000011001111000000000000111000000011011100000000011000000111111100000111111111111
11111111111111000000001011110111111111100001111000011001111000000000000111000000011011000000000011000000111111100000111111111111
11111111111111000000001011110111111011100001111000011001111000000000000111000000011011000000000011000000111111100000111111111111
11111111111111000100000011110110111111100001111000011001111000000000000111000000011011000000000011000000111111100000111111111111
11111111111111010100000011110110111111100001111000011001111000000000000111000000011011100000000011000000111111100000111111111111
11111111111111010100001011110110111111100001111000011001111000000000000111000000011011100000000011000000111111100000111111111111
11111111111111010000001011110110111111100001111000011001111000000000000111000000011011000000000011000000111111100000111111111111
11111111111111010100011011110110111111100001111000011001111000000001000111000000011011000000000011000000111111100000111111111111
11111111111111010100011011110110111111100001111000011001111000000001000111000000011011000000000011000000111111100000111111111111
11111111111111010100011011110110111111100001111000011001111000000001000111000000011011000000000011000000111111100000111111111111
11111111111111010100011011110110111111100001111000011001111000000001000111000000011011100000000011000001111111100000111111111111
11111111111111010000011011110110111111100001111000111001111000000000000111000000011011100000000011000001111111100000111111111111
11111111111111010000011011110110111111100001111000111001111000000001000111000000011011100000000011000001111111100000111111111111
11111111111111010000011011110110111111100001111000111001111000000001000111000000011011100000000011000001111111100000111111111111
11111111111111010000011011110110111111100001111000111001111000000001000111000000011011100000000011000001110111100000111111111111
11111111111111010000011011110110111111100001111000111001111000000001000111000000011011100000000011000001111111100000111111111111
11111111111111000100011011110110111111100001111000111001111000000001000111000000011011100000000011000001111111100000111111111111
11111111111111010100011011110111111111111101111000111001111000000001000111000000011011000000000011100001111111100000111111111111
11111111111111010111111111111111111111111111111111111111111111110001111111111111111111101111011011100111111111111000111111111111
11111111111111000111111111111111111111111111111111111111111111110001111111111111111111111111111111111111111111111000111111111111
11111111111111010111111111111111111111111111111111111111111111110001111111111111111111111111111111111111111111111000111111111111
11111111111111010111011111111111111011111111111111111111110111110001111111111111111111111111111111111111111111111000111111111111
11111111111111010111111111100111111111111101111111011111111111110001111110111111111111011111111101111011111111011000111111111111
11111111111111010111111111100111111111111101111111111111111111110001111111111101111111011111101101111111111111011000111101111111
11111101111111111111111111100111111111111111111111111111111111110001111111111111111111101111111101111111111111011000111110111111
11111001111111111111111111111111111111111111111111111111111111111111111111111110011111110111110011111100111111111111111110111111
11111011111111111111111111111111111111111111111111111111111111111111111111111111111111110111111011111101111111101111111111111111
11111111111111111111111111100111111111111111111111111111100111111111111001111111111111111111111111111101111111111111111111111111
11111111111111111111111111111111111111111111111111111111111111111111111111111111111111111111111111111111111110011111111111111111
11111111111111111111111111111111111111111111111111111111111111111111111111111111111111111111111111111111111111111111111111111111
11111111111111111111111111111111111111111111111111111111111111111111111111111111111111111111111111111111111111111111111111111111
11111111111111111111111111111111111111111111111111111111111111111111111111111111111111111111111111111111111111111111111111111111
11111111111111111111111111111111111111111111111111111111111111111111111111111111111111111111111111111111111111111111111111111111
11111111111111111111111111111111111111111111111111111111111111111111111111111111111111111111111111111111111111111111111111111111