11111111111111111111111111111111111111111111111111111111111111111111111111111111111111111111111111111111111111111111111111111111
11111111111111111111111111111111111111111111111111111111111111111111111111111111111111111111111111111111111111111111111111111111
11111111111111111111111111111111111111111111111111111111111111111111111111111111111111111111111111111111111111111111111111111111
11111111111111111111111111111111111111111111111111111111111111111111111111111111111111111111111111111111111111111111111111111111
11111111111111111111111111111111111111111111111111111111111111111111111111111111111111111111111111111111111111111111111111111111
11111111111111111111111111111111111111111111111111111111111111111111111111111111111111111111111111111111111111111111111111111111
11111111111111111111111111111111111111111111111111111111111111111111111111111111111111111111111111111111111111111111111111111111
11111111111011111111111111111111111111111111111111111111111111111111111111111111111111111111111111111111111111111111111111111111
11111111111111111111111111111111111111110111101111111111101111111111111111111111111111111111111111111111111111111111111111111111
11111111111111111101111111111111111111111111101111111111111111111110111110111111111111111111111111111111111111111111111111111111
11111111111111111111110011111111111111111111101111111111111111111111111111111111111111111111111110111111111111111110111111111111
11111111111101111101111111111111110111111111111111001111111111111111111111111111111111111111111110111101111100111110111111111001
11111101111011111111111111111111111111111111111111111111111111111111111111111111111111111111111110111101111111111111111111111000
11111111111111111111111111111111111111111111110111111111111111111111111111111111111111111111111111111011111111111101111111111000
11111111111111111111111111111111111111111111111111111111111111111111111111111101111111111111111111111011111111111101111111111000
11111111111111111111111111111111111111111111111111111111111111111111111111111111111110111111111111111111111111111111111111111110
11111111111111111111111111111111111111111111111111111111111111111111111111111111111111111111111111111111111111111111111111110010
11111111111111000100111011111111111111111111111111111111111111111111111111111111111111111111111111111111111111111111111111111111
11111111111111010100011011111110111111111011111110011111111111111111111111111111111111111111111111111111111111111111111111111111
11111111111111010100011011111110111111111001111000011101111110110101100111111111111111111111111111111111111111111111111111111111
11111111111111010100011011111110111111111001111000011101111110110101000111000011100000011111001110111111111111111111111111111111
11111111111111001100011011111110111111111001111000011101111110111101000111000011100000011111001110001111111101101111000111111111
11111111111111011100010011111110111111111001111000011111101110111101000111000011100000011111001110001111011101101111000111111111
11111111111111000100010011111110111111111001111000011101111110110001000111000011100000011111001110001111011111101111000111111111
11111111111111001100011011111110110111111001111000011111111110100100000111000011100000011111001100001111011111101111000111111111
11111111111111001100011011111111110111111011110000011111111110001111000111000011100000011111001100001111011111101111000111111111
11111111111111001100111011111111110111111011110000011111101110110101000111000011100000011111001100001111011011101110000111111111
11111111111111000100110011111111110111111011110000011111101110111101000111000011100000011111001100001111011011101110000111111111
11111111111111000100110011111111110111111011110000011111101110111101000111000011000000011111011100001111011011101110000111111111
11111111111110001100110011111110110111111011110000011111101110110001000111000011000000011111011100001111011011101110000111111111
11111111111110001100010011111111110111111011110000011111101100101001000111000011000000111111011100001111011011101110001111111111
11111111111110001100110011111111110111111011110000011111101100001011000111000011000000111111001100001111011011111110001111111111
11111111111110000000110011111111110111111011110000011111101100001011000111000011000000111110011100001111011011111110001111111111
11111111111110001100110011111111110111111011110000011111101100100011000110000011000000111111011100001111111011111110001111111111
11111111111110001000110011111111110111111011110000011111101100001111000110000111000000111111011100001111111011111110001111111111
11111111111110001000110011111111111111111011110000011111111100100011000110000111000000111110011100001111111011011110001111111111
11111111111110001100110111111111111111111011110000011111111100000011000110000111000000111110011100001111111011011110001111111111
11111111111110101000110111111111111111011011110000011111111100000011000110000111000000111110011100001111111011011110001111111111
11111111111110100000110111111111111111011011110000011111111100000010000110000111000000111110011100001111111011011110001111111111
11111111111110000000110111111111111111011011110000011111111100101111000110000111000000111110011100001111111011011110001111111111
11111111111110000000110111101111111111011011110000011011111101101111001110000111000000111110011100001111111011011110001111111111
11111111111110001000110111101111111111011011110000011011111101101100001110000111000000111110011100001110111011011110001111111111
11111111111110001000110111101111111111011011110000011011111101101010001110000111000000111110011100001110111011011110001111111111
11111111111110001101110111101111111111011011110000011011111101101010001110000111000000111110011100001110111011011110001111111111
11111111111110001001110111101111111111011011110000011011111100101010001110000111000000111110011100011110111011011110001111111111
11111111111110001000110111101111111111011011110000011111111100001000001110000111000000111110011000011110111111011100001111111111
11111111111110001000100111101111111111011011110000111111111101100000001110000111000000111110011000011110111111011100001111111111
11111111111110000000000111101111111111011011110000111011111101100010001110000111000000111110011000011110111111011100011111111111
11111111111110000000000111111111111111111011110000111011111101100010001110000111000000111110011000011110110111011100011111111111
11111111111110000000000111111101111111110011110000111011111101100010001110000111000000111110111000011110110111011100011111111111
11111111111110000000110111111101111111110011110000111111111101101010001110000111000000111110111000011110110111011100011111111111
11111111111110000000100111111101111111110011110000111111011101101010001110000111000000111110111000011110110111111100011111111111
11111111111110000000100111111101111111110111110000111111011101011010001110000111000000111110111000011111110111111100011111111111
11111111111110000000100111111101111111110011110000111111011101100010001110000110000000111110111000011111110110111100011111111111
11111111111110000000100111111101101111110111110000111111011101100010001110000110000000111110111000011111110110111100011111111111
11111111111110000000100111111101101111110111100000111111011101011110001110000110000000111110111000011110110110111100011111111111
11111111111110000000000111111111101111110111100000111111011101000110001110001110000001111100111000011110110110111100011111111111
11111111111110000000000111111111101111110111100000111111011001011110001110001110000001111100111000011110110110111100011111111111
11111111111110000000100111111111101111110011100000111111011101011000001110001110000001111100111000011111110110111100011111111111
11111111111110000000100111111111101111110111100000111111011101011110001110001110000001111100111000011111110110111100011111111111
11111111111110000000100111111111101111110111100000111111111001000110001100001110000001111100111000011101110110111100011111111111
11111111111110000000100111111111101111110111100000111111011001010010001100001110000001111100110000011101110110111100011111111111
11111111111100000000100111111111101111110111100000111111011001011110001100001110000001111100111000111101111110111000011111111111
11111111111110000000100111111111101111110111100000111111111001011110001100001110000001111100111000111101111110111000011111111111
11111111111110000000100111111111101111110111100000111111111001011110011100001110000001111100111000111101111110111000011111111111
11111111111110000000100111111111101111110111100000110111111000000100011100001110000001111100110000111101111110111000111111111111
11111111111100000000100111111111111111110111100000110111111000000000011100001110000001111100110000111101111110111000111111111111
11111111111100000000100111111111111111110111100000110111111001000000011100001110000001111100110000111101111110111000111111111111
11111111111100000001100111111111111110110111100000110111111001000100011100001110000001111100110000111101101110111000111111111111
11111111111100000001100111111111111110110111100000110111111001010100011100001110000001111101110000111101101110111000111111111111
11111111111100000001100111111111111110110111100000110111111000010100011100001110000001111101110000111101101110111000111111111111
11111111111100000001100111111111111110110111100000110111111010010100011100001110000001111101110000111101101101111000111111111111
11111111111100000001100111111111111110110111100001110111111011010100011100001110000001111101110000111101101101111000111111111111
11111111111100000001100111011111111110110111100001110111111011110100011100001110000001111101110000111111101101111000111111111111
11111111111100000000101111011111111110110111100001110111111011010100011100001100000001111001110000111101101101111000111111111111
11111111111100000000101111011111111110110111100001110111111000010100011100001100000001111001110000111101101101111000111111111111
11111111111100000001101111011111111110110111100001110111111011110000011100001100000001111001110000111111101101111000111111111111
11111111111100000001101111011111111110110111100001110111111011010000011100011100000001111001110000111111101101111000111111111111
11111111111100000001101111011111111111110111100001111111111011110100011100001100000001111001110000111111101101111000111111111111
11111111111100000001101111011011111110100111100001111110111010110100011100011100000001111001110000111111101101111000111111111111
11111111111100000001101111011011111111100111100001111110111000000100011100011100000001111001110000111011101101110000111111111111
11111111111100000001101111011011111111100111100001110110111000000100011100011100000001111001110000111011101101110000111111111111
11111111111100000001101111011011111111100111100001110110111000000100011100011100000011111001110000111011101101110000111111111111
11111111111100000001101111011011111111100111100001110110111010000100011100011100000011111001110000111011111101110000111111111111
11111111111100000000101111011011111111100111100001111110111010001100011100011100000011111001100000111011111101110000111111111111
11111111111100000000001111011011111111100111100001111110111000001100011000011100000011111001100001111011011101110000111111111111
11111111111100000000001111111011111111100111100001111110110000000000011000011100000011111001100001111011011101110001111111111111
11111111111100000000001111111011011111100111100001111110110010000100011000011100000011111001100001111011011101110001111111111111
11111111111100000000001111111011011111100111000001111111110010111100011000011100000011111001100001111011011101110001111111111111
11111111111100000000001111111011011111101111000001111111110010111100011000011100000011111001100001111011011101110001111111111111
11111111111100000000001111111011011111101111000001111111110000001100011000011100000011111001100001111011011111110001111111111111
11111111111100000001101111111111011111101111000001111111110000000000111000011100000011111001100001111011011011110001111111111111
11111111111100000001001111111111011111101111000001111111110010000000111000011100000011111001100001111011011011110001111111111111
11111111111100000001001111111111011111101111000001111111110000000000111000011100000011111001100001111011011011110001111111111111
11111111111100000001001111111111011111101111000001101111110000000000011000011100000011111001100001111011011011110001111111111111
11111111111100000000001111111111011111101111000001101111110000100000011000011100000011111001100001111011011011110001111111111111
11111111111100000000001111111111011111101111000001101111110010100000111000011100000011110011100001111111011011110001111111111111
11111111111100000000001111111111011111101111000001101111110000000000111000011100000011110011100001111111011011110001111111111111
11111111111100000001001110111111011101101111000001101111110000000000111000011100000011110011100001111111011011110001111111111111
11111111111100000001001111111111011101101111000001101111110000100000111000011000000011110011100001111111011011110001111111111111
11111111111000000000001111111111011101101111000001101111110000000000111000011100000011110011100001110111011011100001111111111111
11111111111000000000001111111111011101101111000001101111110000100000111000011100000011110011100001110111011011100001111111111111
11111111111000000000001110111111111101101111000011101111110000100000111000011100000011110011100001110111011011100001111111111111
11111111111000000000001110111111111101101111000011101111110000001000111000011000000011110011100001110111011011100001111111111111
11111111111000000001001110111111111101101111000001101101110000000000111000011000000011110011100001110111111011100001111111111111
11111111111000000000001110111111111101101111000001101101110110000000111000011000000111110011100011110110111011100001111111111111
11111111111000000000001110111111111101101111000011101101110000000000111000111000000011110011000011110110111011100001111111111111
11111111111000000011001110111111111101101111000011101101100000000000111000111000000111110011000011110110111011100001111111111111
11111111111000110011011110111111111101001111000011101101100000000000111000111000000111110011000011110110111011100001111111111111
11111111111000111111111111111111111111101111110011101101100000000000110000111000000111110011000011110110111011100011111111111111
11111111111000111111111111111111111111111111111011111111110000000000110000111000000111110011000011110110111011100011111111111111
11011111111000111111111111111111111111111111111111111111111110011101111100111000000111110011000011110110110011100011111111111111
11111111111000111101111111111111111111111111111111111111111110011111111111111111110111110011000011110110110111100011111111111111
11110111111000111111111111111111111111111111111111111111111110011111111111111111111111111111111111111110111111100011111111111111
11100111111100111011111100111111111111111111110111111111111100011111111111111111111111111111111111111111111111100011111111111111
11101111111111111111111100111111111111111111111111111110111100011111111111111111111111111111111111111111111111100011111111111111
11111111111111111111111011111111111111111111111111111110111101011111111111111111111111111111111111111111111111100011111111111111
11111111111111111111111011111111111111111111111111111111111111111111111111110111111011111110111111100111110111100011111111111111
11111111111111111111111111111111111111111111111111111101111111111111111111110111111001111110111111101111100011000011111111111111
11111111111111111111111111111111111111111111111111111001111111111111111111110111110001111110111111111111100011000011111111111111
11111111111111111111111111111111111111111111111111111111111111111110111111110111110000111110111111011111100011100111101111111111
11111111111111111111111111111111111111111111111111111111111111111111111111111111111001111110111111011111100011111111100111111111
11111111111111111111111111111111111111111111111111111111111111111111111111111111111101111111111111111111100001111111011111111111
11111111111111111111111111111111111111111111111111111111111111111111111111111111111111111111111111111111111111111111111111111111
11111111111111111111111111111111111111111111111111111111111111111111111111111111111111111111111111111111111111111111111111111111
11111111111111111111111111111111111111111111111111111111111111111111111111111111111111111111111111111111111111111111111111111111
11111111111111111111111111111111111111111111111111111111111111111111111111111111111111111111111111111111111111111111111111111111
11111111111111111111111111111111111111111111111111111111111111111111111111111111111111111111111111111111111111111111111111111111