00000111111111111111111111111111111111111111111111111111111111111111111111111111111111111111111111111111111111111111111111011111
00000111111111111111111111111111111111111111111111111111111111111111111111111111111111111111111111111111111111111111111111011111
00000111111111111111111111111111111111111111111111111111111111111111111111111111111111111111111111111111111111111111111111011111
00000111111111111111111111111111111111111111111111111111111111111111111111111111111111111111111111111111111111111111111111011111
00000111111111111111111111111111111111111111111111111111111111111111111111111111111111111111111111111111111111111111111111011111
00000111111111111111111111111111111111111111111111111111111111111111111111111111111111111111111111111111111111111111111111011111
00000111111111111111111111111111111111111111111111111111111111111111111111111111111111111111111111111111111111111111111111011111
00000111111111111111111111111111111111111111111111111111111111111111111111111111111111111111111111111111111111111111111111011111
00000111111111111111111111111111111111111111111111111111111111111111111111111111111111111111111111111111111111111111111111011111
00000111111111111111111111111111111111111111111111111111111111111111111111111111111111111111100111011111111111101111111111011111
00000111111111111111111111111111111111111111111111111111111111111111111111111111111111111111111111111100111111111111111111011111
00000111111111111111111111111111111111111111111111111111111111111111111111111111111111110101111111101101111111101111111111011111
00000111111111111111111111111101111111111111111110111111111111111111111111111111111111111101111110111101110011111111111111011111
00000111111111111111111111101110111111111111111111111111111111111111111111111111111111111011111111011100111111111111111111011111
00000111111111111111111111111111111111111111111111111111111111111111111111111111111111111111111111011100111111111111111111011111
00000111111111111111111111111111111111111111111111111111111111111111111111111111111111111111110111111101111111111111111111011111
00000111111111111011111111111111111111111111111111111111111111111111111111111111111111111111111111111111111111111111111111011111
00000111111111111111111111111111111111111111111111111111111111111111111111111111111111111111111111111111111111111111111111011111
00000111111111111111111111111111111111111111111111111111111111111111111111111111111111111111111111111111111111111111111111011111
00000111111111111111111111111111111111111111111111111111111111111111111111111111111111101111111111111111111111111111111111011111
00000111111111111111111111110111111111111111111111111111111111111111111111001111111110000011110111111011001111111111111111011111
00000111111111111111111101110011111111111111111111111111111111111111111111001111111111000011111111111011001111111111111111011111
00000111111111111111111101110011111111111111111111111111111111111111111111001111111111000011110111111011001111111111111111011111
00000111111111111111111101110011111111111111111111111111111111111111111111001111111110000011111111111011001111111111111111011111
00000111111111111111111101110011111111111111111111111111111111111111111111001111111110000011111111111011001111111111111111001111
00000111111111111111111101110011111111111111111111111111111111111111111111001111111110000011110111111011001111111111111111000001
00000111111111111111111101110011111111111111111111111111111111111101111111001111111110000011110111111011001111111111111111000000
00000111111111111111111101110011111111111111111111111111111111111101111111001111111110000011110111111011001111111111111111000000
00000111111111111111111111110011011111111111111111111111111111111101111111001111111110000011110111111011001111111111111111000000
00000111111111111111111101010011111111111111111111111111111111111111111111001111111110000011110111111011001111111111111111000000
00000111111111111111111111110011011111111111111111111111111111111111111111001111111110000011110111111011001111111111111111000000
00000111111111111111111111010011011111111111111011111111111111111101111111001111111110000011110111111011001111111111111111000000
00000111111111111111111111010011011111111111111111111111111111111101111111001111111110000011110111111011001111111111111111000000
00000011111111111111111111010011011111111111111111111111111111111101111111001111111110000011110111111011001111111111111111000000
00000011111111111111111111010011011111111111111111111111111111111101111111001111111110000011110111111011001111111111111111000000
00000011111111111111111111010011011111111111111111111111111111111111111111001111111110000011110111111011001111111111111111000000
00000011111111111111111111010011011111111111111111111111111111111101111111001111111110000011110111111011001111111111111111000000
00000011111111111111111111010011011111111111111011111111111111111111111111001111111110000011110111111011001111111111111111000000
00000011111111111111111111010011011111111111111011111111111111111111111111001111111110000011110111111011001111111111111111000000
00000011111111111111111111010011011111111111111011111111111101111111111111001111111110000011110111111011001111111111111111000000
00000011111111111111111111010011011111111111111011111111111101111101111111001111111110000011110111111011001111111111111111000000
00000011111111111111111111010011011111111111111011111111111101111101111111001111111110000011110111111011001111111111111111000000
00000011111111111111111111010011011111111111111011111111111111111111111111001111111100000011110111111011001111111111111111000000
00000011111111111111111111010011011111111111111011111111111111111111111111001111111100000011110111111011001111111111111111000000
00000011111111111111111111010011011111111111111011111111111111111111111111001111111100000011110111111011001111111111111111000000
00000011111111111111111111110011011111111011111011111111111111111111111111001111111100000011110111111011001111111111111111000000
00000011111111111111111111110011011111111011111011111111111101111111111111001111111110000011110111111011001111111111111111000000
00000011111111111111111111010011011111111011111011111111111101111111111111001111111110000011110111111011001111111111111111000000
00000011111111111111111111110011011111111011111011111111111111111111111111001111111100000011110111111011001111111111111111000000
00000011111111111111111111010011011111111011111011111111111101111111111111001111111100000011110111111011001111111111111111000000
00000011111111111111111111010011011111111011111011111111111101111111111111001111111100000011110111111011001111111111111111000000
00000011111111111111111111110011011111111011111011111111111101111111111111001111111100000011110111111011001111111111111111000000
00000011111111111111111111010011011111111011111011111111111101111111111111001111111100000011110111111011001111111111111110000000
00000011111111111111111111110011011111111011111011111111111101111101111111001111111100000011110111111011001111111111111111000000
00000011111111111111111111110011011111111111111011111111111101111111111111001111111100000011110111111010001111111111111111000000
00000011111111111111111111110011011111111111111011111111111101111101111111001111111100000011110111111011001111111111111110000000
00000011111111111111111111110011011111111111111011111111111101111111111111001111111100000011110111111011001111111111111110000000
00000011111111111111111111110011011111111111111011111111111101111101111111001111111100000011110111111010001111111111111111111111
00000011111111111111111111110011011101111111111011111111111101111101111111001111111100000011110111111110001111111111111111111111
00000011111111111111111111110011011111111111111011111111111101111101111111001111111100000011110111111010001111111111111111111111
00000011111111111111111111110011011111111111111011111111111101111111111111001111111100000011110111111110001111111111111111111111
00000011111111111111111111111011011101111111111011111111111101111111111111001111111100000011110111111110001111111111111111111111
00000011111111111111111111111011011101111111111011111111111101111111111111001011111100000011110111111110001111111111111111111111
00000011111111111111111111111011011101111111111011111111111101111111111111001111111100000011110111111110001111111111111111111111
00000011111111111111111111111011011101111111111011111111111101111111111111001111111100000011110111111110011111111111111111111111
00000011111111111111111111111011011101111111111011111110111101111101111111001111111100000011110111111110001111111111111111111111
00000011111111111111111111111011011101111111111011111111111101111111111111001111111100000011110111111110001111111111111111111111
00000011111111111111111110111011011101111111111011111110111101111111111111001111111100000011110111111110011111111111111111111111
00000011111111111111111110111001011101111111111011111111111101111111111111001111111100000011110111111110001111111111111111111111
00000011111111111111111111111011011101111111111011111110111101111111111111001011111100000011110111111110001111111111100000000000
00000011111111111111111110111011011101111111111011111110111101111111111111001111111100000011110111111110001111111111000000000000
00000011111111111111111110111001011111111111111011111110111101111111111111001111111100000011110111111110011111111111000000000000
00000011111111111111111110111001011111111111111011111111111101111111111111001011111100000011110111111110011111111111000000000000
00000011111111111111111110111001011111111111111011111111111101111111111111001111111100000011110111111110011111111111000000000000
00000011111111111111111110111001011111111111111011111111111101111111111111001111111100000011110111111110011111111111000000000000
00000011111111111111111110111001011111111111111011111111111101111111111111001111111100000011110111111110011111111111000000000000
00000001111111111111111110111001011111111111111011111111111101111111111111001111111100000011110111111110011111111111000000000000
00000001111111111111111110111001011111111111111011111111111101111111111111001011111100000011110111111110011111111111000000000000
00000001111111111111111110111001011111111111111011111111111101111111111111001011111100000011110110111110011111111111000000000000
00000001111111111111111110011001011111111111111011111111111101111111111111001111111100000011110110111110011111111111000000000000
00000001111111111111111110011001011111111111111011111111111101111111111111001111111111000011110110111110011111111111000000000000
00000001111111111111111110111001011111111111111011111111111101111111111111001111111111000011110110111110011111111111000000000000
00000001111111111111111110111001011111111111111011111111111101111111111111001111111111001111111110111110011111111111000000000000
00000001111111111111111110111001011111111111111011111111111101111111111111001111111111001111111111111110011111111111000000000000
00000001111111111111111110111001011111111111111011111111111101111111111111001111111111001111111111111110011111111111000000000000
00000001111111111111111110111001011111111111111011111111111101111111111111001111111111001111111111111110111111111111000000000000
00000001111111111111111110011001011111111111111011111111111101111111111111001111111111001111111111111110011111111111000000000000
00000001111111111111111110101001011111111111111011111111111101111111111111001111111111001111111111111110011111111111000000000000
00000001111111111111111110101001111111111111111011111111111101111111111111001011111111001111111111111110011111111111111111111111
00000001111111111111111110101001111111111111111011111111111101111111111111001011111111001111111111111110011111111111111111111111
00000001111111111111111110101001011111111111111011111111111101111111111111001111111111001111111111111110011111111111111111111111
00000001111111111111111110001001111111111111111011111111111101111111111111001011111111001111111111111110011111111111111111111111
00000001111111111111111110101001111111101111101011111111111101111111111111001111111111001111111110111110011111111111111111111111
00000001111111111111111110101001111111101111111011111111111101111111111111001011111111001111111110111110011111111111111111111111
00000001111111111111111111101001111111101111101011111111111101111111111111001011111111001111111110111110011111111111111111111111
00000001111111111111111111101001111111101111101011111111111101111111111111001011111111001111111110111110011111111111111111111111
00000001111111111111111111001001101111101111101011111111111101111111111111001011111101001111111110111110011111111111111111000000
00000001111111111111111111101001101111101111101011111111111101111111111111001011111101001111111110111110011111111111111110000000
00000001111111111111111111101001101111101111101011111111111101111111111111001011111101000111111110111110011111111111111110000000
00000001111111111111111111001001101111101111101011111111111101111111111111001011111101000111111110111110011111111111111110000000
00000001111111111111111111001001101111101111101011101111111101111111111111001011111101000111111110111110011111111111111110000000
00000001111111111111111111001001101111101111101011101111111101111111111111001011111111000111111110111110011111111111111110000000
00000001111111111111111111001001101111101111101011101111111101111111111111001011111111000111111110111110011111111111111110000000
00000001111111111111111111001001101111101111101011101111111101111111111111001011111111000111111110111110011111111111111110000000
00000001111111111111111111001001101111101111101011101111101101111111111111001011111101000111111110111110011111111111111110000000
00000001111111111111111111001001101111101111111011101111111101111111111111001011111101000111111110111110011111111111111110000000
00000001111111111111111111001001101111101111111011101111111101111111111111001011111101000111111110111110011111111111111110000000
00000001111111111111111111001001101111101111111011101111101101111111111111001011111111000111111110111110011111111111111110000000
00000001111111111111111111001001101111101111111011101111101101111111111111001011111111000111111111111110011111111111111110000000
00000001111111111111111111001001101111101111111011111111111101111111111111001111111111111111111111111110011111111111111110000000
00000001111111111111111111001001111111111111111111111111111111111111111111111111111111111111111111111110011111111111111110000000
00000001111111111111111111101111111111111111111111111111111111111111111111111111111111111111111111111110011111111111111110000000
00000001111111111111111111001111111111111111111111111111111111111111111111111111110111110111110111110110011111111111111110000000
00000001111111111111111111001111111111111111111111111111111111111111111011111111111111111111110111111110011111111111111100000000
00000001111111111110111111001110111111111111111111111111111111111111111111111111111111111111110111111111111101111111111100000000
00000001111111111111111111101111111111111111111111111111111111111111111011111111111111110011111111111111111111111111111100000000
00000001111111111111011111101111111101111111111111111111111111111111111111111011111111111111111111111111111111111111111100000000
00000000111111111111111111111111111111111111111111111111111111111111111111111111111111111111111111111111111111111111111100000000
00000000111111111111111111111111111111111111111111111111111111111111111111111111110111111111111111111111111111111111111100000000
00000000111111111111111111111111111111111111111111111111111111111111111111111111111111111111111111111111111111111111111100000000
00000000111111111111111111111111111111111111111111111111111111111111111111111111111111111111111111111111111111111111111100000000
00000000111111111111111111111111111111111111111111111111111111111111111111111111111111111111111111111111111111111111111100000000
00000000111111111111111111111111111111111111111111111111111111111111111111111111111111111111111111111111111111111111111100000000
00000000111111111111111111111111111111111111111111111111111111111111111111111111111111111111111111111111111111111111111100000000
00000000111111111111111111111111111111111111111111111111111111111111111111111111111111111111111111111111111111111111111100000000
00000000111111111111111111111111111111111111111111111111111111111111111111111111111111111111111111111111111111111111111100000000
00000000111111111111111111111111111111111111111111111111111111111111111111111111111111111111111111111111111111111111111100000000
00000000111111111111111111111111111111111111111111111111111111111111111111111111111111111111111111111111111111111111111100000000