11111111111111111111111111111111111111111111111111111111111111111111111111111111111111111111111111111111111111111111111111111111
11111111111111111111111111111111111111111111111111111111111111111111111111111111111111111111111111111111111111111111111111111111
11111111111111111111111111111111111111111111111111111111111111111111111111111111111111111101111111111111011111111111111111111111
11111111111111111111111111111111111111110011111111111111011111111111111111111111111111111111111111101111111111111111111111111111
11111111111111111111111111111111111111111011011111111111111111111111101111111111111111111111111111111111111110011111111111111111
11111111111011101111111111111111110110111011110111111111111111111011100111111110011100111111111111111111111111111010111111111111
11111111111111111111110110111111111110111111100111001111111101111111111111111111111111111111111111111111111111111110111111111111
11111111111111111111110110101111111101111111111111111111111111111101111111111111101111111111111111111111111111111111111111111111
11111111111111111111111111101111111101111111111111111111111111111111111111111111111111111111110011111111111111111111111111111111
11111111111011111111111111101111111111111111111111111111111111111111111111111111111111111111111111111111111111111111111111111111
11111111111011111011110111101111111111111111101111111111111111111111111111111111111111111111111111111111111111111111111111111111
11111111111011110111111111111111111111111111111111111111111111111111111111111111111111111111111111111111111111111111111111111111
11111111111111111111111111111111111111111111111111111111111111111111111111111111111111111111111111111111111111111111111111111111
11111111111111111111111111111111111111111111111111111111111111111111111111111111111111111111111011110111100111110111111111111111
11111111111111111111111111111111111111111111111111111111111111111111111111111101001101111111111001100111100111110111111111111111
11111111111111111111111111111111111111101111111110111111110110101011111111111101001101111111111001100111100111110111111111111111
11111111111111111001101111011111111111101111111110111111110110101011111111111101001101111111111001100111100111110111111111111111
11111111111101110001101111011111111111101111111110111111110110101011111111111101001101111111111001100111100111011111111111111111
11111111111101110001101111011111111111101111011110111111110110101011111111111101001101111111111001100111100111011111111111111111
11111111111101110001101111011111111111101111011110111111110110101011111111111101001101111111111101110111100111011111111111111111
11111111111101110001101111011111111111101111011111111111110010101011111111111101001101111111111101110111100011011111111111111111
11111111111101110001101111011111111111101111011111111111110010101011111111111101001101111111111101110111100011011111111111111111
11111111111101110001101111011111111111101111011111111111110010101011111111111101001101111111111101110111100011011111111111111111
11111111111101110001101111011111111111101111011111111111110010111111111111111101001101111101111101110111100011011111111111111111
11111111111111111001101111111111111111101111011111111111110010111111111111111101101101111101111101110111100011011111111111111111
11111111111111111001101111111111111110101111011111111111110010111111111111111101101101111101111101110110100011011111111111111111
11111111111111111001100111111111111110101111011111111111110010111111111111111101101101111101111101110110100011011111111111111111
11111111111111111001100111111111111110101111011111111111110010111111111111111101101101111101111101110110100011011111111111111111
11111111111111111001100111111111111110100111011111111111110010111111111111111101101101111101111101110110100011011111111111111111
11111111111111111001100111111111111110100111011111111111110010111111111111111101101101111101111101110110100011111111111111111111
11111111111111111001100111111111111110100111111111111110110010111111111111111101101101111101111101110110100011111111111111111111
11111111111111111001100111111111111110100111111111111110110010111111111111111111101101110101111101110110100011111111111111111111
11111111111111111001100111111111111110100111111111111110111010111111111110111111101101110101111101110110100011111111111111111111
11111111111111111001100111111111111110100111111111111110111010111111111110111111101101110101111101110110100011111111111111111111
11111111111111111001100111111111111110100111111111111110111010111111111110111111100101110101111101110010100011111111111111111111
11111111111111111000100111111111111110100111111111111110111011111111111110111111100101110101111101110010100011111111111111111111
11111111111111111000100111111111111110100111111111111110111011111111111110111111100101110101111101110010100011111111111111111111
11111111111111111000100111111111111110100111111111111110111011111111111110111111100101110101111101110010100011111111111111111111
11111111111111111000100111111111111110100111111111111110111011111111111110111111100101110101111101110010100011111111111111111111
11111111111111111000100111111111111110100111111111111111111011111111111110111111100100110101111101110010100011111111111111111111
11111111111111111000100111111111111110100111111111011111111011111111111110111111100100110101111101110010100011111111111111111111
11111111111111111000100111111111101110100111111111011111111011111111111110111111100100110101111101110010110011111111111111111111
11111111111111101000100111111111101110100111111111010111111011111111111110111111100100110101111101110010110011111111111111111111
11111111111111101000100111111111101110110111111111010111111011111111111110111111100100111111111101110010110011111111111111111111
11111111111111101000100111111111101110110111111111010111111011111111111111111111100100111111111101110010110011111111111111111111
11111111111111101000100111111111101110110111111111010111111011111111111111111111100100111111111101110010110011111111111111111111
11111111111110101000100111111111101110100111111111010111111011111101111111111111100100111111111101110010110011111111111111111111
11111111111110101000100111111111101110110111111111010111111011111101101111111111100100111111111101110010110011111111111111111111
11111111111110101000100111111111101110110111111111010111111011111101101111111111100100111111111100110010110011101111111111111111
11111111111110101000100111111111101110110111111111010111111011111101101111111111100100111111111100110010110011101111111111111111
11111111111110101000110111111111101110110111111111010111111011111101101111111111100100111111111100110010110011101011111111111111
11111111111110101000110111111101101110110111111111010111111011011101101111111110100100111111111100111010110011101011111111111111
11111111111110101000110111111101101111110111111111010111111011011101101111111110100100111111111100111010110011101011111111111111
11111111111110101000110111111101101111110111111111010111111011010101101111111110100100111111111100111010110011101011111111111111
11111111111110101000110111111101101111110111111111010111111011010101101111111110100100111111111100111010110011101011111111111111
11111111111110101000110111111101101111110111111111110111111011010101111111111110100100111111111100111010110011101011111111111111
11111111111110101000110111111101101111110111101111110111111011010101111111111110100100111111111100111011110011101011111111111111
11111111111110101000110111111101101111110111101111110111111011010101111111111110100100111111111100111011110011101011111111111111
11111111111110101000110111111101101111110111101111110111111011010101111111111110100100111111111100111011110001101011111111111111
11111111111110101000110111111101101111110111101111111111111011010101111111111110100110111111111100111011110001101011111111111111
11111111111110101100110111111101101111110111101111111111111011010101111111111110100110111111111100111011110001101011111111111111
11111111111110101100110111111101101111110111101111111111111011010101111111111110100110111111111110111011110001101011111111111111
11111111111110101100110111111101101111110111101111111111111011010101111111111110100110111111111110111011110001101011111111111111
11111111111110101100110111101101111111110111101111111111111011010101111111111110100110111110111110111011110000001111111111111111
11111111111110101100110111101111111111110011101111111111111001010101111111111111100110111110111110111011110000001111111111111111
11111111111111101100100111101111111111110011101111111111111001010101111111011111110110111110111110111011110001101111111111111111
11111111111111101100110111101111111111110011101111111111111001010101111111011111110110111110111110111011110001101111111111111111
11111111111111101100110111101111111111110011101111111111111001010101111111011111110110111110111110111011110001101111111111111111
11111111111111111100110111101111111111110011101111111111111001010111111111011111110110111110111110111011110001101111111111111111
11111111111111111100110111101111111111110011101111111111111001111111111111011111110110111110111110111011010001101111111111111111
11111111111111111100010111101111111111110011101111111111111001111111111111011111110110111110111110111011010001101111111111111111
11111111111111111100010111101111111111110011101111111111111001111111111111011111110110011110111110111011010001111111111111111111
11111111111111111100010111101111111111110011101111111111111001111111111111011111110110011010111110111011010001111111111111111111
11111111111111111100010111101111111111110011101111111111111001111111111111011111110110011010111110111011010001111111111111111111
11111111111111111100010111101111111111110011101111111111111001111111111111011111110110011010111110111011010001111111111111111111
11111111111111111100010011111111111111110011101111111111011001111111111111011111110110011010111110111011010001111111111111111111
11111111111111111100010011111111111111010011101111111111011101111111111111011111110110011011111110111001010001111111111111111111
11111111111111111100010011111111111111010011101111111011011101111111111111011111110110011011111110111001010001111111111111111111
11111111111111111100010011111111111111010011101111111011011101111111111111011111110110011011111110111001010001111111111111111111
11111111111111111100010011111111111111010011101111111011011101111111110111011111110110011011111110111001010001111111111111111111
11111111111111111100010011111111111111010011111111111011011101111111110111011111110010011011111110111001010001111111111111111111
11111111111111111100010011111111111111010011111111111011011101111111110111011111110010011011111110111001011001111111111111111111
11111111111111110100010011111111111111010011111111111011011101111111110111011111110010011011111110111001011001111111111111111111
11111111111111110100010011111111111111010011111111111011011101111111110111011111110010011011111110111001011001111111111111111111
11111111111111110100010011111111111111010011111111111011011101111111110111011111110010011011111110111001011001111111111111111111
11111111111111110100010011111111111111010011111111111011011101111111110111011111110010011011111110111001011001111111111111111111
11111111111111110100010011111111111111010011111111111011011101111111110111011111110010011011111110111001011001111111111111111111
11111111111111110100010011111111111111010011111111101011011101111111110111111111110010011111111110111001111001110111111111111111
11111111111111110100010011111111110111110011111111101011111101111111110111111111110010011111111110111001111001110111111111111111
11111111111111110100010011111111110111110011111111101011111101111111110111111111110010011111111110011001111001110111111111111111
11111111111111110100010011111111110111110011111111101011111101111111110111111111110010011111111110011001111001110111111111111111
11111111111111110100010011111111110111110011111111101011111101111110110111111111110010011111111110011001111001110101111111111111
11111111111111110100010011111111110111110011111111101011111101111110110111111111110010011111111110011001111001110101111111111111
11111111111111110100010011111111110111110011111111101011111101111110110111111111110010011111111110011101111001110101111111111111
11111111111111110100010011111111110111110011111111101011111101111110110111111111010010011111111110011101111001110101111111111111
11111111111111110100010011111111110111111011111111101011111101101110110111111111010010011111111110011101111001110101111111111111
11111111111111110100010011111111110111111011111111101011111101101010110111111111010010011111111110011101111001110101111111111111
11111111111111110100010011111111110111111011111111101011111101101010110111111111010010011111111110011101111001110101111111111111
11111111111111110100010011111111110111111011111111101011111101101010110111111111010010011111111110011101111001110101111111111111
11111111111111110100011011111111110111111011111111101011111100101010111111111111010010011111111110011101111001110111111111111111
11111111111111110100011011111111111111111011111111101011111100101011111111111111010010011111111110011101111001111111111111111111
11111111111111010100011011111111111111111011111111101011111100101011111111111111010011011111111110011101111000111111111111111111
11111111111111010100011011111111111111111011111111101011111100101011111111111111010011011111111111011101111000111111111111111111
11111111111111010100011011110111111111111011110111111011111100101011111111111111010011011111111111011101111000111111111111111111
11111111111111010100011011110110111111111011110111111111111100101011111111111111010011011111111111011101111000111111111111111111
11111111111111010100011011110110111111111011110111111111111100101011111111111111010011011111111111011100111000111111111111111111
11111111111111010100011011110110111111111011110111111111111100101011111111111111010011011101011111011100111000111111111111111111
11111111111111010100011011110110111111111011110111111111111100101011111111111111110011011101011111011100111000111111111111111111
11111111111111010100011011110110111111111011110111111111111100101011111111111111110011011101011111011100111000111111111111111111
11111111111111010100011011110110111111111011110111111111111100101011111111101111111011011101011111011101111000111111111111111111
11111111111111010100011011110110111111111011110111111111111100101011111111111111111011011111111111111111111111111111111111111111
11111111111111010100011011110110111111111011111111111111111110101011111111111111111111111111111111111111111111111111111111111111
11111111111111010100011011110111111111111111111111111111111111111011111111111111111111111111111111111111111111111111111111111111
11111111111111010111111111111111111111111111111111111111111111111111111111111111111111111111111111111111111111111111111111111111
11111111111111010111111111111111111111111111111111111111111111111111111111111111111111111111111111111111111111111111111111111111
11111111111111010111111111111111111111111111111111111111111111111111110111110001111111011111111111110111111111111111111111111111
11111111111111010111111111111111111111111110011111111111111111111111111111111101111111111111111111110111111111111111111111111111
11111101111111010111000111110011111110111101111111111111111101111111111111111101111111111111011111111111111111111111111111111111
11111111111111010111111111101101111110111101111111111111111101111111111111111101111111111111011111111111111111111111111111011111
11111111011111111111110111101111111111111101111111011111111111111111100011111101111111111110110111111111110111111111111111111111
11110111011111111111111111110011111111111111011111011111111111111111101111111111111111111111111111111111110111111111111111111111
11111111011111111111111111110011111111111111111110111111111111111111111111111111111111111111111111111111111101111111111111111111
11111010011111111111111111101101111111111111101110111011111111111111111101111111111111111110111111111111111111111111111111111111
11111110111111111111111111111111111111111111101110111011101111111111111101111110111111111111110111111111111111111111111111111111
11111110111111111111111111111111111111111111111111111111101111111111101111111001111101111111111111111111111111111111111111111111
11111111111111111111111111101101111111111111111111101111111111111111111111111111111111111111111111111111111111111111111111111111
11111111111111111111111111111111111111111111111111111111111111111111111111111111111111111111111111111111111111111111111111111111
11111111111111111111111111111111111111111111111111111111111111111111111111111111111111111111111111111111111111111111111111111111