11111111111111111111111111111111111111111111111111111111111111111111111111111111111111111111111111111111111111111111111111111111
11111111111111111111111111111111111111111111111111111111111111111111111111111111111111111111111111111111111111111111111111111111
11111111111111111111111111111111111111111111111111111111111111111111111111111111111111111111111111111111111111111111111111111111
11111111111111111111111111111111111111111111111111111111111111111111111111111111111111111111111111111111111111111111111111111111
11111111111111111111111111111111111101111111111111111011111111111111110111101111111111111111111111111111111111111111111111111111
11111111111111111111111111111111111111111111111111111111111111111111111111111111111111111111111111101111111111111111111111011111
11111111111111111111101111111111111111111111111111111111111111111111101111111111111111111111111111101111111111111111111111111111
11111111111111100011100111111111111111110011110011111111100111111111111111111111111111001111111111101111111111111111111110111111
11111111111111111111110111111111111111111111111111111111111111111111111111111111101111111111111111101111111101011111111111111111
11111111111111111111111011111111111111111111111111111111111111111111111111111111111111111110111111111110011101011111111111111111
11111111111111100111111111111111111111110011111111111111111111111111111111111111111111111110111111111111111111111111111111111111
11111111111111111111111111111111111111111111111111111111111111111111111111111111111111111111111111111111111111111111111111111111
11111111111111111111111111111111111111111111111111111111111111111111111111111111111111111111111111111111111111111111111111111111
11111111111111111111111111111111111111111111111111111111111111111111111111111111111111111111111111111111111111111111111111111111
11111111111111111111111111111111111111111111111111111111111111111111111111111111111111111111111111111111111111111111111111111111
11111111111111111111111111111111111111111111111111111111111111111111111111111111111111111111111111111111111111111111111111111111
11111111111111111111111111111111111111111111111111111111111111111111111111111111111111111111111111111111111111111111111111111111
11111111101111001101111111111111111110111111111111111111011111110011111101101110011111111001111111111111111111111111111111111111
11111111101111001101111111111111111110111111011111111111011111110011011101101110001111111000111110011101111111011111111111111111
11111111101111001101111111111111111110111111011111111111001111110011011101101110001111111000111110011101111111011111111111111111
11111111101111001101111111111111111110111111011111111111001111110011011101101110001111111000111110011101111111011111111111111111
11111111101111001101111111111111111110111111011111111111001111110011111101101110001111111000111110011101111111011111111111111111
11111111101111001101111111111111111110111111011111111111011111110011111101101110001111111000111110011101111111011111111111111111
11111111101111001101111111111111111110111111011111111111011111110011111101101110001111111000111110011101111111011111111111111111
11111111101111001101111111111111111110111111011111111111011111110011111101101110001111111000111110011101111111011111111111111111
11111111101111001101111111111111111110111111011111111111011111110011111101101110001111111000111110011111111111011111111111111111
11111111101111001101111111111111111110111111011111111111001111110011111101101110001111111000111110011111111111011111111111111111
11111111101111001101111111111111111110111111011111111111011111110011111101101110001111111000111110011111111111011111111111111111
11111111101111001101111111111111111110111111011111111111011111110011111101101110001111111000111110011111111111011111111111111111
11111111101111001101111111111111111110111111011111111111011111110011111101101110001111111000111110011111111101011111111111111111
11111111101111001101111111111111111110111111011111111111001111110011111101101110001111111000111110001111111101011111111111111111
11111111101111001101111111111111111110111111011111111111011111110011111101101110001111111000111110001111111101011111111111111111
11111111101111001101111111111111111110111111011111111111011111110011011101101110001111111000111110001111111101011111111111111111
11111111101111001101111111111111111110111111011111111111011111110011111101101110001111111000111110001111111101111111111111111111
11111111101111001101111111111111111110111111011111111111011111110011111101101110001111111000111110001111111101111111111111111111
11111111101111001101111111111111111110111111011111111111011111110011111101101110001111111000111111101111111101111111111111111111
11111111101111001101111111111111111110111111011111111111011111110011111101101110001111111000111111101111111101111111111111111111
11111111101111001101111111111111111110111111011111111111001011110011111101101110001111111000111111101111111101111111111111111111
11111111101111001101111111111111111110111111111111111111011011110011111101101110001111111000111110001111111101111111111111111111
11111111101111001101111111111111111110111111111111111111011011110011111101101110001111111000111110001111111101111111111111111111
11111111101011001101111111111111111110111111011111111111011011110011111101101110001111111000111010001111111101111111111111111111
11111111101011001101111111111111111110111111011111111111011011110011111101101110001111111000111110001111111101111111111111111111
11111111101011001101111111111111111110111111011111111111011011110011111101101110001111111000111110001111111101111111111111111111
11111111101011001101111111111111111110111111011111111111011011110011111101101110001111111000111110001111111111111111111111111111
11111111101011001101111111111111111110111111011111111111011011110011111101101110001111111000111110001111111111111111111111111111
11111111101011001101111111111111111110111111011111111111011011110011111101101110001111111000111110001111111111111111111111111111
11111111101011001101111111111111111110111111011111111111001011110011111101101110001111111000111110001111111111111111111111111111
11111111101011001101111111111111111110111111011111111111011011110011111101101110001111111000111110001111111111111111111111111111
11111111101011001101111111111111111110111111011111111111011011110011111101101110001111111000111110001111111111111111111111111111
11111111101011001101111111111111111110111111011111111111011011110011111101101110001111111000111110001111111111111111111111111111
11111111101011001101111111111111111110111111011111111111011111110011111101101110001111111000111110001111111111111011111111111111
11111111101011001101111111111111111110111111011111111111011011110011111101101110001111111000111110001111111111111011111111111111
11111111101011001101111111111111111110111111011111111111011011110011111101101110001111111000111110001111111111111011111111111111
11111111101011001101111111111111111110111111011111111111011011110011111101101110001111111000111110001111111111111011111111111111
11111111101011001101111111111111110110111111011111111111011011110011111101101110001111111000111110001111111111111011111111111111
11111111101011001101111111111111111110111111011111111111011011110011111101101110001111111000111110001111111111111011111111111111
11111111101011001101111111111111111110111111011111111111011011110011111101101110001111111000111110001111111111111011111111111111
11111111101011001101111111111111110110111111011111111111011011110011111101101110001111111000111110001111111111101011111111111111
11111111101011001101111111111111111110111111011111111111011011110011111101101110001111111000111110001111111111101011111111111111
11111111101011001101111111111111111110111111011111111111011011110011111101101110001111111000111110001111111111101011111111111111
11111111101011001101111111111111110110111111011111111111011011110011111101101110001111111000111110001111111111101011111111111111
11111111101011001101111011111111110110111111111111111111011011110011111101101110001111111000111110001111111111101011111111111111
11111111101011001101111011111111110110111111111111111111011011110011111101101110001111111000111110001111111111101111111111111111
11111111101011001101111111111111110110111111111111111111011011110011111101101110001111111000111110001111111111101111111111111111
11111111111011001101111011111111110110111111111111111111011011110011111101101110001111111000111110001111111111101111111111111111
11111111111011001101111011111111110110111111111111111111011011110011111101101110001111111000111110001111111111101111111111111111
11111111111011001101111011111111110110111111111111111111011011110011111101101110001111111000111110001111111111101111111111111111
11111111101010001101111011111111110110111111111111111111011011110011111101101110001111111000111110001111111111101111111111111111
11111111111010001101111011111111110110111111111111111111011011110011111101101110001111111000111110001111111111101111111111111111
11111111111010001101111011111111110110111111111111111111011011110011111101101110001111111000111110001111111111101111111111111111
11111111111010001101111011111111110110111111111111111111011011110011111101101110001111111000111110001111111111101111111111111111
11111111111010001101111011111111110110111111111111111111011011110011111101101110001111111000111110001111111111101111111111111111
11111111111010001101111011111111110110111111111111111111011011110011111101101110001111111100111110001110111111111111111111111111
11111111111010001101111011111111110110111111111111111111011011110011111101101110001111111100111110001110111110111111111111111111
11111111111010001101111011111111110110111111111111111111011011110011111101101110001111111100111110001110111110111111111111111111
11111111111110001101111011111111110110111111111111111111011011110011111101101110001111111100111110001110111110111111111111111111
11111111111110001101111011111111110100111111111111111111011011110011111101101110001111101100111111001110111110111111111111111111
11111111111010001101111111111111110100111111111111111111011011110011111101101110001111101100111111001110111110111111111111111111
11111111111110001101111111111111110100111111111111111111011011110011111101101110001111101100111011001110111110111111111111111111
11111111111110001101111111111111110100111111111111111111011011110011111101101110001111101100111011001110111111111111111111111111
11111111111110001101111111111111110100111111111111111111011010110011111101101110001111101100111011001110111111111101111111111111
11111111111110001101111111111111110100111111111111111111011011110011111101101110001111101100111011001111111111111101111111111111
11111111111110001101111111111111110100111111111111111111011011110011111101101110001111101100111011001111111111111101111111111111
11111111111110001101111111111111110100111111111111111111011011110011111101101110001111101100111011001111111111111101111111111111
11111111111110001101111111011111110100111111111110111111011010110011111101101110001111101100111011001111111111111101111111111111
11111111111110001101111111011111110100111111111110111111011010110011111101101110001111101100111011001111111111111101111111111111
11111111111110001101111111011111110100111111111110111111011010110011111001101110001111101100111011001111111111111101111111111111
11111111111110001101111111011111110100111111111110111111011010110011111001101110001111101100111011001111111111111101111111111111
11111111111110001101111111011111111100111111111110111111011010110011111101101110001111101100111011001111111111111101111111111111
11111111111110001101111111011111111100111111111110111111011010110011111001101110001111101100111011001111111111111101111111111111
11111111111110001101111111011111111100111111111110111111011010110011111101101110001111101100111011001111111111111101111111111111
11111111111110001101111111011111111100111111111110111111011010110011111001101110001111101100111011001111111111111111111111111111
11111111111110001001111111011111111100111111111110111111011010110011111001101110001111101100111011001111111111111111111111111111
11111111111110001001111111011111111100111111111110111111011010110011111101101110001111101100111011001111111111110111111111111111
11111111111110001001111111011011111100111111111110111111011010110011111101101110001111101100111011000111111111110111111111111111
11111111111110001001111111011011111100111111111110111111011010110011111101101110001111101100111111000111111111110111111111111111
11111111111110001001111111011011111100111111111110111111011010110011111101101110001111101100111111000111111111110111111111111111
11111111111110001001111111011011111100111111111110111111011010110011111101101110001111101100111111000111111111110111111111111111
11111111111110001001111111011011111100111111111110111111011010110011111101101110001111101100111111000111111111110111111111111111
11111111111110001001111111011011111101111111111110111111011010110011111101101110001111101100111111000111111111110111111111111111
11111111111110001001111111011011111101111111111110111111011010110011111101101110001111101100111111000111111111110111111111111111
11111111111110001001111111011011111101111111111110111111011010110011111101101110001111101100111111000111111111110111111111111111
11111111011110001001111111011011111101111111111110111111011010110011111101101110001111111100111111000111111111111111111111111111
11111111011110001001111111011011111101111111111110111111011010110011111101101110001111111100111111000111111111111111111111111111
11111111011110001001111111011011111101111111111110111111011010110011111101101110001111111100111111001111111111111111111111111111
11111111011110001001111111111011111101111111111110111111011010110011111001101110001111111100111111001111111111111111111111111111
11111111011110001001111111111011111101111111111110111111011010110011111001101110001111111100111111001111111111111111111111111111
11111111010111111111111111111111111101111111111110111111011010110011111001101110001111111100111111001111111111111111111111111111
11111111010111111111111111111111111111111111111111111111011010110011111101101110001111111100111111001111111111111111111111111111
11111111010111111111111111111111111111111111111111111111111010110011111101101110001111111100011111001111111111111111111111111111
11101111011111000011111111111111111111111111111111111111111010111111111111101111001111111100011111001111111111111111111111111111
10110111010111110011110001111000001111011111111111111111111010111111111111111111111111111100011111001111111111111111111111111111
10111011011111111011110110111111001110011111100001111101111010111111111111111111111111111100011111000111111111111111111111111111
10111011010111110111110110111111011110111111111001111000011010111111111111111111111111111111111111000111111111111111111111111111
10111011111111110111110001111111011110011111111011111111011010111000111111111111111111111111111111111111111111111111111111111111
10000111111111101111110001111110111111001111110011111111011010111011111110001111111111111111111111111111111111111111111111111111
11100111111111101111110110111111111111110111110011111111011010111111111111110111100011111111111111111100000011111111111111111111
11101111111111101111101110111101111111110111111101111110011111111111101111110111101111111110111111111100000000000000111111111111
11101111111111111111101110111101111111110111111101111101111111111011011111110111101110111110111111111100000000000000000000011111
11011111111111111111110100111101111111110111111101111011111111111100011111110111101110111111111111101100000000000000000000000000
11111111111111111111111011111101111111001111111101111011111111111110011111101111101110111101111111101100000000000000000000000000
11111111111111111111111111111111111111111111100011111011111111111110111110011111110000111101111111101110000000000000000000000000
11111111111111111111111111111111111111111111111111111000011111111110111110111111111001111111011111011110000000000000000000000000
11111111111111111111111111111111111111111111111111111111111111111101111110111111111001111011011111011110000000000000000000000000
11111111111111111111111111111111111111111111111111111111111111111111111110111111111011111000011111011000000000000000000000000000
11111111111111111111111111111111111111111111111111111111111111111111111111111111110111111110001111011000000000000000000000000000
11111111111111111111111111111111111111111111111111111111111111111111111111111111111111111111011111000000000000000000000000000000
11111111111111111111111111111111111111111111111111111111111111111111111111111111111111111111011111111000000000000000000000000000