11111111111111111111111111111111111111111111111111111111111111111111111111111111111111111100000000000000000000000000000000000000
11111111111111111111111111111111111111111111111111111111111111111111111111111111111111111111111111111111111100000000000000000000
11111111111111111101111111111111111111111111111111111111111111111111111111111111111111111111111111111111111111111111111111111110
11111111111111111101111111111111111111111111111111111111111111111111111111111111111111111111111111111111111111111111111111111111
11111111111111111111111111111111111111111111111111111111111111111111111111111111111111111111111111111111111111111111111111111111
11111111111111111111011111111110111111111110111111111111111111111111111111111111111111111111111111111111111111111111111111111111
11111111111111111111011111111111111111111111111111111111111111111111111111111111111111111111111111111111111111111111111111111111
11111111111111111111111111111111111111111111111111111111111111111111111111111111111111111111111111111111111111111111111111111111
11111111111111111111111111111111111111111111111111111111111111111111111111111111111111111111111111111111111111111111111111111111
11111111111111111111111111111111111111111111111111111111111111111111111111111111111111111111111100111111111111111111111111111111
11111111111111111111111111111111111111111111111111111111111111111111111111111111111111111111111110111100111111111111111111111111
11111111111111111111111111111111111111111111111111111111111111111111111111111111111111111111111111111111111111111111111111111111
11111111111111100111111111111111111111111111111111111111111111111111111111111111111111111111111111111111111111111111111111111111
11111111110111100111011111111111111111111111111111111111111111111111111111111111111111111111111111111111111111111111111111111111
11111111111111100111011111111111111111110111111101111111111111111111111111111111111111111111111111111111111111111111111111111111
11111111111111100111011111111111111111110111111100110111011111111111011111111111111111111111111111111111111111111111111111111111
11111111111111100111011111111111111111110111111100100111011111111111011001111100011111001111011111111111111111111111111111111111
11111111111101100111011111111111111111110111111100100111011111111111011001111100011111000111011001111111111110111111111111111111
11111111111101100110011111111111111111110111111100100111011111111111011011111100111111000111011001111111110100011111011111111111
11111111111101100110011111111111111111110111111100100111011111111011011011111100111111001111011001111111110100011111011111111111
11111111111101100110011111110111111111110111111100100111011111111111011011111100111111001111011001111111110100011101011111111111
11111111111101100110011111110111111111110111111100100111011111111111011011111100111111001111011001111111110000011111010111111111
11111111111101100110011111110111111101110111111101100111011111111111011011111100111111001111011001111111110000011111010111111111
11111111111101100110111111110111111101110111111101100111011111111111011011111100111111001111011001111111110000011111010111111111
11111111111101100110111111110111111101110111111101100111011111111111011011111100111111001111011001111111110000011111010111111111
11111111111101100110111111110111111111110111111101100111011111111111011011111100111111001111011001111111110000011111011111111111
11111111111101100110111111111111111111110111111101100111011111111111011011111100111111001111011001111111110000011111011111111111
11111111111101000110111111111111111111110111011101100111011111111110011011111100111111001111011001111111110000011111111111111111
11111111111111000110111111111111111111110111011101101111011111111110011011111100111111001111011001111111111100011111111111111111
11111111111111000110111111111111111111110111111101101111011111111110011011111100111111001111011001111111100100011111111111111111
11111111111111000110111111111110111111110111111101101111011111111110011011111100111011001111011001111111100000011111111111111111
11111111111111000110111111111110111111110111111101101111011111111110011011111100111011001111011001111111100000111111111111111111
11111111111111000110111111111110111111110111111101101111011111111110011011111100111011001111011011111111100000111111111111111111
11111111111111000110111101111110111111110111111101101111011101111110011011101100111011001111011011111111100000111111111111111111
11111111111111000110111101111110111111110111111101101111011111111110011011101100111011001111011011101111100000111011111111111111
11111111111111000110111101111110111111110111111001101111011111111110011011101100111011001111011011101111100000111010111111111111
11111111111111000110111101111110111111110111111001101111011111111110011011101100111011001111011011101111100000111010111111111111
11111111111111000110111101111110111111110111111001101111011111111110011011101100111011001110011011101111100000111010111111111111
11111111111111000110111101111110111111110111111001101111011111111110011011111100111011001110011011101111100000111010111111111111
11111111111111000110111101111110111111110111111001101111011111011110010011111100111011001110011011101111100000111010111111111111
11111111111111000110111101111110111111110111111001101111011111011110010011111000111011001110011011101111100000111010111111111111
11111111111111000110111101111110111111110111111001001111011111011110010011111100111011001110011011101111100000111010111111111111
11111111111111001110111101111110111111100111111001001111011111011110010011111000111010001110011011101111100000111010111111111111
11111111111111001110111101111110111111100111111001001111011111011110110011111000111010001110011011101111100000111000111111111111
11111111111111001110111101111110111111100111111001001111011111011110110011111000111010001110011011101111100000111000111111111111
11111111101111001110111101111111111111100111111001001111011111111110110011111000111010001110011011101111100000111000111111111111
11111111101111001110111101111111111111100111111001001111011111111110110011111000111010001110011011101111100000111010111111111111
11111111101111001110111101111111111111101111111001001110011111111110110011111000111110001110010011101111100000111010111111111111
11111111101111001110111111111111111111101111111001001110011111111110110011111000111110001110010011111111100000111000111111111111
11111111101111001110111111111111111111101111111001001110011111110110110011111000111110001110010011111111101000111000111111111111
11111111101111001100111111101111111111101111111001001110111111110110110011111000111110001110010011111111101000111000111111111111
11111111111011001100111111101111111111101111111001001110111111110110110011111000111110001110010011111111100000111000111111111111
11111111111011001100111111101111111111101111111001001110111111110110110011111000111110001110010011111111101000111000111111111111
11111111111011001100111111101111111111101111111001001110111111110110110011111001111110001110010011111111101000111000101111111111
11111111111011001100111111101111111111101111111001001110111111110110110011111001111110001110110011111111100000111000101111111111
11111111111011001100111111101111111111101111111001001110111111110110110011111001111110001110110011111111100000111000101111111111
11111111111011001100111111101111111011101111111001001110111111110110110011111001111110001110110011111111100000111000101111111111
11111111111011001100111111101111111011101110111001001110111111110100110011111001111110001110110011111111100000111000101111111111
11111111111011001101111111101111111011101110111001001110111111110100110011111001111110001110110011111111100000111000101111111111
11111111111011001101111111101111111011101110111001001110111111111100110011111001111110001110110011111111100000111000101111111111
11111111111011001101111111101111111011101110111001001110111111111100110011111001111110001110110011111111100000111000101111111111
11111111111011001101111111111111111011101110111001001110111111111100110111111001111110011110110011111111100000111000101111111111
11111111111011001101111111111101111011101110111011001110111111111100110111111001111110011110110011111111100000111000101111111111
11111111111111001101111111111101111011101110111011001110111111111100110111111001111110011110110011111111100000111010101111111111
11111111111111001101111111111101111011101110111011001110111111111100110111011001111110011110110011111111100000111010101111111111
11111111111111001101111111111101111011101111111011001110111111111100110111011001111110011110110011111111100000111010001111111111
11111111111111001101111111111101111111101111111011001110111111111100110111011001110110011110110011111111000000110000101111111111
11111111111111001101111111111101111111101111111011001110111111111100110111011001110110011110110011111111000000110000101111111111
11111111111111001101111011111101111111101111110011011110111111111100100111011001110110011100110111111111000000110001101111111111
11111111111110001101111011111101111111101111110011011110111111111100100111011001111110011100110111011111000000110001101111111111
11111111111110001101111011111101111111101111110011011110111111111100100111011001110110011100110111011111000001110001101111111111
11111111111110001101111011111101111111101111110011011110111110111100100111010001110110011100110111011111000001110001101111111111
11111111111110001101111011111101111111101111110011011110111110111100100111010001110100011100110111011111000001110001101111111111
11111111111110001101111011111101111111101111110011011110111110111100100111010001110100011100110111011111000001110001111111111111
11111111111110001101111011111101111111101111110011011110111110111100100111010001110100011100110111011111000001110001111111111111
11111111111110001101111011111101111111101111110011011110111110111100100111010001110100011100110111011111000001110001111111111111
11111111111110001101111011111101111111001111110011011110111110111100100111010001110100011100110111011111000001110001111111111111
11111111111110001101111011111111111111001111110011011110111110111100100111010001110100011100100111011111000001110001111111111111
11111111011110001101111011111111111111001111110011011110111110111100100111110001110100011100100111011111000001110001111111111111
11111111011110001101111011111111111111011111110011011100111110101100100111110001110100011100100111011111000001110001111111111111
11111111011110001101111011111111111111011111110011011100111110101100100111110001110100011100100111011111000001110001111111111111
11111111011110001101111011111111111111011111110010011100111110101100100111110001110100011100100111011111000001110000011111111111
11111111011110001101111111111111111111011111110011011100111110101101100111110001111100011100100111011111000001110000011111111111
11111111010110011101111111111111111111011111110011011100111110101101100111110001111100011100100111111111000001110001011111111111
11111111010110011001111111111111111111011111110010011101111110101101100111110001111100011100100111111111000001110001011111111111
11111111010110011001111111111111111111011111110010011101111110101101100111110001111100011100100111111111000001110001011111111111
11111111010110011001111111111111111111011111110010011101111111101101100111110011111100011100100111111111000001110001011111111111
11111111010110011001111111111111111111011111110010011101111111101101100111110011111100011101100111111111000001110001011111111111
11111111110110011001111111111111110111011111110010011101111111101101100111110011111100011101100111111111000001110000011111111111
11111111110110011001111111111111110111011111110010011101111111101101100111110011111100011101100111111111000001110000011111111111
11111111110110011001111111011111110111011111110010011101111111101101100111110011111100011101100111111111010001110101011111111111
11111111110110011001111111011111110111011111110010011101111111111101100111110011111100011101100111111111110001111101011111111111
11111111110110011001111111011111110111011111110010011101111111111101101111110011111100011101100111111111110001111101011111111111
11111111110110011001111111011111110111011111110010011101111111101001101111110011111100111101100111111111010001111111011111111111
11111111110110011001111111011111110111011111110110011101111111111001101111110011111100111101100111111111110001111111011111111111
11111111110110011001111111011111110111011111110110011101111111111001101110110011111100111101100111111111110001111111011111111111
11111111111110011001111111111111110111011111110110011101111111111001101110110011111100111101100111111111110001111111011111111111
11111111111100011001111111111111110111011101110110011101111111111001101110110011111100111101100111111111110001111111011111111111
11111111111100011001111111111111110111011111110010011101111111111001101110110011101100111001100111111111110011111111011111111111
11111111111100011011111111111111111111011111110110011101110111111001101110110011101100111001100111111111110011111111011111111111
11111111111100011011111111111111111111011111110110011101110111111001101110110011101100111001100111111110110011111111011111111111
11111111111100011011111111111011111111011111110110111101110101111001001110110011101100111001100111111110110011111111011111111111
11111111111100011011111111111011111111011111110110111101110101111001101110110011101100111001100111111110110011111111111111111111
11111111111100011011111111111011111111011111110110111101110101111001101110110011101000111001100111111110110011111111111111111111
11111111111100011011111111111011111111011111110110111101110101111001101110110011101000111001101110111110110011111111111111111111
11111111111100011011111111111011111111011111110110111101110101111001001110110011101000111001101110111110110011111111111111111111
11111111111100011011110111111011111110011111110110111101110101111001001110110011101000111001101110111110110011101111111111111111
11111111111100011011110111111011111110011111110000111101110101111001001110100011101000111001101110111110100011101111111111111111
11111111111100011011110111111011111110011111100000111101110101111001001110100011101000111001001110111110100011101111111111111111
11111111111100011011110111111011111110011111100000111101110101111001001110100011101000111001001110111110100011101111111111111111
11111110111100011011110111111011111110011111100000111001111101111001001110100011101000111001101110111110100011101011111111111111
11111110111100011011110111111111111110011111100100111001111101111001001110100011101000111001001110111110100011101011111111111111
11111110111100011011110111111111111110011111100100111001111101111001001110100011101000111001001110111110100011101011111111111111
11111110111100011011110111111111111110011111100100111001111101111001001110100011101000111001001110111110100011101011111111111111
11111110111100011011110111111111111110011111100100111001111101011001001110100011101000111001001110111110100011101011111111111111
11111110111100011011110111111111111110011111100100111001111101011001001111100011101000111001001110111110100011101011111111111111
11111110111100111011110111111111111110011111100100111001111101011001001111100011101000111001001110111110100011101011111111111111
11111110111100111011110111111111111110011111100100111001111101011001001111100011101000111001001110111110100011101011111111111111
11111110111100111011110111111111111110011111100100111001111101011001001111100011101000111001001110111110100011101011111111111111
11111110111111111111110111111111101110011111100100111001111101011001001111100011101000111001001111111110100011101010111111111111
11111110101111111111111111111111111110011111100100111001111111011011001111100011101000111001001111111110100011101010111111111111
11111110101111111111111111111111111111111111111110111001111111011011001111100011111000111001001111111110000011101010111111111111
11111110101111111111111111111111111111111111111111111111111111011011001111100011111000111001001111111110000011101010111111111111
11111110101111011111111111111111111111111111111111111111111111111111111111100011111000111001001111111110000011101010111111111111
11111111101111111111111111111101111111111111111111111111111111111111111111111111111111111001001111111110100011101010111111111111
11111111101111111111111111111111111110111111111111111111111111111111111111111111111111111111111111111111100011101010111111111111
11111111111111111111101111111111111110111111111111111011111111111111111111111111111111111111111111111111111111111010111111111111
11111111111111111111101111111111111111111111110111111011111111111110011111111111111111111111111111111111111111111010111111111111