11111111111111111111111111111111111111111111111111111111111111111111111111111111111111111111111111111111111111111111111111111111
11111111111111111111111111111111111111111111111111111111111111111111111111111111111111111111111111111111111111111111111111111111
11111111111111111111111111111111111111111111111111111111111111111111111111111111111111111111111111111111111111111111111111111111
11111111111111111111111111111111111111111111111111111111111111111111111111111111111111111111111111111111111111111111111111111111
11111111111111111111111111111111111111111111111111111111111111111111111111111111111111111111111111111111111111111111111111111111
11111111111111111111111111111111111111111111111111111111111111111111111111111111111111111101111111111111110111101111111111111111
11111111101111001110001111111111111111111111111001111111111111111111001111011110111111111110111111110011100011000111111111111111
11111111111111011110001110111111111111111111111001111111111111111111001111011111111101111110111111111011100011000111111111111111
11111111111111111110001110011111111100111111111001110011111111101111001111011111111100111101111001111011100011000111001111111111
11111111111111101110101110011111111100111111111001111111111111111111001111111111111100111111111111111011100011000111111111111111
11111111111111101110101110011111111111111111110001111111111111111111000111111111111100111011111111111011100011000111111111111111
11111111101111101111111111111111111111111111111011111111111111111111101111111111111111111101111111111111110111101111111111111111
11111111111111111111111111111111111111111111111111111111111111111111111111111111111111111111111111111111111111111111111111111111
11111111111111111111111111111111111111111111111111111111111111111111111111111111111111111111111111111111111111111111111111111111
11111111111111111111111111111111111111111111111111111111111111111111111111111111111111111111111111111111111011111111111111111111
11111111111111111111111111111111111111111111111101111111111101111111111100111000001100110000111111111111110011100001111111111111
11111111111111111000110000001110110110111100000000000110011101110000000000011000001100110000110111101101110001100000111111111111
11111111111111111000000000001110110110111100000000000110011101110000000000011000001100000000110111101101110001100000111111111111
11111111111111111000000000001110110110111100000000000110011101110000000000000000000000000000110111101101110001100000111111111111
11111111111111111000000000001110110110111100000000000110011101110000000000000000000000000000010111101101110001100000111111111111
11111111111111111000000000001110110110111100000000000110011101110000000000000000000000000000010111101001110001100000111111111111
11111111111111111000000000001110110110111100000000000110011101110000000000000000000000000000010111101001110001100000111111111111
11111111111111111000000000001110110110111100000000000110011101110000000000000000000000000000010111101001110001100000111111111111
11111111111111111000000000011110110110111100000000000110011101110000000000000000000000000000010111101001110001100000111111111111
11111111111111111000000000011110110110111100000000000110011101110000000000000000000000000000010111101001110001100000111111111111
11111111111111111000000000011110110110111100000000000110011101110000000000000000000000000000010111101001110001100000111111111111
11111111111111111000000000011110110110111100000000000110011101110000000000000000000000000000010111101001110001100000111111111111
11111111111111111000000000011110110110111100000000000110011101110000000000000000000000000000010111101001110001100000111111111111
11111111111111111000000000011110110110111100000000000110011101110000000000000000000000000000010011101001110001100000111111111111
11111111111111111000000000011110110110111100000000000110011101110000000000000000000000000000010011101101110001100000111111111111
11111111111111111000000000011110110110111100000000000110011001110000000000000000000000000000010011101101110001100000111111111111
11111111111111111000000000011110110110111100000000000110011001110000000000000000000000000000010011101101110001100000111111111111
11111111111111111000000000011110110110111100000000000110011001110000000000000000000000000000010011101101110001100000111111111111
11111111111111111000000000011110110110111100000000000110011001110000000000011000000000000000010011101101110001100000111111111111
11111111111111111000000000011110110110111100000000000110011001110000000000011000000000000000010011101101110001100000111111111111
11111111111111111000000000011110110110111100000000000110011101110000000000000000000000000000010011101101110001100000111111111111
11111111111111111000000000011110110110111100000000000110011101110000000000000000000000000000010011101101110001100000111111111111
11111111111111111000000000011110110110111100000000000110011101110000000000000000000000000000010011101101110001100000111111111111
11111111111111111000000000011110110110111100000000000110011101110000000000000000000000000000010011101101110001100000111111111111
11111111111111111000000000011110110110111100000000000110011101110000000000000000000000000000010011101101110001100000111111111111
11111111111111111000000000011110110110111100000000000110011101110000000000000000000000000000010011101101110001100000111111111111
11111111111111111000000000011110110110111100000000000110011101110000000000000000000000000000010011101101110001100000111111111111
11111111111111111000000000011110110110111100000000000110011101110000000000000000000000000000010011101101110001100000111111111111
11111111111111111000000000011110110110111100000000000110011101110000000000000000000000000000010011101101110001100000111111111111
11111111111111111000000000011110110110111100000000000110011101110000000000000000000000000000010011101101110001100000111111111111
11111111111111111000000000011110110110111100000000000110011101110000000000000000000000000000010011101101110001100000111111111111
11111111111111111000000000011110110110111100000000000110011101110000000000000000000000000000010011101101110001100000111111111111
11111111111111111000000000011110110110111000000000000110011001110000000000000000000000000000010011101101110001100000111111111111
11111111111111111000100000011110110110111100000000000110011001110000000000011000001100000000010011101101110001100000111111111111
11111111111111111000100000011110110110111100000000000110011001110000000000011000001100000000010011101101110001100000111111111111
11111111111111111000100000011110110110111100000000000110011001110000000000011000001100000000010011101101110001100000111111111111
11111111111111111000100000011110110110111100000000000110011001110000000000011000001100000000010011101101110001100000111111111111
11111111111111111000100000011110110110111000000000000110011001110000000000011000001100000000010011101101110001100000111111111111
11111111111111111000100000011111110110111000000000000110011001110000000000011000001100000000011011101101110001100000111111111111
11111111111111111000100000011111110110111000000000000110011001110000000000000000001100000000011011101101110001100000111111111111
11111111111111111000100000011111110110111000000000000110011001110000000000000000001100000000011011101101110001100000111111111111
11111111111111111000100000011111110110111000000000000110011001110000000000000000000000000000011011101101110001100000111111111111
11111111111111111000000000011111110110111000000000000110011001110000000000000000000000010000011011101101110001100000111111111111
11111111111111111000000000011111110110111000000000000110011001110000000000000000000000010000011011101101110001100000111111111111
11111111111111111000000000011111110110111000000000000110011001110000000000000000000000010000011011101101110001100000111111111111
11111111111111111000000000011111110110111000000000000110011001110000000000011000000000010000011011101101110001100000011111111111
11111111111111111000000000011111111110111000000000000110011101110000000000011000000000010000011011101101110001100000011111111111
11111111111111111000000000011111111110111000000000000110011001110000000000000000000000010000010011101101110001100000011111111111
11111111111111111000000000011111111110111000000000000110011001110000000000011000000000010000010011101101110001100000011111111111
11111111111111111000000000011111111110111000000000000110011001110000000000011000001100010000010011101101110001100000011111111111
11111111111111111000000000011111111110111000000000000110011001110000000000011000001100010000010011101101110001100000011111111111
11111111111111111000000000011111111110111000000000000110011001110000000000011000001100010000011011101101110001100000011111111111
11111111111111111000000000011111111110111000000000000110011001110000000000011000001100010000011011101101110001100000011111111111
11111111111111111000000000011111111110111000000000000110011001110000000000011000001100010000011011101101110001100000011111111111
11111111111111111000100000011111111110111000000000000110011001110000000000011000001100010000011011101101110001100000011111111111
11111111111111111000100000011111111110111000000000000110011001110000000000011000001100010000011011101101110001100000011111111111
11111111111111111000000000011111111110111000000000000110011001110000000000011000001100010000011011101101110001100000011111111111
11111111111111111000000000011111111110111000000000000110011001110000000000011000001100010000011011101101110001100000011111111111
11111111111111111001100000011111111110111000000000000110011001110000000000011000001100010000011011101101110001100000011111111111
11111111111111111001100000011111111110111000000000000110011001110000000000011000001100010000011011101101110001100000011111111111
11111111111111111001100000011111111110111000000000000110011001110000000000011000001100010000011011101101110001100000011111111111
11111111111111111000000000011111111110111000000000000110011001110000000000011000001100010000011011101101110001100000011111111111
11111111111111111000000000011111111110111000000000000110011001110000000000011000001100010000011011101101110001100000011111111111
11111111111111111000000000011111111110111000000000000110011001110000000000011000001100010000011011101101110001100000011111111111
11111111111111111000000000011101111110111000000000000110011001110000000000011000001100010000011011101101110000100000011111111111
11111111111111111000000000011101111110111000000000000110011001110000000000011000001100010000011011101101110000100000011111111111
11111111111111111000000000011101111110111000000000000110011001110000000000011000001100010000011011101101110000100000011111111111
11111111111111111000000000011101111110111000000000000110011001110000000000011000001100010000011011101101110000110000011111111111
11111111111111111000000000011101111110111000000000000110011001110000000000011000001100010000011011101101110000110000011111111111
11111111111111111000000000011101111110111000000000000110011001110000000000011000001100010000011011101101111000110000011111111111
11111111111111111000000000011101111110111000000000000110011001110000000000011000001100010000011011101101111000110000011111111111
11111111111111111000000000011101111110111000000000000110011001110000000000011000001100010000011011101101111000110000011111111111
11111111111111111000000000011101111110111000000000000110011001110000000000011000001100010000011011101101111000110000011111111111
11111111111111111001100000011101111111111000000000000110011001110000000000011000001100111000011011101101111000110000011111111111
11111111111111111001100000011101111111111000000000000110011001110000000000011000001100111000011011101101111000110000011111111111
11111111111111110001100000011101111111111000000000001110011001110000000000011000001100111000011011101101111001110000011111111111
11111111111111110001100000011101111111111000000000001110011001110000000000011000001100111000011011101101111001110000011111111111
11111111111111110001100000011101111111111000000000001110011001110000000000011000001100111000011011101101111001110000011111111111
11111111111111110001100000011101111111111000000000001110011001110000000000011000001100111000011011101101111001110000011111111111
11111111111111110001100000011101111111111000000000001110011001110000000000011000001100111000011011101101111001110000011111111111
11111111111111110001100000011101111111111000000000001110011001110000000000011000001100111000011011101101111001110000011111111111
11111111111111110001100000011101111111111000000000001110011001110000000000011000001100111000011011101111111001110000011111111111
11111111111111110001100000011101111111111000000000001110011001110000000000011000001100111000011011101111111001110000011111111111
11111111111111110000000000011101111111111000000000001110011001110000000000011000001100111000011011101111111001110000011111111111
11111111111111110000000000011101111111111000000000001110011001110000000000011000001100111000011011101111111001110000011111111111
11111111111111110000000000011101111111111000000000001110011001110000000000011000001100111000011011101111111001110000011111111111
11111111111111110000000000011101111111111000000000001110011001110000000000011000001100111000011011101111111001110000011111111111
11111111111111110000000000011101111111111000000000001110011001110000000000011000001100111000011011101111111001110000011111111111
11111111111111110000000000011101111111111000000000001110011001110000000000011000001100111000011011111111111001110000011111111111
11111111111111110000000000011101111111111000000000001110011001110000000000011000001100111000011011111111111001110000011111111111
11111111111111110000000000011101111111111000000000001110011001110000000000011000001100111000011011111111111001110000011111111111
11111111111111110000000000111101111111111000000000001110011001110000000000011000001100111000011011111111111001110000011111111111
11111111111111110000000000111101111111111000000000001110011001110000000000011000001100111000011011111111111001110000011111111111
11111111111111110000000000111101111111111000000000001110011001110000000000011000001110111000011011111111111001110000011111111111
11111111111111110001100000011101111111111000000000001110011001110000000000011000001110111000011011111111111001110000011111111111
11111111111111110001100000011101111111111000000000001110011001110000000000011000001110111000111011111111111001110000011111111111
11111111111111110001100000011101111111111000000000001110111001110000000000111000001110111011111111111111111101111100011111111111
11111111111111110001111111111111111111111111111111111111111111111100111111111111111111111111111111111111111111111100011111111111
11111111111111110001111111111111111111111111111111111111111111111100111111111111111111111111111111111111111111111100011111111111
11111111111111110001111111111111111111111111111111111111111111111100111111111111111111111111111111111111111111111100011111111111
11111111111111110001111111111111111111111111111111111111111111111100111111111111001111110111111001111110111111111100011111111111
11111111111111110001111111111011111111011111001111110111111011111100111111111111111111110111111001111100111111111100011111111111
11111111111111110001111111111001111111111111001111110111111011111100111111111111111111111111111001111100111111111100011111111111
11111111111111110001111111111001111111111111001111111111111111111111111111111111111111111111111001111100111111111111111111111111
11111110011111111111111111111001111111111111001111111111111111111111111110111111111111111111111111111111111111111111111111111111
11111111011111111111111111111111111111111111111111111111111111111111111111011111111111111111111111111111111111111111111111111111
11111111011111111111111111111111111111111111111111111111111111111111111111111111011111111111111001111110111111011111111111111111
11111111111111111111111111111111111111111111111111111111111111111111111111111111111111111111111111111111111111111111111111111111
11111111111111111111111111111111111111111111111111111111111111111111111111111111111111111111111111111111111111111111111111111111
11111111111111111111111111111111111111111111111111111111111111111111111111111111111111111111111111111111111111111111111111111111
11111111111111111111111111111111111111111111111111111111111111111111111111111111111111111111111111111111111111111111111111111111
11111111111111111111111111111111111111111111111111111111111111111111111111111111111111111111111111111111111111111111111111111111
11111111111111111111111111111111111111111111111111111111111111111111111111111111111111111111111111111111111111111111111111111111