11111111111111111111111111111111111111111111111111111111111111111111111111111111111111111111111111111111111111111111111111111111
11111111111111111111111111111111111111111111111111111111111111111111111111111111111111111111111111111111111111111111111111111111
11111111111111111111111111111111111111111111111111111111111111111111111111111111111111111111111111111111111111111111111111111111
11111111111111111111111111111111111111111111111111111111111111111111111111111111111111111111111111111111111111111111111111111111
11111111111111111111111111111111111111111111111111111111111111111111111111111111111111111111111111111111111111111111111111111111
11111111111111111111111111111111111111111111111111111111111111111111111111111111111111111111111111111111111011111111111111111111
11111111111111111111111111111111111111111111111111111111111111111111111101111111111111111111111111111111111111111111111111111111
11111111111111111111111111111111111111111111111111111111111111111111111111111111111111111111111111111111111111110111111111111011
11111111111111111111111111111111111111111110111111111111111111111111111111111111111111111111111111111111110011111111111111111111
11111111111111111111111111111111111111111111111111111111111111111111111111111111111111111111111111111111111111101111111111110111
11111111111111111111111111111111111111111111111111111111111111111111111111111111111111111111111111111111111111111111111111111111
11111111111111111111111111111111111111111111111111111111111111111111111111111111111111111111111111111111111111111111111111111111
11111111111111111111111111111111111111111111111111111111111111111111111111111111111111111111111111111111111111111111111111111111
11111111111111111111111111111111111111111111111111111111111111111111111111111111111111111111111111111111111111111111111111111111
11111111111111111111111111111111111111111111111111111111111111111111111111111111111111111111111111111111111111111111111111111111
11111111111111111111111111111111111111111111111111111111111111111111111111111111111111111111111111111111111111111111111111111111
11111111111111111111111111111111111111111101111101110111110111111011011001110111001001101110111111111011111000101101011111111111
11111111111111110011111111111111111111111101100001110111110111111011011001110111001001101110111111101011111000101101011111111111
11111111111111110011111111111111111111111101100001110111110111111011011001110111001001101110111111101011111000101101011111111111
11111111111111110011111111111111111111111101100001110111110111101011011001110111001001101110111111101011111000101101011111111111
11111111111111110011111111111111111111111101100001110111110111101111011001110111001001101110111111101011111000101101011111111111
11111111111111110011101111111111111111111101100001110111110111101111011001110111001001101110111111101011111000101101011111111111
11111111111111110011101111111111111111111101100001110011110111101011011001110111001001101110111111101011111000101111011111111111
11111111111111110011101111111111111111111101100001110011110111101011011001110111001001101110111111101011111000101111111111111111
11111111111111110011101111111111111111111101100001110011110111101011011001110111001001101111111111101111111000101111111111111111
11111111111111110011101111111111111111111101100001110011110111101011001001110111001001101111111111101011111000101111111111111111
11111111111111110011101111111111111111111101100001110011110111101011001001110111001001100111111111101111111000101111111111111111
11111111111111110011101111111111111111111101100001110011110111101111001001110111001001100111111111101111111000101111111111111111
11111111111111110011101111111111111111111101100001110011110111101111001001110111001001100111111111101111111000101111111111111111
11111111111111110011101111111111111111111101100001110011110111101111001001110111001001100111111111101111111000101111111111111111
11111111111111110011101111111111111111111101100001110011110111101111001001110111001101100111111111101111111000101111111111111111
11111111111111110011101111111111111111111100100001110011110111101111001001110111001101100111111111101111111000101111111111111111
11111111111111110011101111111111111111111101100001110011110111101111001001110111001101100111111111101111111000101111111111111111
11111111111111110011101111111111111111111101100001110011110111101111001001110111001001100111111111101111111000101111111111111111
11111111111111110011101111111111111111111100100001110011110111101111001001110111001101100111111111101111111000101111111111111111
11111111111111110011101111111111111111111100100001110011110111101111001001110111001101100111111111101111111000101111111111111111
11111111111111110011101111111111111111111100100001110011110111101111001001110111001101100111111111101111111000101111111111111111
11111111111111110011101111111111111111111100100001110011110111101111001001110111001101100111111111101111111000101111111111111111
11111111111111110011101111111111111111111100100001110011110111101111001001110111001101100111111111101111111000101111111111111111
11111111111111110011101111111111111111111100100001110011110111101111001001110111001101100111111111101111111000101111111111111111
11111111111111110011101111111111111111111100000001110011110111101111001001110111001001100111111111101111111000101111111111111111
11111111111111110011101111111111111111111100000001110011110111101111001001110111001101100111111111101111111000101111111111111111
11111111111111110011101111111111111111111100100001110011110111101111001001110111001101100111111111101111111000101111111111111111
11111111111111110011101111111111111111111100100001110011110111101111001001110111001101100111111111101111111000101111111111111111
11111111111111110011101111111111111111111100100001110011110110101111001001110111001101100111111111101111111000101111111111111111
11111111111111110011101111111111111111111100100001110011110110111111001001110111001101100111111111111111111000101111111111111111
11111111111111110011101111111111111111111100000001110011110110101111001001110111001101100111111111111111111000101111111111111111
11111111111111110011101111111111111111111100000001110011110110101111001001110111001101100111111111111111111000101111111111111111
11111111111111110011101111111111111111111100100001110011110110101111001001110111101101100111111011111111111000101111111111111111
11111111111111110011101111111111111111111100100001110011110110111111001001110111101101100111111011111111111000101111111111111111
11111111111111110011101111111111111111111110100001110011110110111111001001110011101101100111111011111111111000101111111111111111
11111111111111110011101111111111111111111100100001110011110110111111001001110011101101100111111011111111111000101111111111111111
11111111111111110011101111111111111111111110000001110011110110111111001001110011101101100111111011111111111000101111101111111111
11111111111111110011101111111111111111111110000001110011110110111111001001110011101101100111111011111111111000101111111111111111
11111111111111110011101111111111111111111110000001110011110110111111001001110011101101100111111011111111111000101111101111111111
11111111111111110001101111111111111111111110000001110011110110111111001001110011101101100111111011111111111000101111101111111111
11111111111111110001101111011111111111111110000001110011110110111111001001110011101101100111111011111111111000111111101111111111
11111111111111110001101111111111111111111110100001110011110110111111001001110011101101100111111011111111111000101111101111111111
11111111111111110001101111111111111111111110100001110011110110111111001001110011101101100111111011111111111000101111101111111111
11111111111111110001101111111111111111111110100001110011110110111111001001110011101101100111111011111111111000111111101111111111
11111111111111110001101111111111111111111110100001110011110111111111001001110011101101100111111011111111111000111110101111111111
11111111111111110001101111111111111111111110000001110011110111111111001001110011101101100111111011111111111000111110101111111111
11111111111111110001101111111111111111111110000001110011110111111111001001110011101100100111111011111111111000111110101111111111
11111111111111110001101111111111111111111110000001111011110111111111001001110011101100100111111011111111111000111110101111111111
11111111111111110001101111111111111111111110000001111011110111111111001001110011101100100111111011111111111000111110101111111111
11111111111111110001101111111111111111111110000001111011110011111111001001110011101100100111111011111111111000111110101111111111
11111111111111110001101111111111111111111110000001111011110011111111001001110011101100100111111011111111111000111110101111111111
11111111111111110001101111111111111111111110000001111011110010111111001001110011101100100111111011111111111000111110101111111111
11111111111111110001101111111111111111111110000001111011110011111111001001110011101100100111111011111111111000111110101111111111
11111111111111110001101111111111111111111110000001111011110011111111001001110011101100100111111011111101111000111110101111111111
11111111111111110001101111111111111111111110000001111011110011111111001001110011101100100111111011111101111000111110101111111111
11111111111111110001101111111111111111111110000001111011110011111111001001110011101100100111111011111111111000111110101111111111
11111111111111110001101111111111101111111110000001111011110011111111001001110011101100100111111011111111111000111110101111111111
11111111111111110001101111111111101111111110000001111011110011111111001001110011101100100111111011111111111000111110101111111111
11111111111111110001101111111111101111111110000000111011110011111111001001110011101100100111111011111111111000111110101111111111
11111111111111110001101111111111101111111110000000111011110011111111001001110011101100100111111011111111111000111110101111111111
11111111111111110001101111111111101111111110000000111011110011111111001001110011101100100111111011111111111000111110101111111111
11111111111111110001101111111111111111111110000000111011110011111111001001110011101100100111111011111101111000111110101111111111
11111111111111110001101111111111111111111110000000111011110011111111001001110011101100100111111011111101111000111110101111111111
11111111111111110001101111111111111111111110000000111011110011111111001001110011101100100111111011111101111000111110101111111111
11111111111111110001101111111111111111111110000000111011110011111111001001110011101100100111111011111101111000111110101111111111
11111111111111110001101111111111111111111110000000111011110011111111001001110011101100100111111011111101111000111110101111111111
11111111111111110001101111111111111111111110000000111011110011111111001001110011101100100111111011111101111000111110101111111111
11111111111111110001101111111111111111111110000000111011110011111111000001110011101100100111111011111101111000110110101111111111
11111111111111110001101111111111111111111110000000111011110011111111000001110011101100110111111011111101111100000110101111111111
11111111111111110001101111111111111111111110000000111011110011111111001001110011101100110111111011111101111100000110101111111111
11111111111111110001101111111111111111111110000000111011110011111101001001110011101100110111111011111101111100000110101111111111
11111111111111110001101111111111111111111110110000111011110011111101001001110011101100110111111011111101111100000110101111111111
11111111111111110001101111111111111111111110100000111011110011111101001001110011101100110111111011111101111100000110001111100001
11111111111111110001101111111111111111111110000000111011110011111101001001110011101100110111111011111101111100000110101111100000
11111111111111111001101111111111111111111110000000111011110011111101001001110011101100110111111011111101111100000110101111100000
11111111111111111001101111111111111111111110000000111011110011111101001001110011101100110111111011111101111100000110101111100000
11111111111111111001101111111111111111111110000000111011110011111101001101110011101100110111111011111101111100000110101111100000
11111111111111111001101111111111111111111110000000111011110011111101001101110011101100110111111011111101111100000110101111100000
11111111111111111001101111111111111111111110110000111011110011111101001101110011101100110111011011111101111100000110001111100000
11111111111111111001101111111111111111111110110000111011110011111101001101110011101100110111011011111101111100000110001111100000
11111111111111111001101111111111111111111110110000111011110011111101000001110011101100110111011011111101111100000110001111100000
11111111111111011001101111111111111111111110000000111011110011111101000001110011101100110111011011111101111100000110001111100000
11111111111111111001101111111111111111111110110000111011110011111101000001110011101100110111011011111101111100000110001111000000
11111111111111111001101111111111111111111110110000111011110011111101001001110011101100110111011011111101111100000110001111000000
11111111111111011001101111111111111111111110000000111011110011111101001101110011101100110111011011111101111100000110001111100000
11111111111111011001101111111111111111111110000000111011110011111101001100110011100100110111011011111101111100000110001111100000
11111111111111011001101111111101111111111110000000111011110011111101000000110011100100110111011011111101111100000110001111100000
11111111111111011001101111111101111111111110000000111011110011111101001100110011100100110111011011111101111100000110001111100000
11111111111111011001101111111101111111111110110000111011110011111101101100110011100100110111011011111101111100000110001111100000
11111111111111011001101111111101111111111110110000111011110011111101100000110011100100110111011011111101111100000110001111100000
11111111111111011001100111111101111111111110110000111011111011111101100000110011100100110111011011111101111100000110001111100000
11111111111111011001100111111101111111111110110000111011111011111101101100110011100100110111011011111101111100000110001111100000
11111111111111011001100111111101111111111110110000111011111011111101101100110011100100110111011011111101111100000110001111111111
11111111111111011001100111111101111111111110010000111011110011111101100000110011100100110111011011111101111100000110101111111111
11111111111101011001100111111101111111011110110000111011111011111101100000110011100100110111011011111101111100010110101111111111
11111111111101011001100111111101111111011110110000111011111011110101100000111011100100110111011011111101111100111110101111111111
11111111111101011001100111111101111111011110110100111011111011111101101101111111111111111111111111111111111111111110101111111111
11111111111101011111111111111111111111111111111111111111111111111101111111111111111111111111111111111111111111111110101111111111
11111111111101011111111111111111111111111111111111111111111111111101111111111111111111111111111111111111111111111110101111111111
11111111111101011111111111111111111111111111111111111111111111111101111111111111111111111111111111111111111111111110101111111111
11111111111111011111111111111111111111111111111111111111111111110101111111111111011111111111111111111111111111111110101111111111
11111111111101011110111111111111111111111111111111011111111111110101111111111111111111111111111111111110111111111110111111111111
11111111111101011111111111111111111111111111111111111111111111110101111111111111111111111111111001111111111111111111111111111111
11111111111101011111111111011111111111111111111111111111111111111111111111111111111111111111111111111101111111111111111111111111
11111111111111111111111111111111111111111111111111111111111111111111111111111111111111111111111111111111111111111111111111111111
11111111111111111111111111111111111111111111111111111111111111111111111111111111111111111111111111111111111111111111111111111111
11111111111111111111111111111111111111111111111111111111111111111111111111111111111111111111111111111111111111111111111111111111
11111111111111111111111111111111111111111111111111111111111111111111111111111111111111111111111111111111111111111111111111111111
11111111111111111111111111111111111111111111111111111111111111111111111111111111111111111111111111111111111111111111111111111111
11111111111111111111111111111111111111111111111111111111111111111111111111111111111111111111111111111111111111111111111111111111
11111111111111111111111111111111111111111111111111111111111111111111111111111111111111111111111111111111111111111111111111111111
11111111111111111111111111111111111111111111111111111111111111111111111111111111111111111111111111111111111111111111111111111111