11111111111111111111111111111111111111111111111111111111111111111111111111111111111111111111111111111111111111111111111111111111
11111111111111111111111111111111111111111111111111111111111111111111111111111111111111111111111111111111111111111111111111111111
11111111111111111111111111111111111111111111111111111111111111111111111111111111111111111111111111111111111111111111111111111111
11111111111111111111111111111111111111111111111111111111111111111111111111111111111111111111111111111111111111111111111111111111
11111111111111111111111111111111111111111111111111111111111111111111111111111111111111111111111111111111111111111111111111111111
11111111111111111111111111111111111111111111111111111111111111111111111111111111111111111111111111111111111111111111111111111111
11111111111111111111111111111111111111111111111111111111111111111111111111111111111111111111111111111111111111111111111111111111
11111111111111111111111111111111111111111111111111111111111111111111111111111111111111111111111111111111111111111111111111111111
11111111111111111111111111111111111111111111111111111111111111111111111111111111111111111111111111111111111111111111111111111111
11111111111111111111111111111111111111111111111111111111111111111111111111111111111111111111111111111111111111111111111111111111
11111111111111111111111111111111111111111111111111111111111111111111111111111111111111111111111111111111111111111111111111111111
11111111111111111111111111111111111111111111111111111111111111111111111111111111111111111111111111111111111111111111111111111111
11111111111111111110111101011100111111111011111111001111111110111111110111111111111111011111111111111011110111101111111100111111
11111111111111111111111100011100111111111011111111001111111111111111110111111111111111011111111111111011110111101111111100111111
11111111111111111111111101011100111111110011111111001110111111111011111111101111011111111111111001111011111111101111111100111111
11111111111111111111111101011110111111111111111111111111111101111111111111100111001111111111111111111111111111111111111110111111
11111111111111111111111111111111111111111111111111001111111111111111111111110111101111111111111111111111111111111111111111111111
11111111111111111111111111111111111111111111111111111111111111111111111111111111111111111111111101110111111111111111111111111111
11111111111111111111111111111111111111111111111111111111111111111111111111111111111111111111111111111111111111111111111111111111
11111111111111111111111111100111111111111111111111111111111111111111111111111111111111111111111111111111111111111111111111111111
11111111111111111111111000000000111011011011101001111110011111111011111111111111111111111111111111111111111111111111111111111111
11111111111111111111111000000000111011011011100001111110000001111000000011111100011110000011111111111111110000111001111111111111
11111111111111111111111000000000111011011011100001111110000001111000000011111100011110000011011101111110110000110001111111111111
11111111111111111111111000000000111011011011100001111110000111111000000011111100011110000011011101111110110000110001111111111111
11111111111111111111111000000000111011011011100001111110000111110000000011111100011110000011011101111110110000110001111111111111
11111111111111111111111000000000111011011011100001111110000111111000000011111100011110000011011101111110110000110001111111111111
11111111111111111111110000000000111011011011100001111110000111111000000011111100011110000011111101111110110000110001111111111111
11111111111111111111110000000000111011011011100001111110000001111000000011111100011110000011111101111110110000110001111111111111
11111111111111111111110000000000111011011011100001111110000001111000000011101100011110000011111101111110110000110001111111111111
11111111111111111111110000000000111011011011100001111110000001111000000011111100011110000011111101111110110000110001111111111111
11111111111111111111110000000000111011011011100001111110000001111000000011111100011110000011111101111110110000110001111111111111
11111111111111111111110000000000111011011011100001111110000001110000000011111100011110000011011101111110110000110001111111111111
11111111111111111111110000000000111011011011100001111110000001110000000011111100011110000011111101111110110000110001111111111111
11111111111111111111110000000000111011011011100001111110000001110000000011101100011110000011111101111110110000110001111111111111
11111111111111111111110000000000111111011011100001111110000001110000000011101100011110000011111101111110110000110001111111111111
11111111111111111111110000000000111111011011100001111110000001110000000011101100011110000011111101111110110000110001111111111111
11111111111111111111110000000000111111011011100001111110000001110000000011101100011110000011111101111110100000110001111111111111
11111111111111111111110000000000111111011011100001111110000001110000000011111100011110000011111101111110110000110001111111111111
11111111111111111111110000000000111011011011100001111110000001110000000011101100011110000011111101111110110000110001111111111111
11111111111111111111110000000000111011011011100001111110000001110000000011101100011110000011111101111110110000110001111111111111
11111111111111111111110000000000111111011011100001111110000001110000000011101100011110000011111101111110110000110001111111111111
11111111111111111111110000000000111111011011100001111110000001110000000011101100011110000011111101111110110000110001111111111111
11111111111111111111110000000000111111011011100001111110000001110000000011101100011110000011111101111110100000110001111111111111
11111111111111111111110000000000111111011011100001111110000001110000000011101100011110000011111101111110100000110001111111111111
11111111111111111111110000000000111111011011100011111110000001110000000011101100011110000011111101111110100000110001111111111111
11111111111111111111110000000000111111011011100011111110000001110000000011101100011110000011111101111111100000110001111111111111
11111111111111111111110000000000111111011011100001111110000001110000000011101100011110000011111101111110100000110001111111111111
11111111111111111111110000000000111111011011100001111110000001110000000011101100011110000011111101111110100000110001111111111111
11111111111111111111110000000000111111011011100001111110000001110000000011101100011110000010111101111110100000110001111111111111
11111111111111111111110000000000111111011011100001111110000001110000000011101100011110000010111101111110100000110001111111111111
11111111111111111111110000000000111111011011100001111110000001110000000011101100011110000011111101111110100000110001111111111111
11111111111111111111110000000000111111011111100001111110000001110000000011101000111110000011111101111110100000110001111111111111
11111111111111111111110000000000111111111111100001111110000001110000000011101000111110000011111101111110100000110001111111111111
11111111111111111111110000000000111111111111100001111110000001110000000011101100111110000010111101011110100000110001111111111111
11111111111111111111110000000000111111011111100011111110000001110000000011101100111110000010111101011110100000110001111111111111
11111111111111111111100000000000111111011111100011111110000001110000000011101100111110000010111101011110100000110001111111111111
11111111111111111111100000000000111111011111100011111100000001110000000111101100111110000010111111011111100000110001111111111111
11111111111111111111110000000000111111111111100011111100000001110000000111101000111110000010111111011111100000110001111111111111
11111111111111111111110000000001111111111111100011111100000001110000000111101000111110000010111111011110100000110001111111111111
11111111111111111111110000000001111111111111100011111100000001110000000111101000111110000010111101011110100000110001111111111111
11111111111111111111100000000001111111110111100011111100000001110000000111101000111110000010111101011111100000110001111111111111
11111111111111111111100000000001111111110111100011111100000001110000000111101000111110000010111101011111100000110001111111111111
11111111111111111111100000000001111111110111100011111100000001110000000111101000111110000010111101011111100000110001111111111111
11111111111111111111100000000001111111110111100011111100000001110000000111101100111110000010111001011111100000110001111111111111
11111111111111111111100000000001111111110111100011111100000001110000000111101000111110000010111001011110100000110001111111111111
11111111111111111111100000000001111110110111100011111100000001110000000111101000111110000010111001011110100000110001111111111111
11111111111111111111100000000001111110110111100011111100000001110000000111101000111110000010111001011110100000110001111111111111
11111111111111111111100000000001111110110111100011111100000001110000000111101000111110000010111111011111100000110001111111111111
11111111111111111111100000000001111111110111100011111100000001110000000111101000111110000010111111011111100000110001111111111111
11111111111111111111100000000001111111110111100011101100000001110000000111101000111110000110111111011111100000110001111111111111
11111111111111111111100000000001111111110111100011101100000001110000000111101000111110000110111111011110100000110001111111111111
11111111111111111111100000000001111111110111100011111100000001110000000111111000111110000010111011011110100000110001111111111111
11111111111111111111100000000001111110110111100011111100000001110000000111111000111100000110111011011111100000110001111111111111
11111111111111111111100000000001111110110111000011101100000001110000000111111000111100000110111111011111100000110001111111111111
11111111111111111111100000000001111110110111000011101100000001110000000111111000111100000110111111011111100000110001111111111111
11111111111111111111100000000001111110110111000011101100000001110000000111111000111110000110111111011111100000110001111111111111
11111111111111111111100000000001110110110111000011101100000001110000000111111000111110000110111011011101100000110001111111111111
11111111111111111111100000000001110110110111000011101100000001110000000111111000111110000110111011011101100000110001111111111111
11111111111111111111100000000001110110110111000011101100000001110000000111111000111100000110111111011111100000110001111111111111
11111111111111111111100000000001110110110111000011101100000001110000000111111000111100000110111111011111100000110001111111111111
11111111111111111111100000000001110110110111000011101100000001110000000111111000111100000110111111011111100000110001111111111111
11111111111111111111100000000001110110110111000011101100000001110000000111111000111100000110111011011111100000110001111111111111
11111111111111111111100000000001110110110111000011101100000001110000000111011000111100000110111011011111100000110001111111111111
11111111111111111111100000000001110110110111000011101100000001110000000111111000111100000110111011011111100000110001111111111111
11111111111111111111100000000001110110110111000011101100000001110000000111111000111100000110111011011111100000110001111111111111
11111111111111111111100000000001110110110111000011101100000001110000000111011000111100000110111011011111100000110001111111111111
11111111111111111111100000000001110111110111000011101100000001110000000111011000111100000110111011011111100000110001111111111111
11111111111111111111100000000001110111111111000011101100000001110000000111011000111100000110111011011111100000110001111111111111
11111111111111111111100000000011110111111111000011101100000001110000000111011000111100000110111011011111100000110001111111111111
11111111111111111111100000000011110111111111000011101100000001110000000111011000111100000110111011011111100000110001111111111111
11111111111111111111100000000011110111111111000111101100000001110000000111011000111100000110111011011111100000110001111111111111
11111111111111111111100000000011110111111111000111101000000001110000000111011000111100000110111011011111100000110001111111111111
11111111111111111111100000000011110111111111000111101000000001110000000111011000111100000110111011011111100000110001111111111111
11111111111111111111100000000011110111111111000111101000000001110000000111011000111100000110111011011111100000110001111111111111
11111111111111111111100000000011110111111111000111101000000001110000000111011000111100000110111011011111100000110001111111111111
11111111111111111111100000000011110111111111000111101000000001110000000111011000111100000110111011011111100000110001111111111111
11111111111111111111100000000011110111111111000111111000000011110000000111011000111100000110111011011111100000110001111111111111
11111111111111111111100000000011110111111111000111111000000011110000000111011000111100000110111011011111100000110001111111111111
11111111111111111111100000000011110111111111000111111000000011110000000111011000111100000110111011011101100000110001111111111111
11111111111111111111100000000011110111111111000111111000000011110000000111011000111100000110111011011101100000110001111111111111
11111111111111111111100000000011110101111111000111111000000011110000000111011000111100000110111011011111100000110001111111111111
11111111111111111111100000000011111101111111000111111000000011110000000111011000111100000110111011011111100000110001111111111111
11111111111111111111100000000011111101111111000111111000000011110000000111011000111100000110111011011111100000110001111111111111
11111111111111111111100000000011111101111111000111111000000011110000000111011000111100000110111011011101100000110001111111111111
11111111111111111111100000000011111101111111000111011000000011110000000111011000111100000110111011011101100000110001111111111111
11111111111111111111100111111111111111111111111111111111111111111100011111111111111111111111111111111111110000110001111111111111
11111111111111111111100111111111111111111111111111111111111111111100011111111111111111111111111111111111111111110001111111111111
11111111111111111111100111111111111111111111111111111111111111111110011111111111111111111111111111111111111111110001111111111111
11111111111100111111100111011111101111110111111111111111111111111110011111111111111111111111111111111111111111110001111111111111
11111111111111011111100111011111001111111111111111111111111111111110011111011111111111111111111011111101111101110001111111111111
11111111111111011111100111011111001111111111111111111011111101111100011111011111011111111111111111111111111000110001110111111111
11111111111100111111111111011111001111111111111111111011111101111111111111111111011111111111111111111111111100110001110111111111
11111111111110111111111111111111111111111111111111111001111100011111111111111110111111111111110111111011111100111111110111111111
11111111111111111111111111111111001111111111111111111111111111111111111111111111001111101111111111111011111101111111110111111111
11111111111111111111111111111111111111111111111111111111111111111111111111111111111111101111111111111111111101111111111111111111
11111111111111111111111111111111111111111111111111111111111111111111111111111111111111111111111111111111111111111111111111111111
11111111111111111111111111111111111111111111111111111111111111111111111111111111111111111111111111111111111111111111111111111111
11111111111111111111111111111111111111111111111111111111111111111111111111111111111111111111111111111111111111111111111111111111
11111111111111111111111111111111111111111111111111111111111111111111111111111111111111111111111111111111111111111111111111111111
11111111111111111111111111111111111111111111111111111111111111111111111111111111111111111111111111111111111111111111111111111111
11111111111111111111111111111111111111111111111111111111111111111111111111111111111111111111111111111111111111111111111111111111
11111111111111111111111111111111111111111111111111111111111111111111111111111111111111111111111111111111111111111111111111111111
11111111111111111111111111111111111111111111111111111111111111111111111111111111111111111111111111111111111111111111111111111111
11111111111111111111111111111111111111111111111111111111111111111111111111111111111111111111111111111111111111111111111111111111
11111111111111111111111111111111111111111111111111111111111111111111111111111111111111111111111111111111111111111111111111111111
11111111111111111111111111111111111111111111111111111111111111111111111111111111111111111111111111111111111111111111111111111111
11111111111111111111111111111111111111111111111111111111111111111111111111111111111111111111111111111111111111111111111111111111
11111111111111111111111111111111111111111111111111111111111111111111111111111111111111111111111111111111111111111111111111111111