11111111111111111111111111111111111111111111111111111111111111111111111111111111111111111111111111111111111111111111111111111111
11111111111111111111111111111111111111111111111111111111111111111111111111111111111111111111111111111111111111111111111111111111
11111111011111111111111111111111111111011111111111111111111111111111111111111111111111111111111111111111111111111111111111111111
11111111111111111111111111111111111111111111111111111111111111111111111111111111111111111111111111111111111111111111111111111111
11111111111111111110111111111111111111111111111111111111111111111111111111111111111111111111111111111111111111111111111111111111
11111111111111101111111111111111111111111110111111111111111111111111111111111101111111111111111111111111111111111111111111111111
11111111111111111111101111111111011111111111111111111111111111111111111111111111111111111111111111111111111111111111111111111111
11111111111111111111111111111111111111111111111111111111111111111111111111111111111111111111111111111111111111111111111111111111
11111111011111111111111111111111111111111111111111111111111111111111111111111111111111111111111111111111111111111111111111111111
11111111111111111111111111111111111111111111111111111111111111111111111111111111111111111111111111111111111111111111111111111111
11111111111111111111111111111111111111111111111111111111111111111111111111111111111111111111111111111111111111111111111111111111
11111111111111111111111111111111111111111111111111111111111111111111111111111111111111111111111111111111111111111111111111111111
11111111111111111111111111111111111111111111111111111111111111111111111111111111111111111111111111111111111111111111111111111111
11111111111111111111111111111111111111111111111111111111111111111111111111111111111111111111111111111111111111111111111111111111
11111111111111110111111111111111111111111111111111111111111111111111111111111111111111111111111111111111111111111111111111111111
11111111110111100011011110111111011111100111111111100011000111111111111001111011011111111111111111111111111111111111111111111111
11111111110111100011011110111111011111100111111111100011000111111111011001111011011110011011101100111011110111111111111111111111
11111111110111100011011110111111011111100111111111100011000111111111011001111011011110011111101100111011110111111111111111111111
11111111110111100011011110111111111111100111111111100011000111111111011001111011011110011111101100111011100111111011111111111111
11111111110111100011011110111111111111100111111011100011000111111111011001111011011110011111101100111011100111111011111111111111
11111111110111100011011110111111011111100111111011100011000111111111011001111011011110011111101100111011100111111011111111111111
11111111110111100011011110111111011111100111111011100111000110111111011001111011011110011111101100111011100111111111111111111111
11111111110111100011011110111111111111100111111011100111000110111111011001111011011110011111101100111011100111111111111111111111
11111111110111100010011110111111111111100111111011100011000110111111011001111011011110011111101100111011100111111011111111111111
11111111110111100011011110111111111111100111111011100011000110111111011001110011011110011111101100111011100111111011111111111111
11111111110111100010011110111111111111100111111011100111000110111111011001110011011110011111101100111011100111111011111111111111
11111111110111100010011110111111111111100111111011100111000110111111011001110011011110011111101100111011100111111011111111111111
11111111110111100010011110111111111111100111111011100111000110111111011001110011011110011111101100111011100111111011111111111111
11111111110111100010011110111111111111100111111011100111000110111111011001110011011110011111101100111011100111111011111111111111
11111111110111100010011110111111111111100111111011100111000110111111011001110011011110011111101100111011100111111011111111111111
11111111110111100010011110111111111111100111111011100111000110111111011001110011011110011111101101111011100111111011111111111111
11111111110111100010011110111111111111100111111011100110000110111111111001110011011110011111101100111011100111111111111111111111
11111111110111100010011110111111111111100111111011100110000110111111111001110011011110011111101100111011100111111111111111111111
11111111110111100010011110111111111111100111111011100110000110111111111001110011011110011111101100111011100111111111111111111111
11111111110111100010011110111111111111100111111011100110000111111111111001110011011110011111101101111011100111111111111111111111
11111111110111100011011110111111111111100111111011100110000111111111111001110011011110011111101101111011100111111111111111111111
11111111110111100010011110111111111111100111111011100110000111111111111001110011011110011111101101111011100101111111111111111111
11111111110111100010011110111111111111100111111011100110000111111111111001110011011100011111101101111011100101111111111111111111
11111111110111100010011110111111111111100111111011100110000111111111110001110011011100011111101101111011100101111111111111111111
11111111110111100010011110111111111111100111111011100110000111111111110001110011011100011111101101111011100101111111111111111111
11111111110111100010011110111111111111100111111011100110000111111111110001110011011100011111101101111011100101111111111111111111
11111111110111100010011111111111111111100111111011100110000111111111110001110011011110011111101101111011100101111111111111111111
11111111110111100010011111111111111111100111111111100110000111111111110001110011011100011111101101111011100101111111011111111111
11111111110111100010011111111111111111100111111111100110000111101111110001110011011100011111101101111011100101111111010111111111
11111111110111100010011111111111111111100111111111100110000111111111110001110011011100011111101101110011100101111111010111111111
11111111110111100010011111111111111111100111111111100110000111101111110001110011011100011111101101111011100101111111010111111111
11111111110111100010011111111111111111100111111111100110000111101111110001110011011100011111101101110011100101111111010111111111
11111111110111100010011110111111111111101111111111100110000111101111110001110011011100011111001101110011101101111111010111111111
11111111110111100010011111111111111111100111111111100110000111101111110001110011011100011111101101110011101101111111010111111111
11111111110111100010011111111111111111100111111111100110000111101111110001110011011100011111001101110011101101111111010111111111
11111111110111100010011110111111111111101111111111100110000111101111110001110011011100011111001101110011101101111111010111111111
11111111110111100110011111111111111111101111111111100110000111101111110001110011011100011111001001110011101101111111010111111111
11111111110111100010011111111111111111101111111111100110000111101111110001110111011100011111001001110011101101111111010111111111
11111111110111100010011111111111111111101111111111100110000111101111110001110111011100011111001001110011101101111111010111111111
11111111110111100010011111111111111111101111111111100110000111101111110001110011011100011111001001110011101101111111010111111111
11111111110111100010011111111111111111101111111111100110000111101111110001110111011100011111001001110011101101111111010111111111
11111111110111100010011111111111111111101111111111100110000111101111110001110111011100011111001001110011101101111111010111111111
11111111110111100110011111111111111111101111111111100110000111111111110001110110011100011111001001110011101101111111010111111111
11111111110111100010011111111111111111101111111111100110000111111111110001110110011100011111001001110011101101111111010111111111
11111111110111100110011111111111111111101111111111100110000111111111110001110110011100011111001001110011101101111111110111111111
11111111110111100110011111111111111111101111111111100110000111111111110001110110011100011111001001110011101101111111010111111111
11111111110111100110011111111111111111101111111111100110000111111111110001110110011100011111001001110011101111111111010111111111
11111111110111100010011111111111111111101111111111100110000111111111110001110110011100011111001001110011101111111111110111111111
11111111110111100010011111111111111111101111111111100110000111111111110001110110011100111111001001110011101111111111010111111111
11111111110111100110011111111111111111101111111111100110000111111111110001110110011100111111011001110011101111111111010111111111
11111111110111100110011111111111111111101111111111000110000111111011110001110110011100111111011001110011101111111111110111111111
11111111110111100110011111111111111111101111111111000110000111111011110001110110011100111111011101110011101111111111110111111111
11111111110111100010011111111111111111101111111111100110000111111011110001110110011100111111011101110011101111111111110111111111
11111111110111100010011111111111111111101111111111000110000111111011110001110110011100111111011001110011101111110111110111111111
11111111110111100110011111111111111111101111111111000110000111111011110001110110011100111111011001110111101111110111110111111111
11111111110111100110011111111111111111101111111111000110000111111011110001110110011100110111011001110111101111110111110111111111
11111111110111100110011111111111111111101111111111000110000111111011110001110110011100111111011001110111101111110111110111111111
11111111110111100110011111111111111111101111111111000110000111111011110011110110011100110111011001110111001111110111110111111111
11111111110111100110011111111111111111101111111111000110000111111011110001110110011100110111011001110111001111110111110111111111
11111111110111100110011111111111111111101111111111000110000111111011110011110110011100110111011001110111001111110111111111111111
11111111110111100110011111111111111111101111111111000110000111111011110011110110011100110111011001110111001111110111111111111111
11111111110111100110011111111111111111101111111111000110000111111011110011110110011100110111011001110111101111110111111111111111
11111111110111100110011111111111111111101111111111000110000111111011110011110110111100110111011001110111001111110111111111111111
11111111110111100110011111111111111111101111111111000110000111111011110011110110111100110111011001110111001111110111111111111111
11111111110111100110011111111111111111101111111111000110000111111011110011110110111100110111011001110111001111110111111111111111
11111111110111100110011111111111111111101111111111000110000111111011110011110110111100111111011001110111001111110111111111111111
11111111110111100110011111111111111111101111111111000110000111111011110011110110111100111111011001110111001111110111111111111111
11111111110111100110011111111111111111101111111111000110000111111011110011110110111100110111011001110111001111110111111111111111
11111111110111100110011111111111111111101111111111000110000111111011110011110110111100111111011001110111001111110111001111111111
11111111110111100110011111110111111111101111111111000110000111111011110011110110111100111111011001110111001111110111111111111111
11111111110111100110011111110111111111101111111111000110000111111011110011110110111100111111011001110111001111110111111111111111
11111111110111100110011111110111111101101111111111000110000111111011110011110110111100111111011001110111001111110111111111111111
11111111110111100110011111110111111101101111111111000110000111111110110011110110111100111111011001110111001011110111111111111111
11111111110111100110011111110111111101101111111111000110000111111110110011110110111100111111011001110111001011110111111111111111
11111111111111100110011111110111111101101111111111000110000111111010110011110110111100111111011001110111001011110111111111111111
11111111110111100110011111110111111101101111011111000110000111111010110011110110111100111111011001110111001111110110111111111111
11111111110111100110011111110111111101101111111111000110000111111010110011110110111100111111011001110111001111110111111111111111
11111111110111100110011111110111111101101111111111000110001111111110110011100110111100111111011001110111001011111111101111111111
11111111110111100110011111110111111101101111011111000110000111111110110011100110111100111111011001110111001011111110101111111111
11111111110111100110011111110111111101101111011111000110000111111110110011100110111100111111011001110111001011111110101111111111
11111111110111100110011111110111111101101111011111000110001111111110110011100110111100111111011011110111001011111110101111111111
11111111110111100110011111110111111101101111011111000110001111111110110011100110111100111111011011110111001011111110101111111111
11111111110101100110011111110111111101101111011111000110001111111110110011100110111100111111011001110111001011111110101111111111
11111111110101100110011111110111111101101111011111000110001111111110110011100110111100111111011011100111001011111110101111111111
11111111110111100110011111110111111101101111011111000110001111111110110011100110111100111111011011100111001011111110101111111111
11111111110111100110011111110111111101101111011111000110001101111110110011100110111100111111011011100111001011111110101111111111
11111111110111100110011111110111111101101111011111000110001101111110110011100110111100111111011011100111001011111110101111111111
11111111110111100110011111110111111101101111011111000110001101111110110011100110111000111111011011100111001011111110101111111111
11111111110111100110011111110111111101101111011111000110001101111110110011100110111000111111011011100111001011111110101111111111
11111111110111100110011111110111111101101111011111000110001101111110110011100110111000111111011011100111011011111110101111111111
11111111110111100110011111110111111101101111011111000110001101111110110011100110111000111110011011100111001011111110101111111111
11111111110111100110011111110111111101101111011111000110001101111110110011100110111000111110011011100111001011111110101111111111
11111111110111100110011111110111111101101111011111000110001101111110100011100110111000111110011011100111001011111110101111111111
11111111110111100110011111110111111101101111011111000110001101111110100011100110111000111110011011100111001011111110001111111111
11111111110111100110011111110111111101101111011111000110001101111110100011100110111000111110011011100111001011111110001111111111
11111111110111100110011111110111111101101111011111000110001101111110100011100110111000111110011011100111001011111110001111111111
11111111110111100110011111110111111101101111011111000110001101111110100011100110111000111110011011100111001011111110101111111111
11111111110111100110011111110111111101101111011111000110001101111110100011100110111000111110011011100111000011111110101111111111
11111111110111100110011111110111111101101111011111000110001101111111100011100110111000111110011011100111000011111110101111111111
11111111110111110111111111111111111101101111011111000110001101111111100011100110111000111110011011100111011011111110101111111111
11111111110111111111111111111111111111111111111111111111111111111111110011101110111000111110011011100111011011111110101111111111
11111111110101111111111111111111111111111111111111111111111111111111111111111111111111111111111111111111111111111110101111111111
11111111110111111111111111111111111111111111111111111111111111111111111111111111111111111111111111111111111111111110101111111111
11111111110111111111111111111111111111111111111111111111111111111111111111111111111111111111111111111111111111111110001111111111
11111111110111111101111111111111111111111111111101111111111111111111111111111111111111111111111111111111111111111111101111111111
11111111111111111111111111111111111111111111111111111111101111011111111111111111111111111111111111111111111111011110101111111111
11111111111111111111111111111111111111111111111111111111111111111111111111111111111111111111111111111101111111101111101111111111
11001111111111111111111111111111111111111111111111011111011111111111111111111111111111111111111111111111111111111111111111111111
11111111111111111111111111111111111111111111111111011111111111111111111111111111111111111111111111111111111111111111111111111111
11111111111111111111111111111111111111111111111111111111111111111111101111111111111111101111111111111111111111111111111111111011
11111111111111111111111111111111111111111111111111111111111111111111111011111111111111111111111111111111111111111111111111111111
11111111111111111111111111111111111111111111111111111111111111111111111111111011111111111111101111111111111111111111111111101111
11111111111111111111111111111111111111111111111111111111111111111111111111111111111111111111111111111111111111111111111111111111