11111111111111111111111111111111111111111111111111111111111111111111111111111111111111111111111111111111111111111111111111111111
11111111111111111111111111111111111111111111111111111111111111111111111111111111111111111111111110111111111111111111111111111111
11111111111111111111111111111111111111111111111111111111111111111111111111111111111111111111111111111111111111111111111111111111
11111111111111111111111111101111110111111111111111111111111111111111111111111111111111111111111111111111111111111111111111111111
11111111111111111111111111111111111111111111111111111111111111111111111111111111111111111111111111111111111111111001111111111111
11111111111111111101111111111111111111111111111111111111111111111111111111111100011111111111111111111111111101111111111111111111
11111111111111111101111111111111111111111111111111111111111111111111111111111111111111111100111111111111111111111111111111111111
11111111111100011111111111101111111111111111111111111111111111111111111111111111111111111111111111111111111111111111111111111111
11111111111111111111011111111111111111111111111111111111111111111111111111111111111111111111111111111111111111111111111111111111
11111111111111111111111111111111111111111111111111111111111111111111111111111111111111111111111111111111111111111111111111111111
11111111111111111111111111111111111111111111111111111111111111111111111111111111111111111111111111111111111111111111111111111111
11111111111111111111111111111111111111111111111111111111111111111111111111111111111111111111111111111111111111111111111111111111
11111111111111111111111111111111111111111111111111111111111111111111111111111111111111111111111111111111111111111111111111111111
11111111111111111111111111111111111111111111111111111111111111111111111111111111111111111111111111111111111111111111111111111111
11111111111111111111111111111111111111111111111111111111111111111111111111111111111111111111111111111111111111111111111111111111
11111111111111111111111111111111111111111111111111111111111111111111111111111111111111111111111111111111111111111111111111111111
11111111111111111111111111111111111111111111111111111111111111111111111111111111111111111000101110011111111111111111111111111111
11111111111111111111111111111111111111111111111110011101100110111101110011110011101111111000101110011111111111111111111111111111
11111111111111111111111111111111111111111110111110001101100110111101110011110011101111111000101110011011111111111101111111111111
11111111111111100110111111111110111111111110111110001101100110111101110011110011101111111000101110011011111111111101111111111111
11111111111111100110111111111110111111111110111110001101100010111101111011110011111111111000101110011011111111111101111111111111
11111111111101100110111111111110111111111110111110001101100010111101111011110011111111111000111110011011111111111101111111111111
11111111111101100110111111111110111111111110111110001101100011111101111011110011111111111000111110011011111111111101111111111111
11111111111101100110111111111110111111111110111110001101100011111101111011110001111111111000111110001011111111110101111111111111
11111111111101100110111111111110111111111110111110001101100011111101111011110001111111111000111110001011111111110101111111111111
11111111111101100110111111111110111111111110111110001101100011111101111011110001111111111000111110001011111111110101111111111111
11111111111101100110111111111110111111101110111110001101100011111101111011110001111111111000111110001011111111110101111111111111
11111111111101100110111111111110111111101110111110001101100011111100111011110001111111111000111110001011111111110101111111111111
11111111111111100110111111111111111111101110111110001101100011111100111011110001111111111000111110001011111111110101111111111111
11111111111111100110111111111111111111101110111110001101100011111100111011110001111111111000111110001011111111110101111111111111
11111111111111100110111111111111111111101110111110001101100011111100111011110001111111111000111110001011111111110101111111111111
11111111111111100110111111111111111111101110111110001101100011111100111011110001111111111000111110001011111111110101111111111111
11111111111111100110011111111111111111111110111110001101100011111100111011110001111111111000111110001011111111110101111111111111
11111111111111100110011111111111111111111110111111001101100011111100111011110001111111111000111110001011111111110101111111111111
11111111110111100110011111111111111111111110111111001101100011111100111011110001111111011100111110001011111111111111111111111111
11111111110111100110011111111111111111111110111111001101100011111100111011110001111111011100111110001011111111111111111111111111
11111111110111100110011111111111111111111110111111001101100011111100111011110001111111011100111110001111111110111111111111111111
11111111110111100110011111111111111111111110111111001101100011111100111011110001111111011100111110001111111110111111111111111111
11111111110111100110011111111111111111111110111111001101100011111100111011110001111111011100111110001111111110111111111111111111
11111111110111100110011111111111111111111110111111001101100011111100111011110001111111011100111110001111111110111111111111111111
11111111111111100110011111111111111111111110111111001100100011111100111011110001111111011100111110001111111110111111111111111111
11111111111111100110011111111111111111111110111111001100100011111100111011010001111111011100111110001111111110111111111111111111
11111111111111100110011111110111111111111110110111001100100011111110111011010001111111011100111110001111111110111111111111111111
11111111111111100110011111111111111111111110110111001100100011110110111011011001111111111100111110001111111111111111111111111111
11111111111111100110011111110111111111111110110111001100100011110110111011011001111111111100111110001111111111111111111111111111
11111111111111100110011111110111111111111110110111001100110011110110111011011001111111111100111110001111111111111111111111111111
11111111111111100110011111110111111101111110110111001100110011110110111011011001111111111100111111001111111111111111111111111111
11111111111111100111011111111111111101111110110111001100110011110110111011011001111111111100111111001111111111111111111111111111
11111111111111100111011111111111111101111110110111001100110011110110111011011001111111111100111111001111111111111111111111111111
11111111111111100011011111111111111101111110110111001100110011110110111011011001111111111100110111001111111111111111111111111111
11111111111111100011011111111111111101111110111111001100110011110110111011011001111111111100110111001111111111111111111111111111
11111111111111100011011111111111111111111110111111001100110011110110111011011001111111111100110111001111101111111111111111111111
11111111111111100011011111111111111111111110011111001100110011110110111001111001111111111100110111001111101111111111111111111111
11111111111111100011011111111111111111111110011111001100110011110110111001111001111111111100110111001111101111111111111111111111
11111111111111100011011111111111111111111110011111001100110011110110111001111001111111111100110111001111101111111111111111111111
11111111111111100011011111111111111111111110011111001100110011110110111001111001111111111100110111001111101111111111111111111111
11111111111111100011011111111111111111111110011111001100110011110110111001111001110111111100110111001111101111111111111111111111
11111111111111100011011111111111111111111110011111001100110011010110111001111001110111111100110111001111101111111111111111111111
11111111111111100011011111111111111111111110011111001100110011010110111001111001110111111100110111001111101111111111111111111111
11111111111111100011011111111111111111111110011111001100110011011110111001111001110111111100010111001111101111111111111111111111
11111111111111100011011111111111111111111110011111001100110011011110111001111001110111111100010111001111101111111111111111111111
11111111111111100011011111111111111111111110011111000100110011011110111001111001110111111100010111001111101111111111111111111111
11111111111111100011011111111111111111111110011111000110110011011110111001111001110111111100010111001111101111111111111111111111
11111111111111100011011111111111111111111110011111000110110011011110111001111001110111111100010111001111101111111111111111111111
11111111111111100011011110111111111111111110011111000110110011011110111001111001110111111100010111001101101111111111111111111111
11111111111111100011011110111111111111111110011111000110110011011110111001111001110111111100010111001101111111111111111111111111
11111111111111100011011111111111111111111110011111000110110011011110111001111001110111111100010111001101111111111110111111111111
11111111111111100011011111111111111111111110011111000110110011011110111001111001111111111100010111001101111111111110111111111111
11111111111111100011011111111111111111111111011111000110110011011110111001111001111111111100011111001101111111111010111111111111
11111111111111100011011111111111111111111111011111000110110011011110111101111001111111111100011111001101111111111110111111111111
11111111111111100011011111111111111111111111011111000110110011011110111101111001111111111100011111000101111111111110111111111111
11111111111111100011011111111111111111111111011111000110110001011110111101111001111111111100011111000101111111111010111111111111
11111111111111100011011111111111111111111111011111000110110001011110111101111001111111111100011111000101111111111010111111111111
11111111111111100011011111111111011111111111011111000110110001111110111101111001111111111100011111000101111111111010111111111111
11111111111111110011011111111111011111111111011111000110110001111110111101111000111111111100011111000101111111111010111111111111
11111111111111110011011111111111011111111111011111000110110001111110111101111000111111111100011111000101111111111010111111111111
11111111111111110011011111111111011111111111011111000110110001111110111101111000111111111100011111000101111111111010111111111111
11111111111111110011011111111111011111111111011111000110110001111110111101111000111111111100011111000101111111111010111111111111
11111111111110110011011111111111011111111111011111000110110001111110111101111000111111111100011111000101111111111010111111111111
11111111111110110011011111111111011111111111011111000110110001111110011101111000111111111100011111000101111111111010111111111111
11111111111110110011011111111111011111110111011111000110110001111110011101111000111111111100011111000101111111111010111111111111
11111111111110110011011111111111011111110111011111000110110001111110011101111000111111111100011111000101111111111010111111111111
11111111111110110011011111111111011111110111011111000110110001111110011101111000111111111100011111000101111111111010111111111111
11111111111110110011011111111111011111110111011111000110110001111110011101111000111111111100011111000101111111111010111111111111
11111111111110110011011111111111011111110111011111000110110001111110011101111000111111111100011111000101111111111110111111111111
11111111111110110011011111111111011111110111011111000110110001111110011101111000111111111100011111000101111111111111111111111111
11111111111110110011011111111111111111110111011111000110110001111110011101111000111111111110011111000101111111111111111111111111
11111111111110110011011111111111111111110111011111100110110001111110011101111000111111111110011111000101111111111111111111111111
11111111111110110011011111111111111111111111011111100110110001111110011101111000111111111110011111000101111111011111111111111111
11111111111111110011001111111111111111111111011111100110110001111110011101111000111111111110011111000101111111011111111111111111
11111111111011110011001111111111111111111111011111100110110001111110011101111000111111101110011111000111111111011111111111111111
11111111111011110011001111111111111111111111011111100110110001111110011101111000111111101110011111000111111111011111111111111111
11111111111011110011001111111111111111111111011111100110110001111110011101111000111111101110011111000111111111011111111111111111
11111111111011110011001111111111111111111111011111100110110001111110011101111000111111101110011111000111111111011111111111111111
11111111111011110011001111111111111111111111011111100110110001111110011101111000111111101110011111000111111111011111111111111111
11111111111011110011001111111111111111111111011111100110110001111110011101111000111111101110011111000111111111111111111111111111
11111111111011110011001111111111111111111111011111100110110001111110011101101000111111101110011111000111111111111111111111111111
11111111111011110011001111111111111111111111011011100110010001111111011101101000111111101110011111000111111111111111111111111111
11111111111111110011001111111011111111111111011011100110010001111011011101101000111111101110011111000111111111111111111111111111
11111111111111110011001111111011111111111111011011100110010001111011011101101000111111111110011111000111111111111111111111111111
11111111111111110011001111111011111111111111011011100110011001111011011101101100111111111110011111000111111111111111111111111111
11111111111111110011001111111011111110111111011011100110011001111011011101101100111111111110011111000111111111111111111111111111
11111111111111110011001111111011111110111111011011100110011001111011011101101100111111111110011111000111111111111111111111111111
11111111111111110011001111111011111110111111011011100110011001111011011101101100111111111110011111100111111111111111111111111111
11111111111111110011001111111011111110111111011011100110011001111011011101101100111111111110011011100111111111111111111111111111
11111111111111110001101111111011111110111111011111100110011001111011011101101100111111111110011011100111111111111111111111111111
11111111111111110001101111111011111110111111011111100110011001111011011101101100111111111110011011100111110111111111111111111111
11111111111111110001101111111111111110111111011111100110011001111011011101101100111111111110011011100111110111111111111111111111
11111111111111110001101111111111111110111111001111100110011001111011011101101100111111111110011011100111110111111111111111111111
11111111111111110001101111111111111110111111001111100110011001111011011101101100111111111110011011100111110111111111111111111111
11111111111111110001101111111111111110111111001111100110011001111011011101101100111111111110011011100111110111111111111111111111
11111111111111110001101111111111111111111111001111100110011001111011011100101100111111111110011011100111110111111111111111111111
11111111111111110001101111111111111111111111001111100110011001101011011100111100111111111110011011100111110111111111111111111111
11111111111111110001101111111111111111111111001111100110011001101111011100111100111111111110011011100111111111111111111111111111
11111111111111110001101111111111111111111111001111100110011001101111011100111100111111111111111111111111111111111111111111111111
11111111111111110001101111111111111111111111001111100110011001101111111111111111111111111111111111111111111000011111111111111111
11111111111111110001101111111111111111111111111111111111111111101111111111111111111111111111101111110011111111011111111111111111
11111111111111111111111111111111111111111111111111111111111111101111111111111111111111111111111111111111111111011111111111111111
11111111111111111111111111111111111111111101111110001111111111101111111011111111111111111111111111111111111111111111011111111111
11111111111111111000001111111111111110111111111111111111111111101111111111111011111111111111111111111110111111111111011111111111
11111111111111111111101111111111111111111111111111111111111111101111111111111111111111111110111111111111111111111111011111111111
11111111111111111111111111111111111111111111111111111111111111101111111111111111111111111111111011101101111111111111011111111111
11111111111111111111011111111111111111111111111111111111100111101111111111111111111111111111000111111001111111111111111111111111
11111111111111111111111111000111111111111110111111111111111111101111111111110111111111111111110111111111111111111111111111111111
11111111111111111111111111111111111111111101111111111111111111111111111111110000111111111111110111111111111111111111111111111111
11111101111111111111111111111111110111111111111111111111111101111111111111111110111111111111111111111111111111111111111111111111
11111101111111111111111111111111111111111111111111111111111111111111111111111111111111111111111111111111111111111111111111111111
11111111111111111111111111111111111111111111111101111111111111111111111111111111111111111111111111111111111111111111111111111111