00111111111111111111111111111111111111111111111111111111111111111111111111111111111111111111111111111111111111111111111111100000
00111111111111111111111111111111111111111111111111111111111111111111111111111111111111111111111111111111111111111111111111100000
00111111111111111111111111111111111111111111111111111111111111111111111111111111111111111111111111111111111111111111111111100000
00111111111111111111111111111111111111111111111111111111111111111111111111111111111111111111111111111111111111111111111111100000
00111111111111111111111111111111111111111111111111111111111111111111111111111111111111111111111111111111111111111111111111100000
00111111111111111111111111111111111111111111111111111111111111111111111111111111111111111111111111111111111111111111111111100000
00111111111111111111111111111111111111111111111111111111111111111111111111111111111111111111111111111111111111111111111111100000
00111111111111111111111111111111111111111111111111111111111111111111111111111111111111111111111111111111111111111111111111100000
00111111111111111111111111111111111111111111111111111111111111111111111111111111111111111111111111111111111111111111111111000000
00111111111111111111111111111111111111111111111111111111111111111111111111111111111111111111111111111111111111111111111111000000
00111111111111111111111111111111111111111111111111111111111111111111111111111111111111111111111111111111111111111111111111000000
00111111111111111111111111111111111111111111111111111111111111111111111111111111111111111111111111111111111111111111111111000000
00111111111111111111111111111111111111111111111111111111111111111111111111111111111111111111111111111111111111111111111111000000
00111111111111111111111111111111111111111111111111111111111111111111111111111111111111111111111111111111111111111111111111000000
00111111111111111111111111111111111111111111111111111111111111111111111111111111111111111111111111111111111111111111111111000000
00111111111111111111111111111111111111111111111111111111111111111111111111111111111111111111111111111111111111111111111111000000
00111111111111111111111111111111111111111111111111111111111111111111111111110110111110111010111011100111111111111111111111000000
00111111111111111111111110110111111111011111011111101101110111111111111110110110011110111010111011100111111111111111111111000000
00111111111111111111111110010111111111011111011111101101110111111111111110110110011110111010111011100111111111111111111111000000
00111111111111111111111110010111111111011111011111101101110111111111111110110110011110111010111011100111111111111111111111000000
00111111111111111111111110011111111111011111011111101101110111111111111110110110011110111010111011100111111111111111111111000000
00111111111111111111111110010111111111011111011111101101110111111111111110110110011110111010111011100111111111111111111111000000
00111111111111111111111110010111111111011111011111101101110111111111111110110110011110111010111011100111111111111111111111000000
00111111111111111111111110010111111111011111011111101101110111111111111110110110011110111010111011100111111111111111111111000000
00111111111111111111111110011111111111011111011111101101110111111111111110110110011110111010111011100111111111111111111111000000
00111111111111111111111110011111111111011111011111101101110111111111111110110110011110111010111011100111111111111111111111000000
00111111111111111111111110011111111111011111011111101101110111111111111110110110011110111010111011100111111111111111111111000000
00111111111111111111111110011111111111011111011111101101110111111111111110110110011110111010111011100111111111111111111111000000
00111111111111111111111110011111111111011111011111101101110111111111111110110110011110111010111011100111111111111111111111000000
00111111111111111111111110011111111111011111011111101101110111111111111110110110011110111010111011100111111111111111111111000000
00111111111111111111111110011111111111011111011111101101110111110111111110110110011110111010111011100111111111111111111111000000
00111111111111111111111110011111111111011111011111101101110111111111111110110110011110111110111011100111111111111111111111000000
00111111111111111111111110011111111111011111011111101101110111111111111110110110011110111110111011100111111111111111111111000000
00011111111111111111111110011111111111011111011111101101110111111111111110110110011110111110111011100111111111111111111111000000
00011111111111111111111110011111111111011111011111101101110111110111111110110110011110111110111011100111111111111111111111000000
00011111111111111111111110011111111111011111011111101101110111110111111110110110011110111110111011100111111111111111111111000000
00011111111111111111111110011111111111011111011111101101110111110111111110110110011110111110111011100111111111111111111111000000
00011111111111111111111110011111111111011111011111101101110111111111111110110110011110110110111011100111111111111111111111000000
00011111111111111111111110011111111111011111011111101101110111111111111110110110011110110110111011100111111111111111111111000000
00011111111111111111111110011111111111011111011111101101110111110111111110110110011110110110111011100111111111111111111111000000
00011111111111111111111110011111111111011111011111101101110111111111111110110110011110110110111011100111111111111111111111000000
00011111111111111111111110011111111111011111011111101101110111111111111110110110011110110110111011100111111111111111111111000000
00011111111111111111111110011111111111011111011111101101110111111111111100110110011110110110111011100111111111111111111111000000
00011111111111111111111110011111111111011111011111101101110111111111111110110110011110110110111111100111111111111111111111000000
00011111111111111111111110011111111111011111011111101101110111111111111110110110011110110110111111100111111111111111111111000000
00011111111111111111111110011011111111011111011111101101110111111111111100110110011110110110111111100111111111111111111111000000
00011111111111111111111110011011111111011111011111101101110111111111111100110110011110110110110111101111111111111111111111000000
00011111111111111111111110011011111111011111011111101101110111111111111101110110011110110110110111101111111111111111111111000000
00011111111111111111111110011011111111011111011111101101110111111111111101110110111110110110110111101111111111111111111111000000
00011111111111111111111110011011111111011111011111101101110111111111111101110110111110110110110111101111111111111111111111000000
00011111111111111111111110011011111111111111011101101101110111111111111101110110111110110110110111101111111111111111111111000000
00011111111111111111111110011011111111111111011111101101110111111111111101110110111110110110110111101111111111111111111111000000
00011111111111111111111110011011111111111111011111101101110111111111111101110110111110110110110111101111111111111111111111000000
00011111111111111111111110011011111111111111011111101101110111111111111101110110111110110110110111101111111111111111111111000000
00011111111111111111111110011011111111111111011111101101110111111111111101110110111110110110110111101111111111111111111111000000
00011111111111111111111110011011111111111111011111101101110111111111111101110110111110110110110111101111111111111111111111000000
00011111111111111111111110011011111111111111011111101101110111111111111101110110111110110110110111101111111111111111111111000000
00011111111111111111111110011011111111111111011111101101110111111111111101110110111110110110110111101111111111111111111111000000
00011111111111111111101110011011111111111111011111101101110111111111111101110110111110110110110111101111111111111111111110000000
00011111111111111111101110011011111111111111011111101101110111111111111101110110111111110110110111101111111111111111111110000000
00011111111111111111101110011011111111111111011101101101110111111111111101110110111111110110110111101111111111111111111110000000
00011111111111111111101110011011111111111111011111101101110111111111111101110110111111110110110111101111111111111111111110000000
00011111111111111111101110011011111111111111011111101101110111011111111101110110111110110110110111101111111111111111111110000000
00011111111111111111101110011011111111111111011111101101110111111111111101110110111110110110110111101111111111111111111110000000
00011111111111111111101110011011111111111111011111101101110111111111111101110100111110110110110111001111111111111111111110000000
00011111111111111111101110011011111111111111011101101101110111111111111101110100111111110110110111101111111111111111111110000000
00011111111111111111101110011011111111111111011101101101110111111111111101110100111111110110110111001111111111111111111110000000
00011111111111111111101110011011111111111111011101101101110111111111111101110100111110110110110111001111111111111111111110000000
00011111111111111111101110011011111111111111011111101101110111111111111101110100111111110110110111001111111111111111111110000000
00011111111111111111101110011011111111111111011111101101110111111111111101110100111111110110110111001111111111111111111110000000
00011111111111111111101110011011111111111111011111101101110111011111111101110100111111110110110111001111111111111111111110000000
00011111111111111111101010011011111111111111011111101101110111011111111101110100111111110110110111001111111111111111111110000000
00011111111111111111101110011011111111111111011111101101110111011111111101110100111101110110110111001111111111111111111110000000
00011111111111111111101110011011111111111111011111101101110111011111111101110100111101110110110111001111111111111111111110000000
00011111111111111111101010011011111111111111011111101101110111011111111101110100111101110110110111001111111111111111111110000000
00011111111111111111101010011011111111111111011111101101110111011111111101110100111101110110110111001111111111111111111110000000
00011111111111111111101010011011111111111111011111101101110111011111111101110100111101110110110111001111111111111111111110000000
00011111111111111111101010011011111111111101011111101101110111011111111101110100111101110111110101001111111111111111111110000000
00011111111111111111101010011011111111111101011111101101110111011111111101110100111101110111110111001111111111111111111110000000
00011111111111111111101010011011111111111111011101101101110111011111111101110100111101110111110101001111111111111111111110000000
00011111111111111111101010011011111111111111011101101101110111011111111101110100111101110111110101001111111111111111111110000000
00011111111111111111101010011011111111111111011111101101110111011111111101110100111101110101110111001111111111111111111110000000
00011111111111111111101010011011111111111111011111101101110111011111111101110100111101110101110101001111111111111111111110000000
00011111111111111111111010011011111111111111011111101101110111011111111101110100111101110101110101001111111111111111111110000000
00011111111111111111111010011011111111111111011111101101110111011111111101110100111101110101110101001111111111111111111110000000
00011111111111111111111010011011111111111111011111101101110111011111111101110100111101110101110111001111111111111111111110000000
00011111111111111111111010011011111111111111011111101101110111011111111101110100111101110101110111001111111111111111111110000000
00011111111111111111111010011011111111111101011111101101110111011111111101110100111101110101110111001111111111111111111110000000
00011111111111111111101010011011101111111101011111101101110111011111111101110100111101110101110111001111111111111111111110000000
00011111111111111111111010011011101111111101011111101101110111011111111101110100110101110101110111001111111111111111111110000000
00011111111111111111111010011011101111111101011111101101110111011111111101110100110101110101110111001111111111111111111110000000
00011111111111111111111010011011101111111111011111101101110111011111111101110100110101110101110111001111111111111111111110000000
00001111111111111111111010011011101111111101011111101101110111011111111101110100110101110101110111001111111111111111111110000000
00001111111111111111111010011011101111111101011111101101110111011111111101110100110101110101110111001111111111111111111110000000
00001111111111111111110010011011101111111101011111101101110111011111111101110100110101110101110111001111111111111111111110000000
00001111111111111111111010011011101111111111011111101101110111011111111101110100110101110101110111001111111111111111111110000000
00001111111111111111111010011011101111111101011111101101110111011111111101110100111101110101110111001111111111111111111110000000
00001111111111111111111010011011101111111101011111101101110111011111111101110100111101110101110111001111111111111111111110000000
00001111111111111111111010011011101111111101011111101101110111011111111101110100111101110101110111001111111111111111111110000000
00001111111111111111110010011011101111111101011111101101110111011111101101110100111101110101111111111111111111111111111110000000
00001111111111111111111010011011101111111111011111101101111111111111111111111111111111111111111111111111111111111111111110000000
00001111111111111111111011111111111111111111111111111111111111111111111111111111111111111111111111111111111111111111111110000000
00001111111111111111111011111111111111111111111111111111111111011111111111111111111111111111111111111111111111111111111110000000
00001111111111111111110011111111111111111111111111111111111111011111111111111111111111111111111111111111111111111111111110000000
00001111111111111111111011001111111111111111111111111111111111111111111111111111111111111111111111111111111111111111111110000000
00001111111111111111111011111111111111111111111111111111111111111111111111111111111111111111111111111111111111111111111110000000
00001111111111111111111011111111101111111111111111111111111111111111111111111111111111111111111111111111111111111111111110000000
00001111111111111111111111111111111111111111111111111111111111111111111111111111111111111111111111111111111111111111111110000000
00001111111111101111111111111111111111111111111111111111111111111111111111111111111111111111111111111111111111111111111110000000
00001111111111111111111111111111111111111111111111111111111111111111111111111111111111111111111111111111111111111111111110000000
00001111111111111111111111111111111111111111111111111111111111111111111111111111111111111111111111111111111111111111111110000000
00001111111111111111111111111111111111111111111111111111111111111111111111111111111111111111111111111111111111111111111110000000
00001111111111111111111111111111111111111111111111111111111111111111111111111111111111111111111111111111111111111111111110000000
00001111111111111111111111111111111111111111111111111111111111111111111111111111111111111111111111111111111111111111111100000000
00001111111111111111111111111111111111111111111111111111111111111111111111111111111111111111111111111111111111111111111100000000
00001111111111111111111111111111111111111111111111111111111111111111111111111111111111111111111111111111111111111111111100000000
00001111111111111111111111111111111111111111111111111111111111111111111111111111111111111111111111111111111111111111111100000000
00001111111111111111111111111111111111111111111111111111111111111111111111111111111111111111111111111111111111111111111100000000
00001111111111111111111111111111111111111111111111111111111111111111111111111111111111111111111111111111111111111111111100000000
00001111111111111111111111111111111111111111111111111111111111111111111111111111111111111111111111111111111111111111111100000000
00001111111111111111111111111111111111111111111111111111111111111111111111111111111111111111111111111111111111111111111100001100
00001111111111111111111111111111111111111111111111111111111111111111111111111111111111111111111111111111111111111111111100000011
00001111111111111111111111111111111111111111111111111111111111111111111111111111111111111111111111111111111111111111111100000011
00001111111111111111111111111111111111111111111111111111111111111111111111111111111111111111111111111111111111111111111100000000
00001111111111111111111111111111111111111111111111111111111111111111111111111111111111111111111111111111111111111111111100000000
00001111111111111111111111111111111111111111111111111111111111111111111111111111111111111111111111111111111111000000000000000000
00001111111111111111111111111111111111111111111111111111111110000000000000000000000000000000000000000000000000000000000000000000
00001111111111111111111111111111100000000000000000000000000000000000000000000000000000000000000000000000000000000000000000000000