11111111111111111111111111111111111111111111111111111111111111111111111111111111111111111111111111111111111111111111111111111111
11111111111111111111111111111111111111111111111111111111111111111111111111111111111111111111111111111111111111111111111111111111
11111111111111111111111111111111111111111111111111111111111111111111111111111111111111111111111111111111111111111111111111111111
11111111111111111111111111111111111111111111111111111111111111111111111111111111111111111111111111111111111111111111111111111111
11111111111111111111111111111111111111111111111111111111111111111111111111111111111111111111111111111111111111111111111111111111
11111111111111111111111111111111111111111111111111111111111111111111111111111111111111111111111111111111111111111111111111111111
11111111111111111111111111111111111111111111111111111111111111111111111111111111111111111111111111111111111111111111111111111111
11111111111111111111111111111111111111111111111111111111111111111111111111111111111111111111111111111111111111111111111111111111
11111111111111111111111111111111111111111111111111111111111111111111111111111111111111111111111111111111111111111111111111111111
11111111111111111111111111111111111111111111111111111111111111111111111111111111111111111111111111111111111111111111111111111111
11111111111111111111110111111111111111111110011111111111111111111111111111111111111111111111111111111111111111111111111111111111
11111111111111111111111011111111101111111111111111111111111111111111111111111111111111111111111111111111111111111111111111111111
11111111111111111111111111111111111111111111111111111111111111111111111111111111111111111111111111111111111111111111111111111111
11111111111111111111111111111111111111111111111111111111111111111111111111111111111111111011110111100111111111111111111111111111
11111111111111111111111111111111111111111111111111111111111111111111111111111111111111111111111111111111111111111111111111111111
11111111111111111111111111111111111111111111111111111111111111111111111111111111111111111111111111111111111111111111111111111111
11111111111111111111111111111111111111111111111111111111111111111111111111111111111111111111111111111111111111111111111111111111
11111111111111111100110111111111111111111111111110111111111111111111111111111111111111111111111111111111111111111111111111111111
11111111111111111100110111111111111111111111111110011111101111111111100111111001111110111111111111111111111111111111111111111111
11111111111111111100110111111111111111111111111110011111101111111111100111111001111100111101110111111111111111111111111111111111
11111111111111111101110111111111111111111111111110011111101111111111100111111001111100111101110111111111111111111111111111111111
11111111111111111101110111111111111111111101111110011111101111111111100111111001111100111101110111111111111111111111111111111111
11111111111111111101110111111111111111111101111110011111101111111111100111111001111100111101110111111111111111111111111111111111
11111111111111111101110111111111111111111101111110011111101111111111100111111001111100111101110111111111111111111111111111111111
11111111111111111101110111111111111111111101111110011111101111111111100111111001111100111101110111111111111111111111111111111111
11111111111111111101110111111111111111111101111110011111101111111111100111111001111100111101110111111111111111111111111111111111
11111111111111111101110111111111111111111101111110011111101111111111100111111001111100111101110111111111111111111111111111111111
11111111111111111101110111111111111111111101111110111111101111111111100111111001111100111101110111111111111111111111111111111111
11111111111111111101110111111111111111111101111110111111101111111111100111111001111100111101110111111111111111111111111111111111
11111111111111111101110111111111111111111101111110111111101111111111100111111001111100111101110111111111111111111111111111111111
11111111111111111101111111111111111111111101111110111111101111111111100111111001111100111101110111111111111111111111111111111111
11111111111111111101111111111111111111111101111110111111101111111111100111111001111100111101110111111111111111111111111111111111
11111111111111111101111111111111111111111101111110111111101111111111100111111001111100111101110111111111111111111111111111111111
11111111111111111101111111111111111111111101111110111111101111111111100111111001111100111101110111111111111111111111111111111111
11111111111111111001111111111111111111111101111110111111101111111111100111111001111100111101110111111111111111111111111111111111
11111111111111111001111111111111111111111101111110111111101111111111100111111001111100111101110111111111111111111111111111111111
11111111111111111101111111111111111111111101111110111111101111111111100111111001111100111101110111111111111111111111111111111111
11111111111111111001111111111111111111111101111110111111101111111111100111111001111100111101110111111111111111111111111111111111
11111111111111111001101111111111111111111101111110111111101111111111100111111001111100111101110111111111111111111111111111111111
11111111111111111001101111111111111111111101111110111111101111111111100111111001111100111101110111111111111111111111111111111111
11111111111111111001101111111111111111111101111100111111101111111111100111111001111100111111110111111111111111111111111111111111
11111111111111111001101111111111111111111101111100111111101111111111100111111001111100111101110111111111111111111111111111111111
11111111111111111001101111111111111111111101111100111111101111111111100111111001111100111101110111111111111111111111111111111111
11111111111111111001101111111111111111111101111100111111101111111111100111111001111100111111110111111111111111111111111111111111
11111111111111111001101111111111111111111101111100111111101111111111100111111001111100111111110111111111111111111111111111111111
11111111111111111001101111111111111111111101111100111111101111111111100111111001111100111101110111111111111111111111111111111111
11111111111111111001101111111111111111111101111100111111101111111111100111111001111100111111110111111111111111111111111111111111
11111111111111111001101111111111111111111101111100111111101111111111100111111001111100111111110111111111111111111111111111111111
11111111111111111001101111111111111111111101111100111111101111111111100111111001111100111111110111111111111111111111111111111111
11111111111111111001101111111111111111111101111100111111101111111111100111111011111100111111110111111111111111111111111111111111
11111111111111111001101111111111111111111111111100111111101111111111100111111001111100111111110111111111111111111111111111111111
11111111111111111001101111111111111111111111111100111111101111111111100111111001111100111011110111111111111111111111111111111111
11111111111111111001101111111111111111111111111100111111101111111111100111111011111100111111110111111111111111111111111111111111
11111111111111111001101111111111111111111111111100111111101111111111100111111011111100111111110111111111111111111111111111111111
11111111111111111011101111111111111111111111111100111111101111111111100111110011111100111111110111111111111111111111111111111111
11111111111111111011101111111111111111111111111100111111101111111111100111111011111100111111110111111111111111111111111111111111
11111111111111111011101111111111111111111111111100111111101111111111100111110011111100111011110111111111111111111111111111111111
11111111111111111011101111111111111111111111111100111111101111111111100111110011111100111111110111111111011111111111111111111111
11111111111111111011101111111111111111111111111100111111101111111111100111110011111100111011110111111111111111111111111111111111
11111111111111111011101111111111111111111111111100111111101111111111100111110011111100111011110111111111111111111111111111111111
11111111111111110011101111111111111111111111111100111111101111111111100111110011111100111111110111111111111111111111111111111111
11111111111111110011101111111111111111111111111100111111101111111111100111110011111100111011110111111111111111111111111111111111
11111111111111110011111111111111111111111011111100111111101111111111100111110011111100111011110111111111011111111111111111111111
11111111111111110011111111111111111111111011111100111111111111111111100111110011111100111011110111111111011111111111111111111111
11111111111111110011111111111111111111111011111100111111101111111111100111110011111100111011110111111111111111111111111111111111
11111111111111110011111111111111111111111011111100111111111111111111100111110011111100111011110111111111011111111111111111111111
11111111111111110011111111111111111111111011111100111111111111111111100111110011111100111011110111111111011111111111111111111111
11111111111111110011111111111111111111111011111100111111111111111111100111110011111100111011110111111111011111111111111111111111
11111111111111110011011111111111111111111011111100111111111111111111100111110011111100111011110111111111110111111111111111111111
11111111111111110011011111111111111111111011111100111111111111111111100111110011111100111011110111111111111111111111111111111111
11111111111111110011011111111111111111111011111100111111111111111111100111110011111100111011110111111111011111111111111111111111
11111111111111110011011111111111111111111011111100111111111111111111100111110011111100111011110111111111010111111111111111111111
11111111111111110011011111111111111111111011111100111111111111111111100111110011111100111011110111111111111111111111111111111111
11111111111111110011011111111111111111111011111100111111111111111111100111110011111100111011110111111111011111111111111111111111
11111111111111110011011111111111111111111011111100111111111111111111100111110011111100111011100111111111110111111111111111111111
11111111111111110011011111111111111111111011111100111111011111111111100111110011111100111011110111111111110111111111111111111111
11111111111111110011011111111111111111111011111100111111011111111111100111110011111100111011110111111111110111111111111111111111
11111111111111110011011111111111111111111011111100111111011111111111100111110011111100111011110111111111110111111111111111111111
11111111111111110011011111111111111111111011111100111111011111111111100111110011111100111011110111111111110111111111111111111111
11111111111111110011011111111111111111111011111100111111011111111111101111110011111100111011110111111111110111111111111111111111
11111111111111110011011111111111111111111011111100111111011111111111100111110011101100111011110111111111110111111111111111111111
11111111111111110011011111111111111111111011111101111111011111111111000111110011111100111011110111111111110111111111111111111111
11111111111111110111011111111111111111111011111100111111011111111111001111110011111100111011100111111111110111111111111111111111
11111111111111100111011111111111111111111011111101111111011111111111100111110011111100111011100111111111111111111111111111111111
11111111111111100111011111111111111111111011111101111111011111111111100111110011111100111011100111111111110111111111111111111111
11111111111111100111011111111111111111111011111001111111011111111111000111110011111100111011100111111111110111111111111111111111
11111111111111100111011111110111111111111011111001111111011111111111001111110011101100111011100111111111110111111111111111111111
11111111111111110111011111111111111111111011111000111111011111111111001111110011111100111011100111111111110111111111111111111111
11111111111111100111011111111111111111111011111001111111011111111111000111110011101100111011100111111111110111111111111111111111
11111111111111100111011111110111111111111011111001111111011111111111001111110011111100111011100111111111110111111111111111111111
11111111111111100111011111111111111111111011111001111111011111111111100111110011101100111011100111111111110111111111111111111111
11111111111111100111011111111111111111111011111001111111011111111111000111110011101100111011100111111111110111111111111111111111
11111111111111100111011111111111111111111011111001111111011111111111001111110011111100111011100111111111110111111111111111111111
11111111111111100111011111111111111111111011111001111111011111111111001111110011101100111011100111111111110111111111111111111111
11111111111111100110011111111111111111111011111001111111011111111111001111110011101100111011100111111111110111111111111111111111
11111111110111100110111111111111111111111011111001111111011111111111001111110011111100111011101111111111110111111111111111111111
11111111110111100110111111111111111111111111111001111111011111111111001111110011111100111011100101111111110111111111111111111111
11111111110111100110111111111111111111111011111001111111011111111111001111110011111100111011101111111111110111111111111111111111
11111111111111100110111111111111111111111011111001111111011110111111001111110011111100111011100111111111110111111111111111111111
11111111111111100110111111111111111111111011111001111111011111111111001111110011111100111011101111111111111111111111111111111111
11111111111111100110111111111111111111111011111001111111011110111111001111110011111100111011101111111111110111111111111111111111
11111111110101100110111111111111111111110111111001111111011111111111001111110011111100111011101111111111110111111111111111111111
11111111110101100110111111111111111111110111111001101111011110111111001111110011111000111011101111111111110111111111111111111111
11111111111111100110111111111111111111110111111001101111011111111111001111110011111000111011101111111111110111111111111111111111
11111111110111100110111111111111111111110111111001111111011110111111001111110011111000111011101111111111110111111111111111111111
11111111111111100110111111111111111111110111111001111111011110101111001111110011111100111011100111111111110111111111111111111111
11111111111101111111111111111111111111111111111001111111011111101111001110110011111000111011100111111111110111111111111111111111
11111111111111111111111111111111111111111111111111111111111111101111111111111111111111111111111111111111111111111111111111111111
11111111111111111111111111111111111111111111111111111111111111111111111111111111111111111111111111111111111111111111111111111111
11111111111111111111111111111111111111111111111111111111111111101111111111111111111111111111111111111111111111111111111111111111
11111111111111111111111111111111111111111111111111111111111111101111111111111111111111111111111111111111111111111111111111111111
11111111111111111111111111111111101111111111111111111111111111101111111111111111111111111111111111111111111111111111111111111111
01111111111111111111111110111111111111111111111111111111111111111111111111111111111111111111101111111111111111111111111111111111
11101111111111111111111001111111111111111111111111111111111111111111111111111111111111111111101111111111111111111101111111111111
11011111111111111111111011111111111111011111111111111111111111111111111111111111111111111111111111110011111101111111111111111111
11011111111111111111111111111111111111111111111111111111111111111111111111111111111111111111111111111111111111111111111101111111
11111111111111111111111111111111111111111111111111111111111111111111110111110001111100011111111111111101111111111111111111111111
11111111111111111111111101111111111111101111111111111101111111111111111111111111111111111111101111101111111111111111111111111111
11111111111111111111111111111111111111111111111111111111111111111111111111111111111111111111111111111111111111111111111111111111
11111111111111111111111111111111111111111111111111111111111111111111111111111111111111111111111111111111111111111111111111111111
11111111111111111111111111111111111111111111111111111111111111111111111111111111111111111111111111111111111111111111111111111111
11111111111111111111111111111111111111111111111111111111111111111111111111111111111111111111111111111111111111111111111111111111
11111111111111111111111111111111111111111111111111111111111111111111111111111111111111111111111111111111111111111111111111111111
11111111111111111111111111111111111111111111111111111111111111111111111111111111111111111111111111111111111111111111111111111111
11111111111111111111111111111111111111111111111111111111111111111111111111111111111111111111111111111111111111111111111111111111
11111111111111111111111111111111111111111111111111111111111111111111111111111111111111111111111111111111111111111111111111111111
11111111111111111111111111111111111111111111111111111111111111111111111111111111111111111111111111111111111111111111111111111111
11111111111111111111111111111111111111111111111111111111111111111111111111111111111111111111111111111111111111111111111111111111