11111111111111111111111111111111111111111111111111111111111111111111111111111111111111111111111111111111111111111111111111111111
11111111111111111111111111111111111111111111111111111111111111111111111111111111111111111111111111111111111111111111111111111111
11111111111111111111111111111111111111111111111111111111111111111111111111111111111111111111111111111111111111111111111111111111
11111111111111111111111111111111111111111111111111111111111111111111111111111111111111111111111111111111111111111111111111111111
11111111111111111111111111111111111111111111111111111111111111111111111111111111111111111111111111111111111111111111111111111111
11111111111111111111111111111111111111111111111111111111111111111111111111111111111111111111111111111111111111111111111111111111
11111111111111111111111111111111111111111111111111111111111111111111111111111111111111111111111111111111111111111111111111111111
11111111111111111111111111111111111111111111111111111111111111111111111111111111111111111111111111111111111111111111111111111111
11111111111111111111111111111111111111111111111111111111111111111111111111111111111111111111101111011111011111111111011111111111
11111111111111111111111111111111111111111111111111111111111111111101111111111111111111111111111111111111111111111111111111111111
11111111111111111111111111111111111111111111111111111111111111111111111111111111111111111111111111111111111111111111111111111111
11111111111111111111111111111111111111111111111111111111111111111111111111111111111111111111111110111111101111011111111111111111
11111111111111111111011111111111111111110111101111111111111111111111111111111111111111111111111111111111111111111111111111111111
11111111111111111111111111111110111111111111111111111111111111111111111111111111111111111111111111111111111111111111111111111111
11111111111111111111111111111111111111111111111111111111111111111111111111111111111111111111111111111111111111111110111111111111
11111111111111111111111111111111111111111111111111111111111111111111111111111111111111111111111111111111111111111111111111111111
11111111111111111111111111111111111111111111111111111111111111111111111111111111111111111111111111111111111111111111111111111111
11111111111111111111111111111111111111111111111111111111111111111111111111111111111111111111111111111111111111111111111111111111
11111111111111111111111111111111111111111111111111111111111111111111111111111111111111111110011111101101111111111111111111111111
11111111111111111100111111111111111111011111011101110111111111111101100100110001111100111110011011001101111101111111111111111111
11111111111111111100111111111111111111011101011101110111111111111101100100110001111100111110011011001001111101111111111111111111
11111111111111111100111111111111111111011101011101110111111111111101100100110001111100111110001011001101111101111111111111111111
11111111111111111100111111111111111111011101011101110111111111111101100100110001111100111110001011001101111101111111111111111111
11111111111111111100111111111111111111011101011101110111111111111101100100111001111100111110001011001001111101111111111111111111
11111111111111111100111111111111111111011101011101110111111111111101100100111001111100111110001011001101111101111111111111111111
11111111111111111100110111111111111111011101011101110111111111111101100100110001111100111110001011001101111101111111111111111111
11111111111111111100111111111111111111011101011101110111111111111101100100111001111100111110001011001001111101111111111111111111
11111111111111111100111111111111111111011101011101110111111111111101100100111001111100111110001011001101111101111111111111111111
11111111111111111100110111111111111111011101011101110111111111111101100100111001111100111110001011001101111101111111111111111111
11111111111111111100110111111111111111011101011101110111111111111101100100111001111100111110001011001101110101111111111111111111
11111111111111111100110111111111111111011101011101110111111111111101100100111001111100111110001011001101110101111111111111111111
11111111111111111100110111111111111111011101011101110111111111111101100100111001111100111110001011001101111101111111111111111111
11111111111111111100110111111111111111011111011101110111111111111101100100111001111100111110001011001101110101111111111111111111
11111111111111111100110111111111111111011111011101110111111111011101100100111001111100111110001011001101111101111111111111111111
11111111111111111100110111111111111111011101011101110111111111111101100100111001111100111110001011001101111101111111111111111111
11111111111111111100110111111111111111011111011101110111111111111101100100111001111100111010001011001101110101111111111111111111
11111111111111111100110111111111111111011111011101110111111111011101100100111001111100111110001011001101110101111111111111111111
11111111111111111100110111111111111111011111011100110111111111111101100100111001111100111110001011001101110101111111111111111111
11111111111111111100110111111111111111011111011101110111111111111101100100111001111100111010001011001100110101111111111111111111
11111111111111111100110111111111111111011101011101110111111111011101100100111001111100111110001011101100110101111111111111111111
11111111111111111100110111111111111111011111011101110111111111011111100100111001111100111110001011101100110101111111111111111111
11111111111111111100110111111111111111011111011101110111111111011111100110111001111100111010001011101100110101111111111111111111
11111111111111111100110111111111111111011111001101110111110111011101100100111001111100111010001011101100110101111111111111111111
11111111111111111100110111111111111111011111011100110111111111011111110100111001111100111010001011101100110101111111111111111111
11111111111111111100110111111111111111011111011101110111111111011111110110111001111100111010001011101100110101111111111111111111
11111111111111111100110111111111111111011111011100110111110111011101100110111001111100111010001011101100110101111111111111111111
11111111111111111100110111111111111111011111011100110111111111011111100110111001111100111010001011101100110101111111111111111111
11111111111111111100110111111111111111011111001101110111111111011111110110111001111100111010001011101100110101111111111111111111
11111111111111111100110111111111111111011111001100110111110111011101100110111001111100111010001011101100110101111111111111111111
11111111111111111100110111111111111111011111011100110111111111011111110110111001111100111010001011101100110101111111111111111111
11111111111111111100110111111111111111011111001101110111110111011111110110111001111100111010001011101100110101111111111111111111
11111111111111111100110111111111111111011111001100110111111111011111110110111001111100111010001011101100110101111111111111111111
11111111111111111100110111111111111111011111001100110111111111011111110110111001111100111010001011101100110101111111111111111111
11111111111111111100110111111111111111011111001100110111110111011111110110111001111100111010001011101100110101111111111111111111
11111111111111111100110111111111111111011111001100110111110111011111110110111001111100111010001011101100110101111111111111111111
11111111111111111100110111111111111111011111001100111111110111011111110110111001111100111010001011101100110101111111111111111111
11111111111111111100110111111111111111011111001100110111110111011111110110111001111100111010001011101100110111111111111111111111
11111111111111111100110111111111111111011111001100110011010111011111110110111001111100111010001011101100110111111111111111111111
11111111111111111100110111111111111111011111001100111011110101011111110110111001111100111010001011101100110101111111111111111111
11111111111111111100110111111111111111011111001100110011110111011111110110111001111100111010001011101100110111111111111111111111
11111111111111111100110111111111111111011111001100111011010111011111110110111001111100011010001011101100110101111111111111111111
11111111111111111100110111111111111111011111001100111011110101011111110110111001111100111010001011101100110101111111111111111111
11111111111111111100110111111111111111011111001100110011110101011111110110111001111100111010001011101100110111111111111111111111
11111111111111111100110111111111111111011111001100111011010111011111110110111001111100011010001111101100110111111111111111111111
11111111111111111100110111111111111111011111001100111011010101011111110110111001111100111010001111101100110111111111111111111111
11111111111111111100110111111111111111011111001100111011010101011111110110111001111100011010001111101100110111111111111111111111
11111111111111111100110111111111111111011111001100111011110101011111110110111001111100011010001111101100110111111111111111111111
11111111111111111100110111111111111111011111001100111011110101011111110110111001111100011010001111101100110111111111111111111111
11111111111111111100110111111111111111011111001100111011010101011111110110111001111100011010001111100100110111111111111111111111
11111111111111111100110111111111111111011111001100111011110101011111110110111001111100011010001111101100111111111111111111111111
11111111111111111100110111111111111111011111001100111011110101011111110110111001111100011010001111101100111111111111111111111111
11111111111111111100110111011111111111011111001100111011010101011111110110111001111100011010001111100100110111111111111111111111
11111111111111111100110111011111111111011111001100111011110101011111110110111001111100011010001111101100111111111111111111111111
11111111111111111100110111011111111111011111001100111011110101011111110110111001111100011010001111101100111111111111111111111111
11111111111111111100110111111111111111011111001100111011110101011111110110111001111100011010001111100100111111111111111111111111
11111111111111111100110111111111111111011111001100111011110101011111110110111001111100011010001111100100111111111111111111111111
11111111111111111100110111011111111111011111001100111011110101011111110110111001111100011010001111100100111111111111111111111111
11111111111111111100110111111111111111011111001100111011110101011111110110111001111100011010001111100100111111111111111111111111
11111111111111111100110111111111111111011111001100111011110101011111110110111001110100011010001111100100111111111111111111111111
11111111111111111100110111011111111111011111101100111011111111011111110110111001110100011010001111100100111111111111111111111111
11111111111111111100110111011111111111011111101100111011111101011111110110111001111100011010001111100100111111111111111111111111
11111111111111111100110111011111111111011111101100111011110101011111110110111001110100011110001111100100111111111111111111111111
11111111111111111100110111011111111111011111101100111011111111011111110110111001110100011110001111100100111111111111111111111111
11111111111111111100110111011111111111011111101100111011111101111111110110111001111100011010001111100100111111111111111111111111
11111111111111111100110111011111111111011111101100111011110101111111110110111001110100011110001111100100111111111111111111111111
11111111111111111100110111011111111111011111101100111011111111011111110110111001110100011110001111100100111111111111111111111111
11111111111111111100110111011111111111011111101100111011111101111111110110111001110100011011001111100100111111111111111111111111
11111111111111111100110111011111111111011111101100111011111101111111110110111001110100011111001111100100111111111111111111111111
11111111111111111100110111011111111111011111101100111011111111111111110110111001110100011110001111100100111111111111111111111111
11111111111111111100110111011111111111011111101110111011111111111111110110111001110100011111001111100100111111111111111111111111
11111111111111111100110111011111111111011111101110111011111111111111110110111001110100011111001111100100111111111111111111111111
11111111111111111100110111011111111111011111101100111011111111111111110110111001110100011110001111100100111111111111111111111111
11111111111111111100110111011111111111011111101100111011111101111111110110111001110100011111001111100100111111111111111111111111
11111111111111111100110111011111111111011111101100111011111111111111110110111001110100011111001111100100111111111111111111111111
11111111111111111100110111011111111111011111101100111011111111111111110110111001110100011110001111100100111111111111111111111111
11111111111111111100110111011111111111011111101100111011111111111111110110111001110100011111001111100100111111111111111111111111
11111111111111111100110111011111111111011111101100111011111111111111110110111001110100011111001111100100111111111111111111111111
11111111111111111100110111011111111111011111101100111011111111111111110110111001110100011110001111100100111111111111111111111111
11111111111111111100110111011111111111011111101100111011111111111111110110111001110100011111001111100100111111111111111111111111
11111111111111111100110111011111111111011111101100111011111111111111110110111001110100011111001111100100111111111111111111111111
11111111111111111100110111011111111111011111101110111011111111111111110110111001110100011111001111100100111111111111111111111111
11111111111111111100110111011111111111011111101110111011111111111111110110111001110100011111001111100100111111111111111111111111
11111111111111111100110111011111111111011111101100111011111111111111110110111000110100011111001111100100111111111111111111111111
11111111111111111100110111011111111111011111101110111011111111111111110110111001110100011111001111100100111111111111111111111111
11111111111111011100110111011111111111011111101110111011111111111111110110111001110100011111001111100100111111111111111111111111
11111111111111011100110111011111111111011111101100111011111111111111110110111000110100011111001111100100111111111111111111111111
11111111111111011111111111111111111111011111101110111011111111111111110110111001110100011111001111100100111111111111111111111111
11111111111111111111111111111111111111011111101110111011111111111111110110111001110100011111001111100100111111111111111111111111
11111111111111111111111111111111111111111111111110111011111111111111110110111000110100011111001111100100111111111111111111111111
11111111111111011111111111111111111111111111111111111111111111111111110110111000110100011111001111100100111111111111111111111111
11111111111111111111111111111111111111111111111111111111111111111111111111111001110100011111001111100100111111111111111111111111
11111111111111111111111111111111111111111111111111111111111111111111111111111111111110111111001111100100111111111111111111111111
11111111111111111111111111111111111111111111111111111111111111111111111111111111111111111111111111111110111111111111111111111111
11111111111111111111111111111111111111111111111111111111111111111111111111111111111111111111111111111111111111111111111111111111
11111111111111111111111111111111111111111111111111111111111111111111111111111111111111111111111111111111111111111111111111111111
11111111111111111111111111111111111111111111111111111111111111111111111111111111111111111111111111111111111111111111111111111111
11111111111111111111111111111111111111111111111111111111111111111111111111111111111111111111111111111111111111111111111111111111
11111111111111111111111111111111111111111111111111111111111111111111111111111111111111111111111111111111011111111111111111111111
11111111111111111111111111111111111111111111111111111111111111111111111111111111111111111111111111111111111111111111111111111111
11111111111111111111111111111111111111111111111111111111111111111111111111111111111111111111111101111111111111111111111111111111
11111111111111111111111111111111111111111111111111111111111111111111111111111111111111111111111111111111111111111111111111111111
11111111111111111111111111111111111111111111111111111111111111111111111111111111111111111111111111111111111111111111111111111111
11111111111111111111111111111111111111111111111111111111111111111111111111111111111111111111111111111100111111111111111111111111
11111111111111111111111111111111111111111111111111111111111111111111111111111111111111111111111111111111111111111111111111111111
11111111111111111111111111111111111111111111111111111111111111111111111111111111111111111111111111111111111111111111111111111111
11111111111111111111111111111111111111111111111111111111111111111111111111111111111111111111111111111111111111111111111111111111
11111111111111111111111111111111111111111111111111111111111111111111111111111111111111111111111111111111111111111111111111111111
11111111111111111111111111111111111111111111111111111111111111111111111111111111111111111111111111111111111111111111111111111111