11111111111111111111111111111111111111111111111111111111111111111111111111111111111111111111111111111111111111111111111111111111
11111111111111111111111111111111111111111111111111111111111111111111111111111111111111111111111111111111111111111111111111111111
11111111111111111111111111111111111111111111111111111111111111111111111111111111111111111111111111111111111111111111111111111111
11111111111111111111111111111111111111111111111111111111111111111111111111111111111111111111111111111111111111111111111111111111
11111111111111111111111111111111111111111111111111111111111111111111111111111111111111111111111111111111111111111111111111111111
11111111111111111111111111111111111111111111111111111111111111111111111111111111111111111111111111111111111111111111111111111111
11111111111111111111111111111111111111111111101111011111111111111110111111111111111111111111111111111111111111111111111111111111
11111111111111111111111101111111111111111111111111111111111111111111111111111111111111111111111111111111111111111111001111111111
11111111111111111111111101111111111111111111111111111111111111111111111111111111111111111111111111111111111111111111111111111111
11111111111111111111111111111111111111111111111111111111111111111111111111111111111111111111111111111111111111111111111111111111
11111111111111111111111111111111111111111111111111111111111111111111111111111111111111111111111111111111111111111111111111111111
11111111111111111111111111111111111111111111111111111111111111111111111111111111111111111111111111111111111111111111111111111111
11111111111111111111111111111111111111111111111111111111111111111111111111111111111111111111111111111111111111111111111111111111
11111111111111111111111111111111111111111111111111111111111111111111111111111111111111111111111111111111111111111111111111111111
11111111111111110001111111111111111111111111111111111111111111111111111111111111111111111111111111111111111111111111111111111111
11111111111111110001101111111111111111110011001101110011000110111111111111111111111111111111111111111111111111111111111111111111
11111111111111110001101111111111111111110011001101110011000110111111111111111001101111110001011111111011100101100011111111111111
11111111111111110001101111111111111111110011001101110011000110111101111111111001101111110001011111111011100101100011111111111111
11111111111111110001101111111111111111110011001101110011000110111101111111111001111111110001011111111011100101100011111111111111
11111111111111110001101111111111111111110011001101110011000110111101111111111001111111110001011111110011100101100011011111111111
11111111111111110001101111111111111111110011001101110011000110111101111111111001111111110001011111110011100101100111011111111111
11111111111111110001101111111111111111110011001101110011000110111101111111111001111111110001011111110011100101000111011111111111
11111111111111110001101111111111111111110011001101110011000110111101111111111001111101110001011111110011100101000111010111111111
11111111111111110001101111111111111111110011001101110011000110111101011111111001111101110011111111110011100101000111010111111111
11111111111111110001101111111111111111110011001101110011000110111101111111110001111101110011111111110011100101000111010111111111
11111111111111110001101111111111111111110011001111110011000110111101111111110001111101110011111111110011100101000111010111111111
11111111111111110001101111111111111111110011001111110011000110111101011111110001111101110011111111110011100101000111010111111111
11111111111111110001101111111111111111110011001101110011000110111101011111110001111101110011111111110011100101000111010111111111
11111111111111110001101111111111111111110011001101110011000110111101011111110001111101110011111111110011101101000111110111111111
11111111111111110001101111111111111111110011001101110011000110111101011111110001111101110011111111110011101101000111110111111111
11111111111111110001101111111111111111110011001111110011000100111101011111110001111101110011111111110011101111000111110111111111
11111111111111110001101111111111111111110011001111110011000100111111011111110001111101110011111111110011101111000111110111111111
11111111111111110001101111111111111111110011001111110011000100111111011111110001111111110011111111110011101111000111110111111111
11111111111111110001101111111111111111110011001111110011000100111111011111110001111111110011111111110011101111000111110111111111
11111111111111110001101111111111111111110010001111110011000100111111011111110001111111110011111111110011101111000111111111111111
11111111111111110001101111111111101111110010001111100011000100111111011111110001111111100011111111110011001111000111111111111111
11111111111111110001101111111111101111110010001111100011000100111111011111110001111111100011111111110011001111000111111111111111
11111111111111110001101111111111101111110010001111100011000100111111011111110001111111100011111111110111001011000111111111111111
11111111111111110001101111111111101111110010001111100011000100111111010111110001111111100011111101110111001011000111111111111111
11111111111111110001101111111111101111110010001111100011000100111111010111110001111111100011111101110111001011000111111111111111
11111111111111110001101111111111101111110010001111100011000100111111010111110001011111100011111101110111001011000111111111111111
11111111111111110001101111111111101111110010001111100011001100111111010111110001011111100011111101110111001011000111111111111111
11111111111111110001101111111111101111110010001111100011001100111111010111110001011111100011111111110111001011000111111111111111
11111111111111110001101111111111101111110110001111100011001100111111010111110001011111100011111111110111001011000110101111111111
11111111111111110001101111111111101111110110001111100011001100111111010111110001011111100011111111110111000011000110101111111111
11111111111111110001101111111111101111110110001111100011001100111111110111110001011111100011111111110111000010000110101111111111
11111111111111110001101111111111101111110110001111100011001100111111110111110001011111100010111111110111000010000110101111111111
11111111111111110001101111111111101111110110001111100011001100111111110111110001011111100010111111110111000010000110101111111111
11111111111111110001101111111111101111110110001111100011001100111111110111110001011111100010111111110111000010001110101111111111
11111111111111110001101111111111101111110110001111100011001100111111110111110001011111100010111111100111000010001110101111111111
11111111111111110001101111111111101111110110001111100011001100111111110111110001011111100010111111100111000010001110101111111111
11111111111111110001101111011111101111110110001111100011001100111111110111110001011111100010111111100111000010001110101111111111
11111111111111110001101111011111101111110110001111100011001100111111110111110011011111100010111111100111000010001111101111111111
11111111111111110001101111011111101111110110001111100011001100111111110111110011011111100010111111100111000010001111101111111111
11111111111111110001101111011111101111110110001111100011001100101111110111110011011111100010111111100111000010001111101111111111
11111111111111110001101111011111111111110110001111100011001100101111110111110011011111100010111111100111000010001111101111111111
11111111111111110001101111011111111111110110001111100011001100101111110111110011111111100010111111100111000010001111101111111111
11111111111111110001101111011111111111110110001111100011001100101111111111110011111111100010111111100111000110001111101111111111
11111111111111110001101111011111111111110110001111100011001100101111111111110011111111100011111111100111000110001111101111111111
11111111111111110001101111011111111111110110001111100011001100101111111111110011111011100011111111100111000010001111101111111111
11111111111111110001101111011111111111110110001111100011001101101111111111110011111011100011111111100110000110001111101111111111
11111111111111110001101111011111111111110110001111100011001101101111111111110011111011100111111111100110000110001111011111111111
11111111111111110001101111011111111111110110001111100010001101101011111111110011111011100111111111100110000110001111111111111111
11111111111111110001101111011111111111110110001111100010001101101011111111110011111011100111111111100110000110001101111111111111
11111111111111110001101111111111111111110110001111100010001101101011111111110011111011100111111111100110000110001101111111111111
11111111111111110001101111011111111111110110001111100010001101101011111111110011111011100111111011100110000110001101011111111111
11111111111111110001101111111111111111110110001111100010001101101011111111110011111011100111111011100110000110001101011111111111
11111111111011110001101111111111111111110110001111100010001101101011111111110011111111100111111011100110000110001101011111111111
11111111111011110001101111111111111111110110001111100010001101101011111111100011111111100111111011100110000100001101011111111111
11111111111011110001101111111111111111110110001111100010001101101011111111100011111111100111111011100110000100001101011111111111
11111111111011110001101111111111111111110110001111100010001101101011111111100011111111000111111011100110000100001101011111111111
11111111111011110001101111111111111111110110001111100110001101101011111111100011111111000111111011101110000100001101011111111111
11111111111011110001101111111111111111110110001111100110001101111011111111100011111111000111111011101110000100001101011111111111
11111111111011110001101111111111111111110110001111100110001101111011111111100011111111000111111011101110000100011101011111111111
11111111111011110001101111111111111111110110001111100110001101111011111111100010111111000111111111101110000100011101011111111111
11111111111011110011101111111111111111110110001111100110001101111010111111100010111111000111111111101110000100001101011111111111
11111111111011110001101111111111111111110110001111100110001101111010111111100010111111000101111111001110000100011101011111111111
11111111111011110011101111111111111111110110001111100110001101111010111111100010111111000101111111001110000100011101011111111111
11111111111011110011001111111111111111110110001111100110001101111010111111100010111111000101111111001110000100011111011111111111
11111111111011110011001111111111111111110110001111100110001101111010111111100010111111000101111111001110000100011111011111111111
11111111111011110011001111111111111110110110001111100110001101111010111111100010111111000101111111001110000100011101011111111111
11111111111011110011001111111111111110110110001011100110001101111010111111100010111111000101111111001110000100011101011111111111
11111111111011110011001111111111111110110110001011100110001101111010111111100010111111000101111111001110000100011111011111111111
11111111111011110011001111111111111110110110001011100110001101111010111111100010111111000101111111001110000100011111111111111111
11111111111011110011001111111111111110110110001011100110001101111110111111100010111111000101111111001110000100011110111111111111
11111111111011110011001111111111111110110110011011100110001101111010111111100010111111000101111111001110001100011111111111111111
11111111111011110011001111111111111110110110011011100110001001111110101111100010111111000101111111001110001100011111111111111111
11111111111011110011001111111111111110110110011011100110001001111110101111100010111111000101111111001110001100011111111111111111
11111111111011110011001111111111111110110110011011100110001001111110101111100010111111000101111111001100001100011010111111111111
11111111111011110011001111111111111110110110011011100110001001111110101111100010111111000101111111001100001100011000111111111111
11111111111011110011001111111111111110110110011011100110001001111110101111100010111111000101111111001100001100011000111111111111
11111111111011110011001111111111111110100110011011100110001001111110101111100010111111001101111111001100001100011010111111111111
11111111111011110011001111111111111110100110011011100110001001111110101111100110111111000101111111001100001100011010111111111111
11111111111011110011001111111111111110100110011011100110001001111110101111100010111111000111111111001100001100011010111111111111
11111111111011110011001111111111111110100110011011100110001001111111101111100110111111000111111111001100001100011010111111111111
11111111111011110011001111111111111110100110011011100110001001111110101111100110111111000111111111001100001000011010111111111111
11111111111011110011001111111111111110100110011011100110001001111111101111100110111111000111111111001100001000011010111111111111
11111111111011110011001111111111111110100110011011100110001001111111101111100110111111000111111111001100001000011010111111111111
11111111111011110011001111111111111110100110011011100110001001111111101111100110110111001111110111001100001000011010111111111111
11111111111011110011001111111111111110100110011011100110001001111111101111100110110111001111110111011100001000011000111111111111
11111111111011110011001111111111111110100110011011100110001001111111101111100110110111001111110111011100001000111010111111111111
11111111111011110011001111111011111110100110011011100110001001111111101111100111110111001111110111011100001000111110111111111111
11111111111011110011001111111011111110100110011011100110001001111111111111100111110111001111110111011100001000111110111111111111
11111111111011110011001111111011111110100110011011100110001001111111111111100111110111001111110111011100001000111010111111111111
11111111111011110011001111111011111111100110011011100110011001111111111111100111110111001111110111011100000000111000111111111111
11111111111011110011001111111011111111100110011111100110011001011111111111100111110111001111110111011100000000111010111111111111
11111111111010110011001111111011111110100110011111100110011001011111111111100111110111001111111110011100000000111011111111111111
11111111111111110011001111111011111110100110011111000110011001011111111111100111110111001111111110011100000000111111111111111111
11111111111111110011001111111011111111100110011111000110011001011111111111100111110111001011111110011100000000111111111111111111
11111111111011110011001111111011111111100110011111000110011001011111111111100111110110001011111110011100000000111111111111111111
11111111111011110011001111111011111111100110011111000110011001011111111111100111111110001011111110011100000000111001111111111111
11111111111110110011001111111011111111100110011111000110011001011111111111100111111110001011111110011100000000111001111111111111
11111111111110110011001111111011111111100110011111000110011001011111111111100111111110001011111110011100011000111101111111111111
11111111111110110011001111111011111111100110011111100110011111011111111111111111111111111111111111111111111111110101111111111111
11111111111110111111111111111111111111111111111111111111111111010111111111111111111111111111111111111111111111110101111111111111
11111111111110111111111111111111111111111111111111111111111111010111111111111111111110011110000111111111111111110101111111111111
11111111111110111111111111111111000011111001111111111111110111010111111111111111111111111111110111110011111111110101110111111111
11111111111110111111111111101111111011111111111111111111111111010111111111111110111111111111111111111011111111110101111011111111
11111111111110111111111101101111111111111111111011111111111111010111101111111110111101111111111111111111111011110101111111111111
11111111111110111111111111111111111111111101111011111111111111010111100111111110111111011111111111111111111111110101111110111111
11111111111110111111111110011111111111111001111011101111111111111111011111111001111111111111111111111111110111111111111111111111
11111111111111111111111111111111111111111111111011111111011111111111111111111101111111111111111111111111110000111111111011111111
11100111111111111111111111111111111111111110111011111111111111111111111111111111111111011111111111111111111111111111110111111111
11111111111111111111111111111111111111111110111111111111111111111111111111111111111110111111111111111111111111111111111111111111
11111111111111111111111111111111111111110111111100111111111111111111111111111111111111111111111111111111111111111111111111111111
11111111111111111111111111111111111111111111111111111111111111111111111111111111111111111111111111111111111111111111111111111111
11111111111111111111111111111111111111111111111111111111111111111111111111111111111111111111111111111111111111111111111111111111
11111111111111111111111111111111111111111111111111111111111111111111111111111111111111111111111111111111111111111111111111111111