11111111111111111111111111111111111111111111111111111111111111111111111111111111111111111111111111111111111111111111111111111111
11111111111111111111111111111111111111111111111111111111111111111111111111111111111111111111111111111111111111111111111111111111
11111111111111111111111111111111111111111111111111111111111111111111111111111111111111111111111111111111111111111111111111111111
11111111111111111111111111111111111111111111111111111111111111111111111111111111111111111111111111111111111111111111111111111111
11111111111111100111111111111111101111101111111111111111111111111111111111111111111111111111111111111111111111111111111111111111
11111111111111111111111111111111111111111111111111111111101111111111111111111111111111111111111111111111111111111111111111111111
11111111111111111111101111111111111111111111111111111111111111111111111111111111111111111111111111111111111111111111111111111111
11111111111111111111111111111111111111111111001111111111111111111111111111111111111111111111111111111111111111111111111111111111
11111111111111111111111011111111111111111111111111111111111111011111111111111111111111111111111111111111111111111111111111111111
11111111111111111111111011111111111111111111111111111111111111111111111111111111111111111111111011110011111111111111111111111111
11111111111111111111111111111111111111111111111111111111111111111111111111111111111111111111111111111111111111111111111111111111
11111111111111111111111111111111111111111111111111111111111111111111111111111111111111111111111111111111111111111111111111111111
11111111111111111111111111111111111111111111111111111111111111111111111111111111111111111111111111111111111111111111111111111111
11111111111111111111111111111111111111111111111111111111111111111111111111111111111111111111111111111111111111111111111111111111
11111111111111111100110111111111111111111111111111111111111111111111111111111111111111111111111111111111111111111111111111111111
11111111111110101100110011111111110111111011111111011111111111111111111111111111111111111111111111111111111111111111111111111111
11111111111110101100110111111111110111111011111111001111000011111111000111111111111111111111111111111111111111111111111111111111
11111111111110101100110111111111110111111011110111001111000011111111000111111111111111111110001111101110111111111111111111111111
11111111111111101100110111111111110111111011110111001111000011111111000111111111111111111110001111101110110011001111111111111111
11111111111111101100110111111111111111111011110111001111000011111111000111111111111111111110001111101110110011001111111111111111
11111111111111101100110111111111111111111011110111001111000011111111000111111111111111111110001111101110110011001111111111111111
11111111111111101100110111111111111111111011110111001111000011111111000111111111111111111110001111101110110011001111111111111111
11111111111111101100110111101111111111111011110110001111000011111111000111111111111111111110001111101110110011001111111111111111
11111111111111101100110111101111111111111011110110001111000011111111000111111111111111111110001101101110110011001111111111111111
11111111111111101100110111101111111111111011111110001111000011111111000111111111111111111110001101101110110011001011111111111111
11111111111111101100110111101111111111011011111110001111000011111111000111111111111111111110001101101110110011001011111111111111
11111111111111101100110111101111111111011011111110001111000011111111000111111111111111111110001101001110110011001011111111111111
11111111111111101100110111101111111111011011111110001111000011111111000111111111111011111110001101001110110111001011111111111111
11111111111111101100110111101111111111011011111110001111000011111111000111111111111011111110001101001110110111001010111111111111
11111111111111111100110111101111111111011011111110001111000011111111000111111111111011111110001101001110110111001011111111111111
11111111111111111100110111101111111111011011111110001111000011111111000111111111111011111110001101001110110111001010111111111111
11111111111111111000110111101111111111011011111110001111000111111111000111111111111011111110001101001110110111001010111111111111
11111111111111111000110111101111111111011011111110001111000111111111000111111111111011111110011101001110110111001010111111111111
11111111111111111000110111101111111111011011111110001111000111111111000101111111111011111110011101001110110111001010111111111111
11111111111111111000110111101111111111011011111110001111000110111111000101111111111011111110011101001110110111001010111111111111
11111111111111111000110111101111111111011011111110001111000110111111000101111111111011111110011101001110110111001010111111111111
11111111111111111000110111101111111111011011111110001111000110111111001101111111111011111110011101001110110111001010111111111111
11111111111111111000110111101111111111011011111110001111000110111111001101111111111011111110011101001110110111001010111111111111
11111111111111111000110111101111111111111011111110001111000110111111001101111111111011111110011101001110110111001010111111111111
11111111111111111000110111101111111111111011111110001111000110111111001101111111111011111110011101001110110111001010111111111111
11111111111111111000110111111111111111111011111110001111000110111111001101111111111011011110011101001110110111001010111111111111
11111111111111111000110111111111111111111011111110001111000110111111001101111111111011011110011101001110110111001010111111111111
11111111111111111000110111111101111111111011111110001011000110111111001101101111111011011110011101001110110111001010111111111111
11111111111111111000110111111101111111111011111110001011000110101111001111101111111011011110011101001110110111001010111111111111
11111111111111111000110111111101111111111011111110001011000111101111001111101111111011011110011101001110110111001010111111111111
11111111111111111000110111111101111111111011111110001011000111101111001111101111111011011110011101001110110111001010111111111111
11111111111111111000110111111101111111110011111110001011000111101111001111101111111111011110011101001110110111001010111111111111
11111111111111111001110111111101111111110011111110011011000111101111001111101111111111011100011101001110110111001011111111111111
11111111111111111001110111111101111111110011111110011011000111101111001111101111111111011100011101001110110111001010111111111111
11111111111111111001110111111101111111110011111110011011000111101111001111101111111111011100011101001110110111001011111111111111
11111111111111111001110111111111111111110011111110011011000111101111001111101111111111011100011101001110110111001011111111111111
11111111111111111001110111111111111111110011111110011011000111101111001111101111111111011100011101001110110111001011111111111111
11111111111111111001110111111111101111110011111110011011000111111111001111101111111111011100011101001110100111011011111111111111
11111111111111111001100111111111101111110011111110011011000111111111001111101111111111011100011101001100100111011011111111111111
11111111111111111001100111111111101111110011111110011011000111111111001111111011111111011100011101001100100111011011111111111111
11111111111111111001100111111111101111110011111110011011000111111111001111111011111111111100011111001100100111011011111111111111
11111111111111011001100111111111101111110011111110011010000111111011001111111011111111111100011111001100100111011111111111111111
11111111111101011001100111111111101111110011111110011010000111111011001111111011111111111100011111001100100111011111111111111111
11111111111101011001100111111111101111110011111110011110000111111011001111111011111111111100011111001100100111001011111111111111
11111111111101011001100111111111101111110011111110011110000111111011001111111011111111111100011111001100100111001011111111111111
11111111111101011001100111111111101111110011111110011110000111111011001111111011111111111100011111001100100111011111111111111111
11111111111101011001100111111111101111110011111110011110000111111011001111111011111111111100011111001100100111011111111111111111
11111111111101011001100111111111101111110111111110011110000111111011001111111011111111111100011111001100100111011111111111111111
11111111111101011001100111111111101111110111111110011110000111111010001111111011111111111100011111001100100111011111111000000000
11111111111101011001100111111111101111110111101110011110000111111010001111111011111111111100011111001100100111011111111000000000
11111111111101011001100111111111101111110111101110011110000111111010001111111011111111111100011111011100100111011111111000000000
11111111111101011001100111111111101111110111101110011110000111111010001111111011111111111100011111011100100111011111111000000000
11111111111101011001100111111111101111110111101110011110000111111010001111111011111111111100011111011100100111011111111000000000
11111111111101011001100111111111101111110111101110011110000111111010001111111011111111111100011111011100100111011111111000000000
11111111111101011001101111111111101111110111101110011110000111111010001111111011111111111100011111011100100111011111111000000000
11111111111101011001101111011111101111110111101110011110000111111110001111111011111111111100011111011100100111011111111000000000
11111111111101011001101111011111101111110111101110011110000111111110001111111011111111111100011111011100000111011111111000000000
11111111111101011001101111011111101111110111101110011110000111111110001111111011111111111100011111011100100111011111111000000000
11111111111101011001101111011111101111110111101110011110000111111110001111111111111111111100011111011100100111011111111000000000
11111111111101011001101111011111111111110111101110011110000111111110001111111111111111111100011111011100100111011111111000000000
11111111111101011001101111011111111111110111101110011110000111111110001111111111111111111100011111011100100111011111110000000000
11111111111101011001101111011111111110110111101110011110000111111110001111111111111111111100011111011100100111011111110000000000
11111111111111011001101111011111111110110111101110011110000111111110001111111111111111111100011111011101100111011111110000000000
11111111111111011001101111011111111110110111111110011110000111111110001111111111111111111100011111011101100111011111110000000000
11111111111111011001101111011111111110110111111100011110000111111110001111111111111111111100011111011101100111011111110000000000
11111111111111011001101111011111111110110111111100011110000111111110001111111111110111111100011111011101100111011111110000000000
11111111111111011001101111011111111110110111111100011110000111111110001111111111110111111100011111011101100111011111110000000000
11111111111111010001101111011111111110110111111100011110000111111110001011111111110111111100011111011101100111011111110000000000
11111111111111010001101111011111111110110111111100011110000111111110001011111111110111111100011111011101100111011111110000000000
11111111111111010001101111011111111110110111111100011110000111111110001011111111110111111100011011011101100111011111111111111111
11111111111111010001101111011111111110110111111100011110000111111110001011111111110111111100011011011101100111011111111111111111
11111111111111110001101111011111111110110111111100011110000111111110001011111111110111111100011011011101100111011111111111111111
11111111111111110001101111011111111110110111111100011110001111111110001011111111110111111100011011011101100111011111111111111111
11111111111111110001101111011111111110110111111100011110001111111110001011111111110111111100011011011101100111011111111111111111
11111111111111110001101111011111111110110111111100011110001111111110001011111111110111111100111011011101100111011111111111111111
11111111111111110001101111011111111110110111111100010110001111111110011011111111110111111100111011011101100110011111111111111111
11111111111111110001101111011111111110110111111100010110001101111110011011011111110111111100111011011101100110011111111111111111
11111111111111110001101111011011111110110111111100010110001101011110011011011111110111111100111011011101100110011111111111111111
11111111111111110001101111011011111110110111111100010110001101011110011011011111110111111100111011011101100110011111111111111111
11111111111111110001101111011011111110110111111100010110001101011110011011011111110111111100111011011101100110011111111111111111
11111111111111110001101111111011111111110111111100010110001101011110011011011111110111111100111011011101101110011111111111111111
11111111111111110001101111111011111111110111111100010110001101011110011011011111110111111100111010011101101110011111111111111111
11111111111111110001101111111011111111100111111100010110001101011110011011011111110111111100111010011101101110010111111111111111
11111111111111110001101111111011111111100111111100010110001101011110011111011111110111111100111010011101101110010111111111111111
11111111111111110001101111111011111111100111111100010110001101011110011111011111110111111100111010011101101110010111111111111111
11111111111111110001101111111011111111100111111100010110001101011110011111011111110111111100111010011101101110010111111111111111
11111111111111110001101111111011011111100111111100110110001101011110011111011111110110111100111010011101101110010111111111111111
11111111111111110001101111111011011111100111111100110110001101011110011111011111110110111100111010011101101110010111111111111111
11111111111111110001101111111011011111100111111100110110001101010110011111010111110110111100111010011101101110010101111111111111
11111111111110110011101111111011011111100111111100110110001101010110011111010111110110111100111010011101101110010101111111111111
11111111111110110011001111111011011111100111111100110110001101010110011111010111110110111100111010011101101110010101111111111111
11111111111110110011001111111011011111100111111100110110001111110110011111010111110110111100111010011101101110010101111111111111
11111111111110110011001111111011011111100111111100110110001111110110011111010111111110111100111010011101101110010101111111111111
11111111111110110011001111111011011111100111111100110110001111110110011111110111111110111100111110011101101110010101111111111111
11111111111110110011001111111011011111100111111100110110001111110110011111110111111110111100111110011101101110010101111111111111
11111111111110110011001111111011011111100111111100111110001111110110011111110111111110111100111110011101101110010101111111111111
11111111111010111111111111111111011111100111111100111100001111110110011111110111111110111100111110011101101110010101111111111111
11111111111110111111111111111111111111111111111100111110001111110110011111110111111110111100111110011101101110010101111111111111
11111111111110111111111111111111111111111111111111111111111111110111111111111111111111111100111110011101101110010101111111111111
11011111111010111111111111111111111111111111111111111111111111110111111111111111111111111111111111111111111111110101111111111111
11111111111010111101111111111111101111111111111111111111111111110111111111111111111111111111111111111111111111110101111111111111
11111111111010111111111111111111111111111111111111111111011111110111111111111111111111111111111111111111111111110101111111111111
11010111111110111111111100111111111111101111111111111111011111110111111111111111111111111111111111111111111111110101111111111111
11101111111111111111111111111111111111111111111111111111111111110111111111111011111111111111111111110111111101110101111111111111
11101111111111111111111111011111111111111111111111111111111111110111111111111011111111111111111111111111111111110101111111111111
11111111111111111111111111011111111111111111111001111111111111111111110111110111111111111111111111111111111111110101111111111111
11111111111111111111111110111111111111111111111111111111111111111111110111110111111111111111111111111111111111111111111111111111
11111111111111111111111111111111111111111111111111111111111111111111111111111111111111111111111111111111111111111111111111111111
11111111111111111111111111111111111111111111111111111111111111111111111111111111111110111111111111111111111111111111111111111111
11111111111111111111111111111111111111111111111111111111111111111111111111111111111111111111111111111111111111111111111111111111
11111111111111111111111111111111111111111111111111111111111111111111111111111111111111111111111111111111111111111111111111111111
11111111111111111111111111111111111111111111111111111111111111111111111111111111111111111111111111111111111111111111111111111111
11111111111111111111111111111111111111111111111111111111111111111111111111111111111111111111111111111111111111111111111111111111