11111111111111111111111111111111111111111111111111111111111111111111111111111111111111111111111111111111111111111111111111111111
11111111111111111111111111111111111111111111111111111111111111111111111111111111111111111111111111111111111111111111111111111111
11111111111111111111111111111111111111111111111111111111111111111111111111111111111111111111111111111111111111111111111111111111
11111111111111111111111111111111111111111111111111111111111111111111111111111111111111111111111111111111111111111111111111111111
11111111111111111111111111111111111111111111111111111111111111111111111111111111111111111111111111111111111111111111111111111111
11111111111111111111111111111111111111111111111111111111111111111111111111111111111111111111111111111111111111111111111111111111
11111111111111111111111111111111111111111111111111111111111111111111111111111111111111111111111111111111111111111111111111111111
11111111111111111111111111111111111111111111111111111111111111111111111111111111111111111111111111111111111111111111111111111111
11111111111111111111111111111111111111111111111111111111111111111111111111111111111111111111111111111111111111111111111111111111
11111111111111111111111111111111111111111111111111111111111111111111111111111111111111111111111111111111111111111111111111111111
11111111111111111111111111111111111111111111111111111111111111111111111111111111111111111111111111111111111111111111111111111111
11111111111111111111111111111111111111111111111111111111111111111111111111111111111111111111111111111111111111111111111111111111
11111111111111111111111111111111111111111111111111111111111111111111111111111111111111111111111111111111111111111111111111111111
11111111111111111111111111111111111111111111111111111111111111111111111111111111111111111111111111111111111111111111111111111111
11111111111111111111111111111111111111111111111111111111111111111111111111111111111111111111111111111111111111111111111111111111
11111111111111111111111111111111111111111111111111111111111111111111111111111111111111111111111111111111111111111111111111111111
11111111111111111111111111111111111111111111111111111111111111111111111111111111111111111111111111111111111111111111111111111111
11111111111111111111111111111011111111111111111111111111111111111111111111111111111111111111111111111111111111111111111111111111
11111111111111111111111111111011111111111111101111001111101111110111110111111111111111111111111111111111111111111111111111111111
11111111111111111111111111111011111111111111101111001111101111110111110111101111111111111011011111111111111111111111111111111111
11111111111111111111111111111011111111111111101111001111101111110111110111101111111111111011011111111111111111111111111111111111
11111111111111111111111111111011111111111111101111001111101111110111110111101111111111111011011111111111111111111111111111111111
11111111111111111111111111111011111111111111101111001111101111110111110111101111111111111011011111111111111111111111111111111111
11111111111111111111111111111011111111111111101111001111101111110111110111101111111111111011011111111111111111111111111111111111
11111111111111111111111111111011111111111111111111001111101111110111110111101011111111111011011111111111111111111111111111111111
11111111111111111111111111111011111111111111111111001111101111110101110111101011111111111011011111111111111111111111111111111111
11111111111111111111111111111011111111111111111111001111101111110101110111101011111111111011011111111111111111111111111111111111
11111111111111111111111111111011111111111111111111001111101111110101110111101011111111111011011111111111111111111111111111111111
11111111111111111111111111111011111111111111111111001111101111110101110111101011111111111011011111111111111111111111111111111111
11111111111111111111111111111011111111111111111111001111101111110101110111101011111111111011011111111111111111111111111111111111
11111111111111111111111111111011111111111111111111001111101111110101110111101011111111111011011111111111111111111111111111111111
11111111111111111111111111111011111111111111111111011111101111110101110111101011111111111011011111111111111111111111111111111111
11111111111111111111111111110011111111111111111111011111101111110101110111101011111111111011011111111111111111111111111111111111
11111111111111111111111111110011111111111111111111011111101111110101110111101011111111111011011111111111111111111111111111111111
11111111111111111111111111110011111111111111111111011111101111110101110111101011111111111011011111111111111111111111111111111111
11111111111111111111111111110011111111111111111111011111101111110101110111101011111111111011011111111111111111111111111111111111
11111111111111111111111111110011111111111111111111011111101111110101110111101011111111111011011111111111111111111111111111111111
11111111111111111111111111110010111111111111111111011111101111110101100111101011111111110011011111111111111111111111111111111111
11111111111111111111111111110010111111111111111111011111101111110101100111101011111111110011011111111111111111111111111111111111
11111111111111111111111111110010111111111111111111011111101111110101100111101011111111110011011111111111111111111111111111111111
11111111111111111111111111110010111111111111111111011111101111110101100111101011111111110011011111111111111111111111111111111111
11111111111111111111111111110010111111111111111111011111101111110101100111101011111111110011011111111111111111111111111111111111
11111111111111111111111111110010111111111111111111011111101111110101100111101011111111110011011111111111111111111111111111111111
11111111111111111111111111110010111111111111111111011111101111110101100111101011111111110011011111111111111111111111111111111111
11111111111111111111111111110010111111111111111111011111111111110101100111101011111111110011011111111111111111111111111111111111
11111111111111111111111111110010111111111111111111011111111111110101100111101011111111110011011111111111111111111111111111111111
11111111111111111111111111110010111111111111111111011111111111110101100111101011111111110011011111111111111111111111111111111111
11111111111111111111111111110010111111111111111111011111111111110101100111111011111111110011011111111111111111111111111111111111
11111111111111111111111111110110111111111111011111011111111111110101100111111011111111110010011111111111111111111111111111111111
11111111111111111111111111110110111111111111011111011111111111110101100111111011111111110010011111111111111111111111111111111111
11111111111111111111111111110110111111111111011111011111111111110101100111111011111111110010011111111111111111111111111111111111
11111111111111111111111111110110111111111111011111011111111111111101100111111011111111110010011111111111111111111111111111111111
11111111111111111111111111110110111111111111011111011111111111111101100111111011111111110010011111111111111111111111111111111111
11111111111111111111111111110110111111111111011111011111111111111101100111111011111111110010011111111111111111111111111111111111
11111111111111111111111111110110111111111111011111011111111111111101100111111011111111110010011111111111111111111111111111111111
11111111111111111111111111110110111111111111011111011111111111111101100111111011111111110010011111111111111111111111111111111111
11111111111111111111111111110110111111111111011111011111111111111101100111111011111111110010011111111111111111111111111111111111
11111111111111111111111111110110111111111111011111011111111111111101100111111011111111110010011111111111111111111111111111111111
11111111111111111111111111110110111111111111011111011111111111111101100111111011111111110010011111111111111111111111111111111111
11111111111111111111111111110110111111111111011111011111111111111101100111111011111111110010011111111111111111111111111111111111
11111111111111111111111111110110111111111111011110011111111111111101100111111011111111110010011111111111111111111111111111111111
11111111111111111111111111110110111111111111011110011111111111111101100111111011111111110010010111111111111111111111111111111111
11111111111111111111111111110110111111111111011110011111111111111101100111111011111111110010011111111111111111111111111111111111
11111111111111111111111111110110111111111111011110011111111111111101100111111011111111110010011111111111111111111111111111111111
11111111111111111111111111110111111111111111011110011111111111111101100111111011111111110010010111111111111111111111111111111111
11111111111111111111111111110111111111111111011110011111111111111101100111111011111111110010011111111111111111111111111111111111
11111111111111111111111111110111111111111111011110011111111111111101100111111011111111110010010111111111111111111111111111111111
11111111111111111111111111110111111111111111011110011111111111111101100111111011111111110010010111111111111111111111111111111111
11111111111111111111111111110111111111111111011110011111011111101101100111111011111111110010010111111111111111111111111111111111
11111111111111111111111111110111111111111111011110011111011111111101100111111011111111110010010111111111111111111111111111111111
11111111111111111111111111110111111111111111011110011111011111101101100111111011111111110010010111111111111111111111111111111111
11111111111111111111111111110111111111111111011110011111011111101101100111011011111111110010010111111111111111111111111111111111
11111111111111111111111111110111111111111111011110011111011111101101101111011011111111110010011111111111111111111111111111111111
11111111111111111111111111110111111111111111011110011111011111101101101111011011111111110010011111111111111111111111111111111111
11111111111111111111111111110111111111111111011110011111011111101111101111011011111111110010010111111111111111111111111111111111
11111111111111111111111111110111111111111111011110011111011111101111101111011011111111110010010111111111111111111111111111111111
11111111111111111111111111110111111111111111011110011111011111101111101111011011111111110010010111111111111111111111111111111111
11111111111111111111111111110111111111111111011110011111011111101111101111011011111111110010011111111111111111111111111111111111
11111111111111111111111111100111111111111111011110011111011111101111101111011011111111110010011111111111111111111111111111111111
11111111111111111111111111100111111111111111011110011111011111101111101111011011111111110010011111111111111111111111111111111111
11111111111111111111111111100111111111111111011110011111011111101111101111011011111111110010011111111111111111111111111111111111
11111111111111111111111111100111111111111111111110011111011111101111101111011011111111110010011111111111111111111111111111111111
11111111111111111111111111100111111111111111111110011111011111101111101111011111111111110010011111111111111111111111111111111111
11111111111111111111111111100111111111111111111110011111011111101111101111011111111111110010011111111111111111111111111111111111
11111111111111111111111111100111111111111111111110011111011111101111101111011011111111110010011111111111111111111111111111111111
11111111111111111111111111100111111111111111111110011111011111101111101111011111111111110010011111111111111111111111111111111111
11111111111111111111111111100101111111111111111110011111011111101111101111011111111111110010011111111111111111111111111111111111
11111111111111111111111111100101111111111111111110011111011111101111101111011111111111110010011111111111111111111111111111111111
11111111111111111111111111100101111111111111111110111111011111101111101111011111111111110010011111111111111111111111111111111111
11111111111111111111111111100101111111111111111110111111011111101111101111011111111111110010011111111111111111111111111111111111
11111111111111111111111111100101111111111111111110111111011111101111101111011111111111110010011111111111111111111111111111111111
11111111111111111111111111100101111111111111111110111111011111101111101111011111111111110010011111111111111111111111111111111111
11111111111111111111111111100101111111111111111110111111011111101111101111011111111111110010011111111111111111111111111111111111
11111111111111111111111111100101111111111111111110111111011111101011101111011111111111110010011111111111111111111111111111111111
11111111111111111111111111100101111111111111111110111111011111101011101111011111111111110010011111111111111111111111111111111111
11111111111111111111111111101101111111111111111110111111011111101011101111011111111111110010011111111111111111111111111111111111
11111111111111111111111111101101111111111111111110111111011111101011101111011111111111110110011111111111111111000000000000000000
11111111111111111111111111101101111111111111111110111111011111101011101111011111111111110110011111111111111111000000000000000000
11111111111111111111111111101101111111111111111110111111011111101011101111011111111111110110011111111111111111000000000000000000
11111111111111111111111111101101111111111111111110111111011111101011101111011111111111110110011111111111111111000000000000000000
11111111111111111111111111101101111111111111111110111111011111101011101111011111111111110110011111111111111111000000000000000000
11111111111111111111111111101101111111111111111110111111011111101011101111011111111111110110011111111111111111000000000000000000
11111111111111111111111111101101111111111111111110111111011111101011101111011111111111110110011111111111111111000000000000000000
11111111111111111111111111101101111111111111111110111111011111101011101111011111111111110110011111111111111111000000000000000000
11111111111111111111111111101101111111111110111110111111111111101011101111011111111111110110011111111111111111000000000000000000
11111111111111111111111111101101111111111110111110111111011111101011101111010111111111110110011111111111111111000000000000000000
11111111111111111111111111101101111111111110111110111111111111101011001111010111111111110110011111111111111111000000000000000000
11111111111111111111111111111111111111111110111110111111111111101011001111010111111111110110011111111111111111000000000000000000
11111111111111111111111111111111111111111111111110111111111111101011001111010111111111110110011111111111111111000000000000000000
11111111111111111111111111111111111111111111111111111111111111101011001111010111111111110110011111111111111111000000000000000000
11111111111111111111111111111111111111111111111111111111111111111111111111111111111111110110011111111111111111000000000000000000
11111111111111111111111111111111111111111111111111111111111111111111111111111111111111111110011111111111111111000000000000000000
11111111111111111111111111111111111111111111111111111111111111111111111111111111111111111111111111111111111111000000000000000000
11111111111111111111111111111111101111111111111111111111111111111111111111111111111111111111111111111111111111000000000000000000
11111111111111111111111111111111111111111111111111111111111111111111111111111111111111111111111111111111111111000000000000000000
11111111111111111111111111111111111111111111111111111111111111111111111111111111111111111111111111111111111111000000000000000000
11111111111111111111111111111111111111111111111111111111111111111111111111111111111111111111111111111111111111000000000000000000
11111111111111111111111111111111111111111111111111111111111111111111111111111111111111111111111111111111111111111111111111111111
11111111111111111111111111111111111111111111111111111111111111111111111111111111111111111111111111111111111111111111111111111111
11111111111111111111111111111111111111111111111111111111111111111111111111111111111111111111111111111111111111111111111111111111
11111111111111111111111111111111111111111111111111111111111111111111111111111111111111111111111111111111111111111111111111111111
11111111111111111111111111111111111111111111111111111111111111111111111111111111111111111111111111111111111111111111111111111111
11111111111111111111111111111111111111111111111111111111111111111111111111111111111111111111111111111111111111111111111111111111
11111111111111111111111111111111111111111111111111111111111111111111111111111111111111111111111111111111111111111111111111111111
11111111111111111111111111111111111111111111111111111111111111111111111111111111111111111111111111111111111111111111111111111111
11111111111111111111111111111111111111111111111111111111111111111111111111111111111111111111111111111111111111111111111111111111
11111111111111111111111111111111111111111111111111111111111111111111111111111111111111111111111111111111111111111111111111111111
11111111111111111111111111111111111111111111111111111111111111111111111111111111111111111111111111111111111111111111100011111111