11111111111111111111111111111111111111111111111111111111111111111111111111111111111111111111111111111111111111111111111111111111
11111111111111111111111111111111111111111111111111111111111111111111111111111111111111111111111111111111111111111111111111111111
11111111111111111111111111111111111111111111111111111111111111111111111111111111111111111111111111111111111111111111111111111111
11111111111111111111111111111111111111111111111111111111111111111111111111111111111111111111111111111111111111111111111111111111
11111111111111111111111111111111111111111111111111111111111111111111111111111111111111111111111111111111111111111111111111111111
11111111111111111111111111111111111111111111111111111111111111111111111111111111111111111111111111111111111111111111111111111111
11111111111111111111111111111111111111111111111111111111111111111111111111111111111111111111111111111111111111111111111111111111
11111111111111111111111111111111111111111111111111111111111111111111111111111111111111111111111111111111111111111111111111111111
11111111111111111111101111111111111111111111111111111111111111111111111111111111111111111111111111111111111111111111111111111111
11111111111111111111111111111111111111111111111111111111111111111111111111111111111111111111111111111111111111111111111111111111
11111111111111111111111111111111111111111111111111111111111111111111111111111111111111111111111111111111111111111111111111111111
11111111111111111111111111111111111111111111111111111111111111111111111111111111111111111111111111111111111111111111111111111111
11111111111111111111111111111111111111111111111111111111111111111111111111111111111111111111111111111111111111111111111111111111
11111111111111111111111111111111111111111111111111111111111111111111111111111111111111111111111111111111111111111111111111111111
11111111111111111111111111111111111111111111111111111111111111111111111111111111111111111111111111111111111111111111111111111111
11111111111111111111111111111111111111111111111111111111111111111111111111111111111111111111111111111111111111111111111111111111
11111111111111111111001111111111111111111111111111101110111011111111111001111101110111110111111111110011111111111111111111111111
11111111111111111111001100111111111111111111011111101110111011111111110001111101110111110011111111110011111111111111111111111111
11111111111111111111001100111111111111111111011111101110111011111111110001111101110111110011111111110011111011111111111111111111
11111111111111111111001100111111111111111110011111101110111011111111110001111101110110100011111111110011111011111111111111111111
11111111111111111111001101111111111111111110011111101110111011111111110001111101110110100011111111110011111011111111111111111111
11111111111111111111001101111111111111111110111111101110111011111111110001111101110110100011111111110011111011111111111111111111
11111111111111111111001101111111111111111110111111101110111011111111110001111101110110100011111111110011111011111111111111111111
11111111111111111011001101111111111111111110111111101110111011111111110001111101110110100011111111110011111011111111111111111111
11111111111111111011001101111111111111111110111111101110111011111111110001111101110110100011111111110011111011111111111111111111
11111111111111111011001101111111111111111110111111101110111011111111110001111101110110100011111111110011101011111111111111111111
11111111111111111011001101111111111111111110111111101110111011111111110001111101110110100011111111110011111011111111111111111111
11111111111111111011001101111111111111111110111111101110111011111111110001111101110110100011111111110011111011111111111111111111
11111111111111111011001101111111111111111110111111101110111011111111110001111101110110100011111111110011111011111111111111111111
11111111111111111111001101111111111101111110111111101110111011111111110001111101110110100011111111110011101011111111111111111111
11111111111111111111001101111111111101111110111111101110111011111111110001111101110110100011111111110011101011111111111111111111
11111111111111111111001101111111111111111110111111101110111011111111110001111101110110100011111111110011101011111111111111111111
11111111111111111111001101111111111111111110111111101110111011111111110001111101110110100011111111110011101011111111111111111111
11111111111111111111001101111111111111111110111111101110111011111111110001111101110111100011111111110011101011111111111111111111
11111111111111111111001101111111111111111110111111101110111011111111110001111101110111100011111111110011101011111111111111111111
11111111111111111111001101111111111111111110111111101110111011111111110001111101110111100011111111110011101011111111111111111111
11111111111111111111001101111111111111111110111111101110111011111111110001111101110111100011111111110011101011111111111111111111
11111111111111111111001101111111111111111110111111101110111011111111110001111101110111100011111111110011101011111111111111111111
11111111111111111111001101111111111111111110111111101110111011111111110001111101110111100011111111110011101011111111111111111111
11111111111111111110001101111111111111111110111111101110111011111111110001111101110111100011111111110011101011111111111111111111
11111111111111111110001101111111111111111110111111101110111011111111110001111101110111100011111111110011101011111111111111111111
11111111111111111110001101111111111111111110111111101110111011111111110001111101110111100011111111110011101011111111111111111111
11111111111111111110001101111111111111111110111111101110111011111111110001111101110111100011111111110011101011111111111111111111
11111111111111111110001101111111111111111110111111101110110011111111110001111101110111100011111111110011101011111111111111111111
11111111111111111110001101111111111111111110111111101110110011111111110001111101110111100011111111110011101011111111111111111111
11111111111111111110001101111111111111111110111111101110110011111111110001111101110111100011111111110011101011111111111111111111
11111111111111111110001101111111111111111110111111101110110011111111110001111101110111100011111111110011101011111111111111111111
11111111111111111110001101111111111111111110111111101110110011111111110001111101110111100011111111110011101011111111111111111111
11111111111111111110001101111011111111111110111111101110110011111111110001111101110111100011111111110011101011111111111111111111
11111111111111111110001101111011111111111110111111101110110011111111110001111101110111100011111111110011101011111111111111111111
11111111111111111110001101111011111111111110111111101110110011111111110001111101110111100011111111110011101011111111111111111111
11111111111111111110001101111011111111111110111111101110110011111111110011111101110111100011111111110011101011111111111111111111
11111111111111111110001101111011111111111110111111001110110011111111110011111101110111100011111111110011101011111111111111111111
11111111111111111110001101111011111111111110111111001110110011111111110011111101110111100011111111110011101011111111111111111111
11111111111111111110001101111011111111111110111111001110110011111111110011111101110111100011111111110011101011111111111111111111
11111111111111011110001101111011111111111110111111001110110011111111110011111101110111100011111111110011101011111111111111111111
11111111111111011110001101111011111111111110111111001110110011111111110011101101110111100011111111110011101011111111111111111111
11111111111111011110001101111011111111111110111111001110110111111111110011101101110111100011111111110011101011111111111111111111
11111111111111011110001101111011111111111110111111001110110111111111110011101101110111100011111111110011101011111111111111111111
11111111111111011110011101111011111111111110111111001110110111111111110011101101110111100011111111110011101011111111111111111111
11111111111111011110011101111111111111111110111111001110110111111111110011101101110111100011111111110011101011111111111111111111
11111111111111011110011101111111111111110110111111001110110111111111110011101101110111100011111111110011101011111111111111111111
11111111111111011110011101111111111111110110111111001110110111111111110011101101110111100011111111110011101011111111111111111111
11111111111111011110011101111111111111110110111111001110110111111111110011101101110111100011111111110011101011111111111111111111
11111111111111011110011101111111111111110110111111001110110111111111110011101101110111100111111111110011101011111111111111111111
11111111111111010110011101111111011111110110111111001110110111111111110011101101110111100111111111110011101011111111111111111111
11111111111111010110011101111111011111110110111111001110110111111111110011101101110111100111111111110011101011111111111111111111
11111111111111010110011101111111111111111110111111001110110111111111110011101101110111100111111111110011101011111111111111111111
11111111111111010110011101111111111111111110111111001110110111111111110011101001110111100111111111110011101011111111111111111111
11111111111111010110011001111111111111111110111111001110110111111111110011101001110111100111111111110011101011111111111111111111
11111111111111010110011001111111111111111110111111001110110111111111110011101001110111100111111111110011101011111111111111111111
11111111111111010110011001111111111111111110111111001110110111111111110011101001110111100111111111110011101011111111111111111111
11111111111111110110011001111111111111111110111111001110110111111111110011101001110111100111111111110011101011111111111111111111
11111111111111110110011001111111111111111110111111001110110111101111110011101001110111100111111111110011101011111111111111111111
11111111111111110110011001111111111111111110111111001110110111101111110011101001110111100111011111110011101011111111111111111111
11111111111111110110011001111111111111111110111111001110110111101111110011101001110111100111011111110011101011111111111111111111
11111111111111110110011001111111111011111110111111001110110111101111110011101001110111100111011111110011101011111111111111111111
11111111111111110110011001111111111011111110111111001110110111101111110011101001110111100111011111110011101011111111111111111111
11111111111111110110011001111111111011111110111111001110110111101111110011111001110111100111011111110011101011111111111111111111
11111111111111110110011001111111111011111110111111001110110111101011110011111001110111100111111111110011101011111111111111111111
11111111111111110100011001111111111011111110111111001110110111101011110011111001110111100111111111110011101011111111111111111111
11111111111111110100011001111111111011111110111111001110110111101111110011111001110111100111011111110011101011111111111111111111
11111111111111110100011001111111111011111110111111011110110111101111110011111001110111100111011111110011101011111111111111111111
11111111111111110100011001111111111011111110111111011100110111101111110011111001110111100111011111110011101011111111111111111111
11111111111111110100011011111111111011111100111111011100110111111111110011111001110111100111011111110011101011111111111111111111
11111111111111111100011011111111111011111100111111011100110111111111110011111001110111100111011111110011101011111111111111111111
11111111111111111100011011111111111011111100111111011100110111111111110011111001110111100111011111110011101011111111111111111111
11111111111111111100011011111111111011111100111111011100110111111111110011111001110111100111011111110011101011111111111111111111
11111111111111111100011011111111111011111100111111011100110111111111110011111001110111100111011111110011101011111111111111111111
11111111111111111100011011111111111011111100111111011100110111111111110011111001110111100111011111110011101011111111111111111111
11111111111111111100011011111111111011111100111111011100110111111111110011111001110111100111011111110011101011111111111111111111
11111111111111111100011011111111111011111100111111011100110111111111110011111001110111100111011111110011101011111111111111111111
11111111111111111100011011111111111011111100111111011100110111111111110011111001110111100111011111110011101011111111111111111111
11111111111111111100011011110111111011111100111111011100110111111111110011111001110111100111011111110011101011111111111111111111
11111111111111111100011011110111111011111100111111011100110111111111110011111001110111100111011111110011101011111111111111111111
11111111111111111100011011110111111011111100111111011100110111111111110011111001110111100111011111110011101011111111111111111111
11111111111111111100011011110111111011111100111111011100110111111110110011111001110111100111011111110011101011111111111111111111
11111111111111111100011011110111111011111100111111011100110111111110110011111001110111100111011111110011101011111111111111111111
11111111111111111100011011110111111011111100111111011100110111111110110011111001110111100111011111110011101011111111111111111111
11111111111111111100011011110111111011111101111111011100110111111110110011111001110111100111011111110011101011111111111111111111
11111111111111111100011011110111111111111101111111011100110111111110110011111001110111100111011111110011101011111111111111111111
11111111111111111100011011110111111111111101111111011100110111111110110011111001110111100111011111110011101011111111111111111111
11111111111111111100011011110111111111111101111111011100110111111110110011111001110111100111011111110011101011111111111111111111
11111111111111111100011011110111111111111101111111011100110111111110110011111001110111100111011111110011101011111111111111111111
11111111111111111100011011110111111111111101111111011100110111111110110011111001110111100111011111110011101011111111111111111111
11111111111111111100011011110111111111111101111111011100110111111110110011111001110111100111011111110011101011111111111111111111
11111111111110111100011011110111111111111101111111011100110111111110110011111001110111100111011111110011101011111111111111111111
11111111111110111100011011110111111111111101111111011100100111111110110011111001110111100111011111110011101011111111111111111111
11111111111110111100011011110111111111111101111111011100100111111110110011111001110111100111011111110011101011111111111111111111
11111111111110111100011011110111111111111101111011011100100111111110110011111001110111100111011111110011101011111111111111111111
11111111111110111100011011110111111111111101111011011100100111111111110011111001110111100111111111110011111111111111111111111111
11111111111110111100011011110111111111111101111011011100110111111111110011111111111111111111111111111111111111111111111111111111
11111111111110111100111011111111111111111111111111111111111111111111111111111111111111111111111111111111111111111111111111111111
11111111111110111111111111111111111111111111111111111111111111111111111111111111111111111111111111111111111111111111111111111111
11111111111110111111111111111111111111111111111111111111111111111111111111111111111111111111111111111111111111111111111111111111
11111111111111111111111111111111111111111111111111111111111111111111111111111111111111111111111111111111111111111111111111111111
11111111111111111111111111111111111111111111111111111111111111111111111111111111111111111111111111111111111111111111111111111111
11111111111111101111111111111111111111111111111111111111111111111111111111111111111111111111111111111111111111111111111111111111
11111111111111101111111111111111111111111111111111111111111111111111111111111111111111111111111111111111111111101111111111111111
11111111111111111111111111111111111111111111111111111111111111111111111111111111111111111111111111111111111111111111111111111111
11111111111111111111111111111111111111111111111111111111111111111111111111111111111111111111111111111111111111111111111111111111
11111111111111111111111111111111111111111111111111111111111111111111111111111111111111111111111111111111111111111111111111111111
11111111111111111111111111111111111111111111111111111111111111111111111111111111111111111111111111111111111111111111111111111111
11111111111111111111111111111111111111111111111111111111111111111111111111111111111111111111111111111111111111111111111111111111
11111111111111111111111111111111111111111111111111111111111111111111111111111111111111111111111111111111111111111111111111111111
11111111111111111111111111111111111111111111111111111111111111111111111111111111111111111111111111111111111111111111111111111111
11111111111111111111111111111111111111111111111111111111111111111111111111111111111111111111111111111111111111111111111111111111
11111111111111111111111111111111111111111111111111111111111111111111111111111111111111111111111111111111111111111111111111111111