11111111111111111111111111111111111111111111111111111111111111111111111111111111111111111111111111111111111111111111111111111111
11111111111111111111111111111111111111111111111111111111111111111111111111111111111111111111111111111111111111111111111111111111
11111111111111111111111111111111111111111111111111111111111111111111111111111111111111111111111111111111111111111111111111111111
11111111111111111111111111111111111111111111111111111111111111111111111111111111111111111111111111111111111111111111111111111111
11111111111111111111111111111111111111111111111111111111111111111111111111111111111111111111111111111111111111111111111111111111
11111111111111111111111111111111111111111111111111111111111111111111111110111111111111111111111111111111111111111111111111111011
11111111111111111111111111111111111111111111111111111111111111111111111110111111111111111111111111111111111011110111111111111111
11111111111111111111111111111111111111111111111111111111111111111111111111111111111111111111111111111111110111110011111111111111
11111111111111111111111111111111111111111111001111111111111110011111111111111111111101111111111111111111111111110011111111101111
11111111111111111111100111111111110111111111111111111111111111111111111111111111111110111111111111111111111111111111111111101111
11111111111111111111110111111111111111111111111111111111111111111111111111111111111111111111111011111111111011111111111111111111
11111111111111111111111111111111111111111111111111111111111111111111111111111111111111111111111111111111111111111111111111111111
11111111111111111111111111111111111111111111111111111111111111111111111111111111111111111111111111111111111111111111111111111111
11111111111111111111111111111111111111111111111111111111111111111111111111111111111111111111111111111111111111111111111111111111
11111111111111111111111111111111111111111111111111111111111111111111111111111111111111111111111111111111111111111111111111111111
11111111111111111111111111111111111111111111111111111111111111111111111111111111111111111111111111111111111111111011111111111111
11111111111111111111111111111111111111111111111111111111111111111111111111111111111111111111111111111111001110011011101011111111
11111111111111111111111111111111111111111111111110011101111101110010000000011101100111111110111111111111000110011011101011111111
11111111111111111000110111111111110111101001111000011101111101000010000000011101100111111110111111111111000110011011101011111111
11111111111111111000110111111111110111100001111000011101111100000000000000011101100111111110111111111111000110011011101011111111
11111111111111111000110111111111110111100001111000011101111100000000000000011100000111111110111111111111000110011011101011111111
11111111111111111000110111111111111111100001111000011101111100000000000000011101100111111110111111111111000110011011101011111111
11111111111111111000110111111111110111100001111000011101111100000000000000011101100111111110111111111111000110011001101011111111
11111111111111111000110111111111111111100001111000011101111100000000000000011100000111111110111111111111000110011001101011111111
11111111111111111000110111111111111111100001111000011101111100000000000000011100100111111111111111111111000110011001101111111111
11111111111111111000110111111111111111100001111000011101111100000000000000011100100111111111111111111111000111011001101111111111
11111111111111111000110111111111111111100001111000011101111100000000000000011100100111111111111111111111000111011001101111111111
11111111111111111000110111111111111111100001111000011101111100000000000000011100100111111111111111111111000111011001101011111111
11111111111111111000110111111111111111100001111000011101111100000000000000011100100111111111111111111111000111011001101111111111
11111111111111111000110111111111111111100001111000011101111100000000000000011100000111111111111111111111000111001001101111111111
11111111111111111000110111111111111111100001111000011101111100000000000000011100100111111111111111111111000111001001101111111111
11111111111111101000110111111111111111100001111000011101111100000000000000011100000111111111111111111111000111001001101111111111
11111111111111101000110111111110111111100001111000011100111100000000000000011100000111111111111101111111000111001001101111111111
11111111111111101000010011111110111111100001111000011100111100000000000000011100000111111111111101111111000111001001110011111111
11111111111111101000010011111110111111100001111000011100111100000000000000011100000111111111111101111111000111001001110111111111
11111111111111101000010011111110111111100001111000011100111100000000000000011100000111111111111101111111000111001001110111111111
11111111111111101000000011111110111111100001111000011100111100000000000000011100000111111111111101111111000111001001110111111111
11111111111111101000000011111110111111100001111000011100111100000000000000011100000111111111111101111101000111001001110111111111
11111111111111101000000011111110111111100001111000011100111100000000000000011100000111111111111101111101000111001001111101111111
11111111111111101100000011111110111111100001111000011100111100000000000000011100000111111111111101111101000111001001111101111111
11111111111111101100010011111110111111100001111000011100111100000000000000011100100111111111111101111101000111001001111101111111
11111111111111101100010011111110111111100001111000011100111100000000000000011100000111011111111101111101000111001001111101111111
11111111111111101100010011111110111111100001111000011100111100000000000000011100000111011111111101111101000111001001110101111111
11111111111111101100010011111110111111100001111000011100111100000000000000011100000111011111110101111101000111001001110101111111
11111111111111101100000011111110111111100001111100011100111100000000000000011100000111011111110101111101000111001001110101111111
11111111111110101100000011111110111111100001111100011100111100000000000000011100000111011111110101111101000111001001110101111111
11111111111110101100000011111110111111100001111100011100111100000000000000011100000111011111110101111101000111001001110101111111
11111111111110111100000011111110111111100001111100011100111100000000000000011100000111011111110101111101000111001001110101111111
11111111111110111100000011111110111111110001111100011100111100000000000000011100000111011111110101111101000111001001110101111111
11111111111110111100000011111111111111110001111100011110111100000000000000011100000111011111110101111101000111001001110101111111
11111111111110111100000011111111111111110001111100011110111100000000000000011100000111011111110101111101000111001001110101111111
11111111111110111100000011110111111111110001111100011110111100000000000000011100000111011111010101111101000111001001110101111111
11111111111110111100000011110111111111110001111100011110111100000000000000011100000111011111010101111101000111001001110101111111
11111111111110111100000011110111111111110000111100001110111100000000000000011100000111111111010101111101000111001001110101111111
11111111111110111100000011110111111111110000111100001110111100000000000000001110000111111111010111111101000111001001110101111111
11111111111110111100000011110111111111110000111100001110111100000000000000001110000111111111010111111101000111001001110101111111
11111111111110111100000011110111111111110000111100001110111100000000000000001110000111111111010111111101000111001101110101111111
11111111111111111100000011110111111011110000111100001110111100000000000000001110000111111111010111111101000111001101110101111111
11111111111111111100000011110111111011110000111100001110111100000000000000001110000011111111010111111101000011001101110101111111
11111111111111111100000011110111111011110000111100001110111100000000000000001110000011111111010111111101000011001101110101111111
11111111111111111100000011110111111011110000111100001110111100000000000000001110000011111111010111111101000011001101110101111111
11111111111111111100000011110111111011110000111100001110111100000000000000001110000011111111010111111101100011001101110101111111
11111111111111111100000011110111111011110000111100001110111100000000000000001110000011111111010111111101100011001101110101111111
11111111111111111100000011110111111011110000111100001110111110000000000000001110000011111111010111111101100011001101110101111111
11111111111111111100000011110111111011110000111100001110111110000000000000001110000011111111010111111111100011001101110101111111
11111111111111111100000011110111111011110000111100001110111110000000000000001110000011111111010111111111100011001101110101111111
11111111111111110100000011110111111011110000111100001110111110000000000000001110000011111111010111111111100011001101110101111111
11111111111111110100000011110111111011110000111100001110111110000000000000001110000011111111011111111111100011001101110101111111
11111111111111110100000011111111111011110000111100001110111110000000000000001110000011111111011111111111100011001100110101111111
11111111111111110100000011111111111011110000111100001110111110000000000000001110000011111111011111111111100011001100110111111111
11111111111111110100000011111111011111110000111100001110111110000000000000001110000011111111111111111111100011001100110111111111
11111111111111110100000001111111011111110000111100001110011110000000000000001110000011111111111111111111100011101100110111111111
11111111111111110100000001111111011111110000111100001110011110000000000000001110000011111111111111111111100011101100110111111111
11111111111111110100000001111111011111110000111100001110011110000000000000001110000011111111111110111111100011101100111111111111
11111111111111110100000001111111011111110000111100001110011110000000000000001110000011111111111110111111100011101100111111111111
11111111111111110100000001111111011111110000111100001110011110000000000000001110000011111111111110111111100011101100111111111111
11111111111111110100000001111111011111110000111100001110011110000000000000001110000011111111111110111111100011101100111111111111
11111111111111110100000001111111011111110000111100001110011110000000000000001110000011111111111110111111100011101100111111111111
11111111111111110100000001111111011111110000111100001110011110000000000000001110000011111111111110111111100011101100111111111111
11111111111111110100000001111111011111110000111100001110011110000000000000001110000011111111111110111111100011101100111111111111
11111111111111110100000001111111011111110000111100001110011110000000000000001110000011111111111110111111100011101100111111111111
11111111111111010100000001111111011111110000111100001110011110000000000000001110000011111111111110111111100011101100111111111111
11111111111111010100000001111111011111110000111100001110011110000000000000001110000011111111111010111111100011101100111111111111
11111111111111010100000001111111011111110000111100001110011110000000000000001110000011111111111010111111100011101100111111111111
11111111111111010100000001111111011111110000111100001110011110000000000000001110000011101111111010111111100011101100111111111111
11111111111111010110000001111111011111110000111100001110011110000000000000001110000011101111111010111111100011101100111111111111
11111111111111010110000001111111011111110000111100001110011110000000000000001110000011101111111010111111100011101100111111111111
11111111111111010110000001111111011111110000111100001110011110000000000000001110000011101111111010111111100011101100111111111111
11111111111111010110000001111111011111110000111100001110011110000000000000001110000011101111111010111111100011101100111111111111
11111111111111010110000001111111011111110000111100001110011110000000000000001110000011101111111010111111100011100100111111111111
11111111111111010110000001111011011111110000111100001110011110000000000000001110000011101111111010111111100011100100111111111111
11111111111111010110000001111011011111110000111110001110011110000000000000001110000011101111101010111110100011100100111110111111
11111111111111011110000001111011111111110000011110001110011110000000000000001110000011101111101010111110100011100100111110111111
11111111111111011110000001111011111111111000011110000110011110000000000000001110000011101111111010111110100011100100111110111111
11111111111111011110000001111011111111111000011110000110011110000000000000001110000011101111111010111110100011100100111110111111
11111111111111011110000001111011111111111000011110000110011110000000000000001110000011101111101010111110100011100100111110111111
11111111111111011110000001111011111101111000011110000111011110000000000000000110000011101111101010111110100011100100111110111111
11111111111111111110000001111011111101111000011110000111011110000000000000000110000011101111101010111110100011100100111110111111
11111111111111111110000001111011111101111000011110000111011110000000000000000110000011101111101010111110100011100110111010111111
11111111111111111110000001111011111101111000011110000111011110000000000000000110000011101111101010111110100011100110111010111111
11111111111111111110000001111011111101111000011110000111011110000000000000000110000011101111101011111110100011100110111010111111
11111111111111111110000001111011111101111000011110000111011110000000000000000110000011101111101011111110100011100110111010111111
11111111111111111110000001111011111101111000011110000111011110000000000000000110000011101111101011111110100011100110111010111111
11111111111111111010000001111011111101111000011110000111011110000000000000000111000001111111101011111110100011100110111010111111
11111111111111111010000001111011111101111000011110000111011110000000000000000111000001111111101011111110100011100110111010111111
11111111111111111010000001111011111101111000011110000111011110000000000000000111000001111111101011111110110011100110111010111111
11111111111111111010000001111011111101111000011110000111011110000000000000000111000001111111101011111110110011100110111010111111
11111111111111111010000000111011101101111000011110000111011110000000000000000111000001111111101011111110110011100110111010111111
11111111111111111010000000111011101101111000011110000111011110000000000000000111011011111111111111111111111111111111111010111111
11111111111111111010000000111011101101111000011110000111011111011110000111111111111111111111111111111111111111111111111010111111
11111111111111111010001101111111111111111111111111111111111111111110001111111111111111111111111111111111111111111111111010111111
11111111111111111011111111111111111111111111111111111111111111111110001111111111111111111111111111111111111111111111111010111111
11111111111111111011111111111111111111111111111111111111111111111110001111111111111111111110111111111111111111111111111010111110
11111111111111101011111111111111111111111111111111111111111110111110001111111111111111111110111111111111111111111111111111111111
11111111111111111011111111111111111110011111111111111011111111111110001111111111111111111110111111011111111111111111111111111111
11111111111111111011111011111111111111011111011111111011111111111111111111111111111101111110111111111111111111111111111111111111
11111111111111111111111111111111111111011111101111111111111111101111111111011111111011111111111111111111101011111111111111111111
11111111111111111111111111111001111111111111111111111111111111101111111111000111111111111111111111111111111111111011111111111111
11111111111111111111111111111110111111111111111111111111111111111111111111110111110111111111011111111111111111111111111111111111
11111110111111111111111111110111111110111111111111111111111111111111111111111111111011111111111111111111111111111111111111111111
11111110111111111111111111111110111110111111111111111111111111111111111111111111111111111111111111111111111111111111111111111111
11111111111111111111111111111111111111111111111111111111111111111111111111111111111111111111111111111111111111111111111111111111
11111111111111111111111111111111111111111111111111111111111111111111111111111111111111111111111111111111111111111111111111111111
11111111111111111111111111111111111111111111111111111111111111111111111111111111111111111111111111111111111111111111111111111111
11111111111111111111111111111111111111111111111111111111111111111111111111111111111111111111111111111111111111111111111111111111
11111111111111111111111111111111111111111111111111111111111111111111111111111111111111111111111111111111111111111111111111111111
11111111111111111111111111111111111111111111111111111111111111111111111111111111111111111111111111111111111111111111111111111111
11111111111111111111111111111111111111111111111111111111111111111111111111111111111111111111111111111111111111111111111111111111