11111111111111111111111111111111111111111111111111111111111111111111111111111111000000000000000000000000000001111111000000000000
11111111111111111111111111111111111111111111111111111111111111111111111111111111111111111100000000000000000001111111000000000000
11111111111111111111111111111111111111111111111111111111111111111111111111111111111111111111111111100000000001111111000000000000
11111111111111111111111111111111111111111111111111111111111111111111111111111111111111111111111111111111111101111111000000000000
11111111111111111111111111111111111111111111111111111111111111111111111111111111111111111111111111111111111111111111000000000000
11111111111111111111111111111111111111111111111111111111111111111111111111111111111111111111111111111111111111111111100000000000
11111111111111111111111111111111111111111111111111111111111111111111111111111111111111111111111111111111111111111111100000000000
11111111111111111111111111111111111111111111111111111111111111111111111111111111111111111111111111111111111111111110000000000000
11111111111111111111111111111111111111111111111111111111111111111111111111111111111111111111111111111111111111111110000000000000
11111111111111111111111111111111111111111111111111111111111111111111111111111111111111111111111111111111111111111111000000000000
11111111111111111111111111111111111111111111111111111111111111111111111111111111111111111111111111111111111111111111000000000000
11111111111111111111111111111111111111111111111111111111111111111111111111111111111111111111111111111111111111111111100000000000
11111111111111111111111111111111111111111111111111111111111111111111111111111111111111111111111111111111111111111111000000000000
11111111111111111111111111111111111111111111111111111111111111111111111111111111111111111111111111111111111111111111000000000000
11111111111111111111111111111111111111111111111111111111111111111111111111111111111111111111111111111111111111111111000000000000
11111111111111111111111111111111111111111111111111111111111111111111111111111111111111111111111111111111111111111111110000000000
11111111111111111111111111111111111111111111111111111111111111111111111111111111111111111111111111111111111111111111110000000000
11111111111111111111111111111111111011111111111111111111111111111111111111111111111111111111111111111111111111111111100000000000
11111111111111111111111111111111111111111111111111011111111111111111111111111111111111111111111111111111111111111111100000000000
11111111111111111111111111111111111111111111111111111111111111111111111111111111111111111111111111111111111111111111100000000000
11111111111111111111111111111111111111111111111111111111111111111111111111111111111111111101110111111111111111111111110000000000
11111111111111111111111111111111111111111111111111111111111111111111111111111111111111111101111111111011111111111111000000000000
11111111111111111111111111111111111111111111111111111111111111111111111111111111111111111111111111111111111111111111100000000000
11111111111111111111111111111111101111111111111111111111111111111111111111111111111111111111111111111111111111111111100000000000
11111111111111111111111111111111001011111111111111111111111111111111111111111111111111111111111111111111111111111111000000000000
11111111111111111111111111111111001011111111111111101110111111111111111111111111111111111111111111111111111111111111000000000000
11111111111111111111111111111111001011111111111111111110111101111001111111111111111111111111111111111111111111111111000000000000
11111111111111111111111111111111001011111111111111111110111101111001111111100111111111111111111111111111111111111111000000000000
11111111111111111111111111111111001011111111111111111110111101111001111111100111111111111111111011111111111111111111100000000000
11111111111111111111111111111111011011111111111111111110111101111001101111100110111111111111111011111111111111111111000000000000
11111111111111111111111111111111011011111111111011101110111101111001101111100110111111111111111011111111111111111111000000000000
11111111111111111111111111111111011011111111111011101110111101111001101111101110111111111111111011111111111111111111000000000000
11111111111111111111111111111111011011111111111011101100111101111011101111101110111111111111111011111111111111111111000000000000
11111111111111111111111111111111011011111111111011101100111101111011101111101111111111111111111011111111111111111111000000000000
11111111111111111111111111111111011011111111111011101100111101111011101111101111111111111111111011111111111111111110000000000000
11111111111111111111111111111111011011111111111011111100111101111011101111101110111111111111111011111111111111111111100000000000
11111111111111111111111111111111011111111111111011111100111101111011101111101110111111111111111011111111111111111110000000000000
11111111111111111111111111111111011111111111111011101100111101111011101111101110111111111111111011111111111111111111000000000000
11111111111111111111111111111111011111111111111011101100111101111011101111101110111111111111111011111111111111111111000000000000
11111111111111111111111111111111011111111111111011101100111101111011101111101110111111111111111011111111111111111111000000000000
11111111111111111111111111111111011111111111111011101100111101111011101111101110111111111111111011111111111111111111000000000000
11111111111111111111111111111111011111111111111011101101111101111011101111101100111111111111111011111111111111111111000000000000
11111111111111111111111111111111011111111111111011101101111111111011101111101110111111111111111011111111111111111111000000000000
11111111111111111111111111111111011111111111111011101101111111111011001111101100111111111111111011111111111111111100000000000000
11111111111111111111111111111011011111111111111011101101111111111011001111101111111111111111111011111111111111111111000000000000
11111111111111111111111111111111011111111111111011111101111111111011001111101100111111111111111011111111111111111110000000000000
11111111111111111111111111111011011111111111111011111101111111111011001111101100111111111111111011111111111111111111000000000000
11111111111111111111111111111111011111111111111111111101111111111011001111101100111111111111111011111111111111111111100000000000
11111111111111111111111111111111011111111111111011111101111111111011001111101100111111111111111011111111111111111111100000000000
11111111111111111111111111111111010111111111111111001101111111111011001111101100111111111111111011111111111111111111100000000000
11111111111111111111111111111111010111111111111111001101111111111011001111101100111111111111111011111111111111111111000000000000
11111111111111111111111111110111010111111111111111001101111111111011001111101100111111111111111011111111111111111101000000000000
11111111111111111111111111110010010111111111111111001101111111111011001111101100111111111111111011111111111111111100000000000000
11111111111111111111111111111110010111111111111111001101111111111011001111101100111111111111111011111111111111111100000000000000
11111111111111111111111111111110010111111111111111001101111111111011001111101100111111111111111011111111111111111000000000000000
11111111111111111111111111110110010111111111111111001101111111111011001111101100111111111111111011111111111111011100000000000000
11111111111111111111111111110110010111111111111111001101111111111011001111101100111111111011111011111111111111111000000000000000
11111111111111111111111111110010010111111111111111001101111111111011001111101100111111111111111011111111111111110000000001110000
11111111111111111111111111111110010111111111111111011101111111111011001111101100111111111111011011111111111111100000000001110000
11111111111111111111111111110010110111111111111111011101111111111011001111101100111111111111011011111111111111110000000001111000
11111111111111111111111111111110110111111111111111011101111111111011001111101100111111111111110011111111111111111000000001111000
11111111111111111111111111111110110111111111111111111101111111111011001111101100111111111111111011111111111111111100000001111100
11111111111111111111111111111110110111111111111111011101111111111011001111101100111111101111111011111111111111111100000001111100
11111111111111111111111111111110110111111111111111011101111011111011001111101100111111101111010011111111111111111100000001111110
11111111111111111111111111110110110111111111110111011101111011110011001111101100111111101111010011111111111111111101000001111110
11111111111111111111111111111110111111111111110111111101111011110011011111101100111111101111010011111111111111010000000001111111
11111111111111111111111111111110111111111111110111011101111011110011011111101100111111101111010011111111111111000000000001111111
11111111111111111111111111111110111111111111110111011101111011110011011111101100111111101011010011111111111111111100000001111111
11111111111111111111111111110110111111111111110111011101111011110011011111101100111111101011010011111111111111100000000001111111
11111111111111111111111111111110111111111111110111011001111011110011011111101100111111101011010011111111111111111111000001111111
11111111111111111111111111111110111111111111110111011001111011110011011111101100111111101011010011111111111111111111111111001000
11111111111111111111111111111110111111111111110111011001111011110011011111101101111101101011010011111111111111111111111111111111
11111111111111111111111111110110111111111111110111011001111011110011011111001101111101101011010011111111111111111111111111111111
11111111111111111111111111110110111111111111110111011001111011110011011111001101111111101011010011111111111111111111111111111111
11111111111111111111111111110110111111111111110111011001111011110011011111001100111101101011010011111111111111111111111111111111
11111111111111111111111111100110111111111111110111011001111011110011011111001101111101101011010011111111111111111111111111111111
11111111111111111111111111100110111111111111110111011001111011110011011111001101111101101011010001111111111111111111111111111111
11111111111111111111111111100100111111111111110111011001111011110011011111001101111101101011010000000000111111111111111111111111
11111111111111111111111111100100101111111111110111011001111011110011011111001101111101101011010000000000000000000111111111111111
11111111111111111111111111100100101111111111110111011001111011110011011111001101111101101011010000000000000000000000000000111111
11111111111111111111111111100100101111111111110111011001111011110011011111001101111101101011010000000000000000000000000000000000
11111111111111111111111111100100101111111111110111011001111011110011011111001101101101101011010000000000000000000000000000000000
11111111111111111111111111100100101111111111111111011011111011010111011111001101101101101011010000000000000000000000000000000000
11111111111111111111111111100100101111111111111111011011111011010111011111001101101101101011010000000000000000000000000000000000
11111111111111111111111111100100101111111111111110011011111011110111011111001101101101101011010000000000000000000000000000000000
11111111111111111111111111100100101111111111111110011011111011110111011111001101101111101011010000000000000000000000000000000000
11111111111111111111111111100000101111111111111110111011111011110111011111001101111111101011010000000000000000000000000000000000
11111111111111111111111111100100101111111111111110111011111011110111011111001101111111101011010000000000000000000000000000000000
11111111111111111111111111100001101111111111111110011011111011110111011111001101111111101011010000000000000000000000000000000000
11111111111111111111111111100001101111111111111110011011111011110111011111001101111111101011110000000000000000000000000000000000
11111111111111111111111111100101101111111111111110011011111001110110011111001101111111111011010000000000000000000000000000000000
11111111111111111111111111110101101111111111111110011011111111110110011111001101111111111011010000000000000000000000000000000000
11111111111111111111111111100101111111111111111110011011111111110110011111001101111111111011110000000000000000000000000000000000
11111111111111111111111111100101101111111111111110011011111011110110011111001101111111111011010000000000000000000000000000000000
11111111111111111111111111100101111111111111111110011011111111110110011111001101111111111011010000000000000000000000000000000000
11111111111111111111111111100101111101111111111110011011111010110110011111001101111111111011110011111100000000000000000000000000
11111111111111111111111111101101111111111111101110011011111111110110011111001101111111111011110011111111111111100000000000000000
11111111111111111111111111101101111111111111101110011011111010110110011111001101111111111011110011111111111111111111100000000000
11111111111111111111111111100001111111111111101110111011111000110110011111011101111111111011110011111111111111111111111111111000
11111111111111111111111111101001111111111111101110111011111111110110011111011101111111111011110011111111111111111111111111111111
11111111111111111111111111101001111111111111101110111011111111110110011111001101111111111111110011111111111111111111111111111111
11111111111111111111111111100001111111111111101110111011111001110110011111001101111111111111110011111111111111111111111111111111
11111111111111111111111111000001111111111111101110111011111001110110011111001101111111111111110011111111111111111111111111111111
11111111111111111111111111000001011111111111101110111011111001110110011111011101111111111111110011111111111111111111111111111111
11111111111111111111111111000001011111111111101110111011110000100110011111011101111111111111110011111111111111111111111111111111
11111111111111111111111111001101111111111111101110111011110000000110011111011001111111111111110011111111111111111111111111111111
11111111111111111111111111001111111111111111101110110011110000100110011111011001111111111111110011111111111110001111111111111111
11111111111111111111111111001111111111111111111111111111111101110110011111011001111111111111110011111111111110000000000001111111
11111111111111111111011111001111111111111111111111111111111101111111111111011101111111111111110011111111111111000000000000000000
11111111111111111111111111001111111011111111111111111111111111111111111111111111111111111111110011111111111110000000000000000000
11111111111111111111111111001111111011111111111111111111111110111111111111111111111111111111110011111111111111000000000000000000
11111111111111111111011111111111111011111111101111111111111100111111111111111111111111111111110011111111111110000000000000000000
11111111111111111111011111111111111111111111111111111111111100111111111011111111101111111111110011111111111110000000000000000000
11111111111111111111111111111111111111111111111111111111111110111111111011111111101111111110110011111111111111000000000000000000
11111111111111111111111111111111111111111111111111111111111111111111111011111111101111111111110011111111111111000000000000000000
11111111111111111111111111111111111111111111111111111111111111111111111111111111101111111111110011111111111110000000000000000000
11111111111111111111111111111111111111111111111111111111011111111111111111111111001111111111111111111111111110000000000000000000
11111111111111111111111111111111111111111111111111111111111111111111111011110111101111111111111111011111111110000000000000000000
11111111111111111111111111111111111111111111111111111111111111111111111111111111101111111111111111111111111110000000000000000000
11111111111111111111111111111111111111111111111111111111111111111111111111111111111111111111111111111111111110000000000000000000
11111111111111111111111111111111111111111111111111111111111111111111111111111111111111111111111111111111111110000000000000000000
11111111111111111111111111111111111111111111111111111111111111111111111111111111111111111111111111111111111110000000000000000000
11111111111111111111111111111111111111111111111111111111111111111111111111111111111111111111111111111111111110000000000000000000
11111111111111111111111111111111111111111111111111111111111111111111111111111111111111111111111111111111111110000000000000000000
11111111111111111111111111111111111111111111111111111111111111111111111111111111111111111111111111111111111110000000000000000000
11111111111111111111111111111111111111111111111111111111111111111111111111111111111111111111111111111111111110000000000000000000
11111111111111111111111111111111111111111111111111111111111111111111111111111111111111111111111111111111111110000000000000000000
11111111111111111111111111111111101111111111011111111111111111111111111111111111111111111111111111111111111110000000000000000000