11101111001111011111111111111111111111111111111111111111111111111111111111111111111111111111111111111111111111110000000000000000
11101111111110111110111111111111111111101111111111111111111111111111111111111111111111111111111111111111111111111111111111111110
11101111111110111110111111111111111111111111111111111111101111111111111111111111111111111111111111111111111111111111111111111111
11101111111110001110111111111111111111111111111111111111111111111111111111111111111111111111111111111111111111111111111111111111
11101111111111111110101111111111111111111110111111111111111111111111111111111111111111111111111111111111111111111111111111111111
11101111110111111111101111111111101111111111111110011111111111111111111111111111111111111111111111111111111111111111111111111111
11001111001111111111111111111111111111111111111111111111111110011111111111111111111111111111101111111111111111111111111111111111
11111111111111111111111111111111111110111111111111111111111111111111111111111111111111111111111111111111111111111111111111111111
11111111111111111111111111111111111111111111111111111111111111111111111111111111111111111111111111111111111111111111111111111111
11111111111111111111111111111111111111111111111111111111111111111111111111111111111111111111111111111111111111111111111111111111
11111111111111111111111111111111111111111111111111111111111111111111111111111111111111111111111110011111011111111111111111111111
11111111111111111111111111111111111111111111111111111111111111111111111111111111111111111111111111011111111111111100111111111111
11111111111011110001101111111111111111111111111111111111111111111111111111111111111111111111111111111111111101111111111111111111
11111111111010110001101111011111101110111011111111111111111111111111111111111111111111111111111111111111111111111111111111111111
11111111111010110001001111011111101110111001111110011011111111111111111111111111111111111111111111111111111111111111111111111111
11111111111010110001001111011111101110111001111110010011100111110111101111111111111111111111111111111111111111111111111111111111
11111111111010110011001111011111101110111011111110010011100111110111101100111110001111110111111111111111111111111111111111111111
11111111111010110011001111011011111110111011111110010011100111110111101100111110001111100011100100111111111111111111111111111111
11111111111010110011001111011011111110111011111110010011100111110101101100111110001111100011100100111010001111111111111111111111
11111111111010110011001111011011111110111011111110010011100111110101101100111110001111100011100000111010001111111011111111111111
11111111111010110011001111011011111110111011111110010011100111111101101100111110001111100011100000111010001111111011111111111111
11111111111010110011001111011011111110111011111110010011100111111101101100111110001111100011100000111010001111111011111111111111
11111111111010110011001111111011111110111011111110010011100111111101101100111110001111100011100000111010001111111011111111111111
11111111111010110011001111111011111110111011101110010011100111111101101100111110001111100011100000111010001111111011111111111111
11111111111010110011001111111011111110111011101110010011100111111101101100111110001111100011100000111010001111111011111111111111
11111111111010110011001111111011011110111011101110110011100111111101001101111110001111100011100000111110001111111011011111111111
11111111111010110011001111111011011110111011101110110011101110111101001101111110001111100011100000111110001101111011011111111111
11111111111010110011001111111011011110111011101110110011101110111101001101111110011111100011100000110000011101111011011111111111
11111111111010110011001111111011011110111011101110110011101110111101001101111110011111100011100000110000011101111011011111111111
11111111111010110011001111111011011110111011101110110011101110111101001101111110011111100011100000110100011101111011011111111111
11111111111010100011001110111011011110111011101110110011101110111101001101110110011111100111000000110110011101111111011111111111
11111111111110100011001110111011011111111011101110110011101110111101001101110110011111100111000000110110011101111111011111111111
11111111111110100011011110111011011111111011101110110011101110111111001101110110011101100111000001110100011101111111010111111111
11111111111111100011011110111011011111111011101110110011101110111111001101110110011101100111000001110100011101111111010111111111
11111111111111100011011110111111011111111011101110110011101110111111001101110110011101100111000001110000011101111111010111111111
11111111111111100011011110111111011111111011101110110011101110101111001101110110011101000111000001110100011101111111010111111111
11111111111111100011011110111111011111110011101110110011101110101111001101110110011101000111000001110100011101111111010111111111
11111111111111100011011110111111011111110011101110110011101110101111001101110110011101000111000001110100011101111111010111111111
11111111111111100011011110111111011111110011101110110111101111101111001101110110011101000111000001110000011101111111010111111111
11111111111111100011011110111111011111110011111100110111101111101111001101110110011101000111000001110000011101111111010111111111
11111111110111100011011110111111011111110011111100110111001111101111001101110110011101000111000001110100011101111111110111111111
11111111110111100011011110111111011111110011111100110111001111101111001101110100011101000111000001110100011101111111110111111111
11111111110111100011011110111111011111110011111100110111001111101111001101110100011101000111000001110100011101110111110111111111
11111111110111100011011110111111011111110011111100110111001111101111001001111100011101000111000001110000011101111111110111111111
11111111110111100010011110111111011111110011111100110111001111101111011001111100011101000111000001110000011111110111111111111111
11111111110111100010011110111111011111110011111100100111001111101111011001111100011101000111000001110000011111110111111111111111
11111111110111100010011110111111111111110011111100100111001111101111011001111100011111000111000001110000011111110111111111111111
11111111110111100010011110110111111111110011111100100111001111101111011001111100011111000111000001110000011111110111111111111111
11111111110111100010011110110111111111110011111100100111001111101011011001111100011111000111000001110100011111110111111111111111
11111111110101100010011110110111111111110011111100100111001111111011011001111100011111000111000001110100011111110111111111111111
11111111110101100010011110110111111101110011111100100111001111111011011001111100011111000111000001110000011111110111111111111111
11111111110101100010011110110111111101110011111100100111001111111011011001111100011111000111000001111100011111110111111111111111
11111111110101100110011110110111111101110011111100100111001111111011011001111100011111000111000001101100011111110111111111111111
11111111110101100110011111110111111101110011011100100111001111111010011001111100011111000111000001101100011111110111111111111111
11111111110101100110011111110111111101110111011100100111011111111010011001111100111111000111000001100000011011110111111111111111
11111111110101100110011111110111111101110111011100000111011111111010011001111100111111001111000001101100011011110111111111111111
11111111110101000110011111110110111101110111011100000111011111111010011001111100111111001111000001101100111011110111111111111111
11111111110101000110011111110110111101110111011100000111011111111010011001101100111011001111000001101100111011110111111111111111
11111111110101000110011111110110111101110111011101100111011111111110011011101100111011001111000001101100111011110110111111111111
11111111110101000110011111110110111101110111011101100111011111111110011011101100111011001111000001100000111011110110101111111111
11111111110101000110011111110110111101110111011101100111011111111110011011101100111011001110000001100000111011111110101111111111
11111111110101000110011111110110111111110111011101100111011111111110011011101100111011001110000001100000111011111110101111111111
11111111110101000110111111110110111111110111011101100111011101111110011011101100111011001110000001100000111011111110101111111111
11111111110101000110111111111110111111110111011101100111011101111110011011101100111011001110000001100000111011111110101111111111
11111111111101000110111111111110111111110111111101100111011101011110010011101100111011001110000011100000111011111110101111111111
11111111111111000110111101111110111111110111111001100111011101011110010011101100111010001110000011100000111011111111101111111111
11111111111111000110111101111110111111110111111001100111011101011110010011101100111010001110000011100000111011111111101111111111
11111111111111000110111101111110111111100111111001100111011101011110010011101100111010001110000011100000111011111110101111111111
11111111111111000110111101111110111111100111111001101110011101011110010011101000111010001110000011100000111011101110101111111111
11111111111111000110111101111110111111100111111001101110011101011110010011101000111010001110000011100000111011101111101111111111
11111111101111000110111101111110111111100111111001001110011101011110010011111000111010001110000011100000111111101111101111111111
11111111101111000110111101111110111111100111111001001110011111011110010011111000111010001110000011100000111111101111101111111111
11111111101111000110111101111110111111100111111001001110011111011110010011111000111010001110000011100000111111101111111111111111
11111111101111000110111101111110111111100111111001001110011111011110010011111000111110001110000011100000111111101111111111111111
11111111101111000110111101111110111111100111111001001110011111011110110011111000111110001110000011100000111111101111111111111111
11111111101111000110111101111110111111100111111001001110011111010110110011111000111110001110000011100000111111101111111111111111
11111111101111000110111101111110111111100111111001001110011111010110110011111000111110001110000011100000111111101111111111111111
11111111101111000110111101101110111111100111111001001110011111010110110011111000111110001110000011100000111111101111111111111111
11111111101111000110111101101110111111100111111001001110011111010110110011111000111110001110000011100000111111101111111111111111
11111111101111000100111101101110111011100111111001001110011111110110110011111000111110001110000011100000110111101111111111111111
11111111101011000100111101101111111011100110111001001110011111110110110011111000111110001110000011000000110111101111111111111111
11111111101011000100111101101111111011100110111001001110011111110110110011111001111110001110000011000000110111101111111111111111
11111111101011000100111111101111111011100110111001001110111111110110110011011001110110001110000011000000110111101111011111111111
11111111101010000100111111101111111011100110111001001110111111110110110011011001110110001110000011000000110111101101011111111111
11111111101010001100111111101111111011100110111001001110111111110110110011011001110110011110000011000000110111101101011111111111
11111111101010001100111111101111111011100110111001001110111111110100110011011001110110011110000011000001110111101101011111111111
11111111101010001100111111101111111011100110111011001110111111110100110011011001110110011110000011000001110111101101011111111111
11111111101010001100111111101111111011100110111011001110111111111100110111011001110110011110000011000001110111101100011111111111
11111111101010001100111111101111111011101110111011001110111111111100110111011001110110011100000011000001110111101100011111111111
11111111101010001100111111101111111011101110111011001110111010111100110111011001110110011100000011000001110111101100011111111111
11111111101010001100111111101111111011101110111011001110111010111100110111011001110110011100000011000001110111101100011111111111
11111111100010001100111111101111111011101110111011001110111010111100110111011001110110011100100111010001110111011100011111111111
11111111101010001100111111101111111011101110110011001110111010111100110111011001110100011100100111010001110111111101011111111111
11111111101010001101111111101111111011101111110011001110111010111100100111010001110100011100100111010001110111111101011111111111
11111111101010001101111111101111111011101111110011001110111010111100100111010001110100011100100111010001111111111101011111111111
11111111111010001101111111101101111011001111110011001110111010111100100111010001110100011100100111010001110111111101011111111111
11111111101010001101111011101101111011001111110011001110111010111100100111010001110100011100100111010001111111011101011111111111
11111111111010001101111011111101111011001111110010001110111010111100100111010001110100011100100111110001111111011111111111111111
11111111111010001101111011111101111111001111110010011110111010111100100111010001110100011100100111110001111111011111111111111111
11111111111010001101111011111101111111001111110010011110111010111100100111110001110100011100100111110001111111011111111111111111
11111111111010001101111011111101111111001111110000011100111010101100100111110001110100011100100111110001111111011111111111111111
11111111011010001101111011111101110111001111110000011100111010101100100111110001110100011100100111110001111111011111111111111111
11111111011010001101111011111101110111001111110010011100111010101100100111110001110100011100100111110001111111011111111111111111
11111111011010001101111011111101110111001111110010011100111110101100100111110001111100011101100111110001111111011111111111111111
11111111011010001101111011111101110111001111110000011100111110101101100111110001111100011101100111110001111111011111111111111111
11111111011110001101111011111101110111001111110000011100111110101101100111110001111100011101100111110001111111011111111111111111
11111111000110001101111011111101110111001111110010011100111110101101100111110001111100011101100111110001101111011011111111111111
11111111000110001101111011111101110111001111110010011100111110101101100111110001111100011101100111110001101111011011111111111111
11111111000110001101111011111101110111001111110010011100111111101101100111110001101100011101100111110001101111011011111111111111
11111111000110001101111011111101110111001111110010011100111111101101100111110001101100011101100111110001101111111011111111111111
11111111000110001001111011011101110111001111110000011100111111101001100111110001101100011001100110110001101111111011111111111111
11111111000110001001111011011101110111001111110010011100111111101001100111110001101100111001100110110001101111111011111111111111
11111111010110001001111011011101110111011111110000011100111111101001100111110001101100111001100110100011101111111010111111111111
11111111010110001001111011011101110111011111110000011100110111101001101110110001101100111001001110100011101111111010111111111111
11111111010110001001111011011101110111011101110000011100110111101001101110110001101000111001001110100011101111111010111111111111
11111111010110001001111011011101110111011101110000011101110111101001101110110001101000111001001110100011101111111010111111111111
11111111010110001001111011011101110111011101110000011101110111101001101110110011101000111001001110100011101111111010111111111111
11111111010110001001111011011111110111011101110000011101110111111001001110100011101000111001001110100011101111111010111111111111
11111111010110011001111011011111110111011101110010011101110111111001001110100011100000111000001110100011101111111010111111111111
11111111010110011001111011011111110111011101110010011101110111111001001110100011100000111000001110100011101111111010111111111111
11111111010110011001111111011111110110011101110010011101110111111001001110100011100000111000001110100011101111111110111111111111
11111111010111111111111111011011110110011101100010011101110101111001001110100011100000111000001110100011111110111110111111111111
11111111010111111111111111111111110110011101100000011101110101111001001110100011100000111000001110100011111110111111111111111111
11111111010111111111111111111111111111111111110110011101110101111001001110100011100000111000001110100011111110111111111111111111
11111111010110111111111111111111111111111111111111111101110101011001001110100011100000111000001111100011111110111111111111111111
11111111010111101111111111111111111111111111111111111111111101011111101111100011101000111000001111100011111110111111111111111111
11111111010111111111111111111000111111111111111111111111111101011111111111111111111100111001001111100011011110111111111111111111
01111111000111111111111111111100111111111111101111111111111101011111111111111111111111111111111111100011111110111101111111111111