11111111111111111111111111111111111111111111111111111111111111111111111111111111111111111111111111111111111111111111111111111111
11111111111111111111111111111111111111111111111111111111111111111111111111111111111111111111111111111111111111111111111111111111
11111111111111111111111111111111111111111111111111111111111111111111111111111111111111111111111111111111111111111111111111111111
11111111111111111111111111111111111111111111111111111111111111111111111111111111111111111111111111111111111111111111111111111111
11111111111111111111111111111111111111111111111111111111111111111111111111111111111111111111111111111011100111111110011111111111
11111111111111111111111111111111111111111111111111111111111111111111111111111111110111111110111111110001100111111100011111111111
11111111111111111111111111111111111111111111111101111111110011111110011100110001110011111110011101111001110011111110011111111111
11111111111111111111111111111111111111111111011100111111111011111110011011110001110011111110011100111001110010001110011111111111
11111111111111111111111111111111111111110111011100111111111111101111011011110001110011001111011100111001100111001110011111111111
11111111111111111111111111111111111111110111111100111001110111001111011011111001111011111111011100011000000111111100011111111111
11111111111111111111111111111001111111101111111100111111111111111111011011111011111011111111011110000001100111111100011111111111
11111111111111111111111111111111111111111111111100111111111111111111011100111111110111111111111111111011110111111111111111111111
11111111111111111111111111111111111111111111111100111111111111111111111111111111111111111111111111111011111111111111111111111111
11111111111111111111111111111111111111111111111111111111111111111111111111111111111111111111111111111011111111111111111111111111
11111111111111111111111111111111111111111111111111111111111111111111111111111110110001111111100000000000000000111111111111111111
11111111111111111111111111111111111111111111111111111111011111001000011110001100000000110111100000000000000000111111111111111111
11111111111111111111111111111111111111111111000111000110001100000000011110001100000000110111000000000000000000011111111111111111
11111111111111111111111111001101111111110111000111000110001100000000011110001100000000110111000000000000000000011111111111111111
11111111111111111111110001001101111111110111000011000110001100000000011110001100000000110111100000000000000000011111111111111111
11111111111111111111110001001101111111110111000011000110001100000000011110001100000000110111100000000000000000011111111111111111
11111111111111111111110001001101111111110111000011000110001100000000011110000000000000110111100000000000000000011111111111111111
11111111111111111111110001001101111111110111000011000110001100000000011110000000000000110111100000000000000000011111111111111111
11111111111111111111110001001101111111110111000011000110001100000000011110001100000000110111100000000000000000011111111111111111
11111111111111111111110001001101111111110111000011000110001100000000001110001100000000110111100000000000000000011111111111111111
11111111111111111111110001001101111111110111000011000110001100000000001110001100000000110111100000000000000000011111111111111111
11111111111111111111110001001101111111110111000011000110001100000000001110001100000000110111100000000000000000011111111111111111
11111111111111111111110001001101111111110111000011000110001100000000001110001100000000110111100000000000000000011111111111111111
11111111111111111111110001001101111111110111000011000110001100000000001110001100000000110111100000000000000000011111111111111111
11111111111111111111110001001101111111110111000011000110001100000000001110001100000000110111100000000000000000011111111111111111
11111111111111111111110001001101111111110111000011000110001100000000001110001100000000110111100000000000000000011111111111111111
11111111111111111111110001001101111111110111000011000110001100000000001110001100000000110111100000000000000000011111111111111111
11111111111111111111110001001101111111110111000011000110001100000000001110001100000000110111100000000000000000011111111111111111
11111111111111111111110001001101111111110111000011000110001100000000001111001100000000110111100000000000000000011111111111111111
11111111111111111111110001001101111111110111000011000110001100000000001111001100000000110111100000000000000000011111111111111111
11111111111111111111110001001101111111110111000011000110001100000000001111001100000000110111100000000000000000011111111111111111
11111111111111111111110001001101111111110111000011000110001100000000001111001100000000110111100000000000000000011111111111111111
11111111111111111111110001001101111111110111000011000110001110000000001111001100000000110111100000000000000000011111111111111111
11111111111111111111110001001101111111110111000011000110001110000000001111001100000000110111100000000000000000011111111111111111
11111111111111111111110001001101111111110111000011000110001110000000001111001100000000110111100000000000000000011111111111111111
11111111111111111111110001001101111111110111000011000110001110000000001111001100000000110111100000000000000000011111111111111111
11111111111111111111110001001101111111110111000011000110001110000000001111001100000000110111100000000000000000011111111111111111
11111111111111111111110001001101111111110111000011000110001110000000001111001100000000110111100000000000000000011111111111111111
11111111111111111111110101001101111111110111000011000110001110000000001111001100000000110111100000000000000000011111111111111111
11111111111111111111110101001101111111110111000011000110001110000000001111001100000000110111100000000000000000011111111111111111
11111111111111111111110101001101111111110111000011000110001110000000001111001100000000010111100000000000000000011111111111111111
11111111111111111111110101001101111111110111000011000110001110000000001111000100000000010011100000000000000000011111111111111111
11111111111111111111110101001101111111110111000011100110001110000000001111000100000000010011100000000000000000011111111111111111
11111111111111111111110101001101111111110111000011100110001110000000001111000100000000011011100000000000000000011111111111111111
11111111111111111111110101001101111111110111000011100110001110000000001111000100000000011011100000000000000000011111111111111111
11111111111111111111110101001101111111110111000011100110001110000000001111000100000000011011100000000000000000011111111111111111
11111111111111111111110101001101111111110111000011100110001110000000001111000100000000011011100000000000000000011111111111111111
11111111111111111111110101001101111111110111000011100110001110000000001111000100000000011011100000000000000000011111111111111111
11111111111111111111110101001101111111110111000011100110001110000000001111000100000000011011100000000000000000011111111111111111
11111111111111111111110101001101111111110111000011100110001110000000001111000110000000011011100000000000000000011111111111111111
11111111111111111111110001001101111111110111000011100110001110000000001111000110000000011011100000000000000000011111111111111111
11111111111111111111110101001101111111110111000011100110001110000000001111000110000000011011110000000000000000011111111111111111
11111111111111111111110101001101111111110111000011100110001110000000001111000110000000011011110000000000000000011111111111111111
11111111111111111111110101001101111111110111000011100110001110000000001111000110000000011011110000000000000000011111111111111111
11111111111111111111110101001101111111110111000011100110001110000000001111000110000000011011110000000000000000001111111111111111
11111111111111111111110101001101111111110111000011100110001110000000001111000110000000011011110000000000000000001111111111111111
11111111111111111111110101001101111111110111000011100110001110000000001111000110000000011011110000000000000000001111111111111111
11111111111111111111110101001101111111110111000011100110001110000000001111000110000000011011110000000000000000001111111111111111
11111111111111111111110001001101111111110111000011100110001110000000001111000110000000011011110000000000000000001111111111111111
11111111111111111111110101001101111111110111000011100110001110000000001111000110000000011011110000000000000000001111111111111111
11111111111111111111110101001101111111110111000011100110001110000000001111000110000000011011110000000000000000001111111111111111
11111111111111111111110101001101111111110111000011100110001110000000001111000110000000011011110000000000000100001111111111111111
11111111111111111111110101001101111111110111000011100110001110000000001111000110000000011011110000000000000100001111111111111111
11111111111111111111110101001101111111110111000011100110001110000000001111000110000000011011110000000000000000001111111111111111
11111111111111111111110101001101111111110111000011100110001110000000001111000110000000011011110000000000000000001111111111111111
11111111111111111111110101001101111111110111000011100110001110000000001111000110000000011011110000000000000000001111111111111111
11111111111111111111110101001101111111110111000011100110001110000000001111000110000000011011110000000000000000001111111111111111
11111111111111111111110101001101111111110111000011100110001110000000001111000110000000011011110000000000000000001111111111111111
11111111111111111111110101001101111111110111000011100110001110000000001111000110000000011011110000000100000110001111111111111111
11111111111111111111110101001101111111110111000011100110001110000000001111000110000000011011110000000100000110001111111111111111
11111111111111111111110101001101111111110111000011100110001110000000001111000110000000011011110000001100000110001111111111111111
11111111111111111111110101001101111111110111000011100110001110000000001111000110000000011011110000001100000110001111111111111111
11111111111111111111110101001101111111110111000011100110001110000000001111000110000000011011110000000100000110001111111111111111
11111111111111111111110101001101111111110111000011100110001110000000001111000110000000011011110000000100000110001111111111111111
11111111111111111111110101001101111111110111000011100110001110000000001111000110000000011011110000000100000110001111111111111111
11111111111111111111110101001101111111110111000011100110001110000000001111100110000000011011110000000100000110001111111111111111
11111111111111111111110101001101111111110111000011100110001110000000001111100110000000011011110000000100000110001111111111111111
11111111111111111111110101001101111111110111000011100110001110000000001111100110000000011011110000000110000110001111111111111111
11111111111111111111110101001101111111110111000011100110001110000000001111100110000000011011110000000110000110001111111111111111
11111111111111111111110101001101111111110111000011100110001110000000001111100110000000011111110000000110000110001111111111111111
11111111111111111111110101001101111111110111000011100110001110000000001111100110000000011111110000000110000110001111111111111111
11111111111111111111110101001101111111110111000011100110001110000000001111100110000000011111110000000110000110001111111111111111
11111111111111111111110101001101111111110111000011100110001110000000001111100110000000011111110000000110000110001111111111111111
11111111111111111111110101001101111111110111000011100110001110000000001111100110000000011111110000000110000110001111111111111111
11111111111111111111110101101101111111110111000011100110001110000000001111100110000000011111110000000110000110001111111111111111
11111111111111111111110101101101111111110111000011100110001110000000001111100110000000011111110000000110000110001111111111111111
11111111111111111111110101101101111111110111000011100110001110000000001111100110000000011111110000000110000111001111111111111111
11111111111111111111110101001101111111110111000011100110001110000000001111100110000000011111111000000110000111001111111111111111
11111111111111111111110101001101111111110111000011100110001110000000001111100110000000011111111000000110000111001111111111111111
11111111111111111111110101001101111111110111000011100110001110000000001111100110000000011111111000000110000111001111111111111111
11111111111111111111110101101101111111110111000011100111001110000000001111100110000000001111111000000110000111001111111111111111
11111111111111111111110111101101111111110111000011100111001110000000001111100110000000001111111000000110000111001111111111111111
11111111111111111111110111101101111111110111000011100111001110000000001111100110000000001111111000000110000111001111111111111111
11111111111111111111110111101101111111110111000011100111001110000000001111100110000000001111111000000110000111001111111111111111
11111111111111111111110111101101111111110111000011100111001110000000001111100110000000001111111000000110000111001111111111111111
11111111111111111111110101101101111111110111000011100111001110000000001111100111000000001111111000000110000111001111111111111111
11111111111111111111110111101101111111110111000011100111001110000000001111100111000000001111111000000110000111001111111111111111
11111111111111111111110111101101111111110111000011100111001110000000001111100111000000001111111000000110000111001111111111111111
11111111111111111111110111101101111111110111000011100111001110000000001111100111000000001111111000000110000111001111111111111111
11111111111111111111110101001101111111110111000011100111001110000000001111100111000000001111111000000110000111001111111111111111
11111111111111111111110101001101111111110111000011100111001111000000001111100111000000011111111111111111111111001111111111111111
11111111111111111111110101101101111111111111111011111111001111111100011111111111111111111111111111111111111111001111111111111111
11111111111111111111110101101111111111111111111111111111111111111100011111111111111111111111111111111111111111001111111111111111
11111111111111111111110111111111111111111111111111111111111111111100011111111111111111111111111111111111111111001111111111111111
11111111111111111111110111111111111111111111111111111111111111111100011110111111111111111111101111111111111011001111111111111111
11111111111111111111110111111111111111111111111111111101111110111100011110111110111111111111101111111111111111001111111111111111
11111111111111111111110111111111110111111111111011111111111111011100011110111111111111111111111111111111111111111111111111111111
11111111111111111111110111111111110111111111111011111111111100011100011111111111111111011111111111111111111111111111111111111111
11111111111111111111111111111111110111111111111111111111111110111111111111111111111111001111111111101111111111111111111111111111
11111111111111111111111111111111111011111111111111111111111110111111111111111111111111101111111111100111110111111111111111111111
11111111111111111111111111111111111111111111111111111111111111111111111111111111111111111111111111111111111111111111111111111111
11111111111111111111111111111111111111111111111111111101111111111111111111111111111111111111111111111111111111111111111111111111
11111111111111111111111111111111111111111111111111111111111111111111111111111111111111111111111111111111111111111111111111111111
11111111111111111111111111111111111111111111111111111111111111111111111111111111111111111111111111111111111111111111111111111111
11111111111111111111111111111111111111111111111111111111111111111111111111111111111111111111111111111111111111111111111111111111
11111111111111111111111111111111111111111111111111111111111111111111111111111111111111111111111111111111111111111111111111111111
11111111111111111111111111111111111111111111111111111111111111111111111111111111111111111111111111111111111111111111111111111111
11111111111111111111111111111111111111111111111111111111111111111111111111111111111111111111111111111111111111111111111111111111
11111111111111111111111111111111111111111111111111111111111111111111111111111111111111111111111111111111111111111111111111111111
11111111111111111111111111111111111111111111111111111111111111111111111111111111111111111111111111111111111111111111111111111111
11111111111111111111111111111111111111111111111111111111111111111111111111111111111111111111111111111111111111111111111111111111
11111111111111111111111111111111111111111111111111111111111111111111111111111111111111111111111111111111111111111111111111111111
11111111111111111111111111111111111111111111111111111111111111111111111111111111111111111111111111111111111111111111111111111111
11111111111111111111111111111111111111111111111111111111111111111111111111111111111111111111111111111111111111011111111111111111