11111111111111111111111111111111111111111111111111111111111111111111111111111111111111111111111111111111111111111111111111111111
11111111111111111111111111111111111111111111111111111111111111111111111111111111111111111111111111111111111111111111111111111111
11111111111111111111111111111111111111111111111111111111111111111111111111111111111111111111111111111111111111111111111111111111
11111111111111111111111111111111111111111111111111111111111111111111111111111111111111111111111111111111111111111111111111111111
11111111111111111111111111111111111111111111111111111111111111111111111111111111111111111111111111111111111111111111111111111111
11111111111111111111111111111111111111111111111111111111111111111111111111111111111111111111111111111111111111111111111111111111
11111111111111111111111111111111111111111111111111111111111111111111111111111111111111111111111111111111111111111111111111111111
11111111111111111111111111111111111111111111111111111111111111111111111111111111111111111111111111111111111111111111111111111111
11111111111111111111111111111111111111111111111111111111111111111111111111111111111111111111111111111111111111111111111111111111
11111111111111111111111111111111111111111111111111111111111111111111111111111111111111111111111111111111111111111111111111111111
11111111111111111111111111111111111111111111111111111111111111111111111111111111111111111111111111111111111111111111111111111111
11111111111111110111001110111111111111111100111011111111110111111110111011111111111111101111111111111110111001111111100111111111
11111111111111101111010110111111111111111101111011111111111111111110111011111111111111111111011111101110111001111111111111111111
11111111111111110111000110001111111100111111111011110111111111001111111011111001110011111111011110001110111001110011100111111111
11111111111111111111010110001111111110111111110111111111111111111111011011111111111111111111001111011101111001111111110111111111
11111111111111111011010111101111111111111111110101111111111111111111011011111111111111111111101111111101111001111111111111111111
11111111111111110111001111111111111111111111111011111111111111111110111100111111111111111111111111111100111001111111111111111111
11111111111111111111111111111111111111111111111111111111111111111111111111111111111111111111111111111111111111111111111111111111
11111111111111111111111111111111111111111111111111111111111111111111111111111111111111111111111111111111111111111111111111111111
11111111111111111111111111111111111111111111111111111111111111111111111111111111111111111111111111111111111111111111111111111111
11111111111111111111111001101111111111111111000110011100111111010101001110100001110000111000011111011110000110011111111111111111
11111111111111111110000000001111111111111100000000011100111100000000001110000000110000011000011011011100000110011111111111111111
11111111111111111110000000001111111111111100000000011100111100000000001110000000110000011000011011011100000110001111111111111111
11111111111111111110000000001111111111111100000000011100111100000000001110000000110000011000011011011100000110001111111111111111
11111111111111111110000000001111111111111100000000011100111100000000001110000000110000011000011011011100000110001111111111111111
11111111111111111110000000001111111111111100000000011100111100000000001110000000110000011000011011011100000110001111111111111111
11111111111111111110000000001111111111111100000000011100111100000000001110000000110000011000011011011100000110001111111111111111
11111111111111111110000000001111111111111100000000011100111100000000001110000000110000011000011011011100000110001111111111111111
11111111111111111110000000001111111111111100000000011100111100000000001110000000110000011000011011001100000110001111111111111111
11111111111111111110000000001111111111111100000000011100111100000000001110000000110000011000011111001100000110001111111111111111
11111111111111111110000000001111111111111100000000011100111100000000001110000000110000011000011111001100000110001111111111111111
11111111111111111110000000001111111111111100000000011100011100000000001110000000110000011000011111001100000110001111111111111111
11111111111111111110000000001111111111111100000000011100011100000000001110000000110000011000011111001100000110001111111111111111
11111111111111111110000000001111111111111100000000011100011100000000001110000000110000011000011111001100000110001111111111111111
11111111111111111110000000001111111111111100000000011100011100000000001110000000110000011000011111001100000110001111111111111111
11111111111111111110000000001111111111111100000000011100011100000000001110000000110000011000011111001100000110001111111111111111
11111111111111111110000000001111111111111100000000011100011100000000001110000000110000011000011111001100000110001111111111111111
11111111111111111110000000001111111111111100000000011100011100000000001110000000110000011000011111001100000110001111111111111111
11111111111111111110000000001111111111111100000000011100011100000000001110000000110000011000011111001100000110001111111111111111
11111111111111111110000000001111111111111100000000011100011100000000001110000000110000011000011111001100000110001111111111111111
11111111111111111110000000001111111111111100000000011100011100000000001110000000110000011000011111001110000110001111111111111111
11111111111111111110000000001111111111111100000000011100011100000000001110000000110000011000011111001110000110001111111111111111
11111111111111111110000000001111111111111100000000011100011100000000001110000000110000011000011111001110000110001111111111111111
11111111111111111110000000001111111111111100000000011100011100000000001110000000110000011000011111001110000110001111111111111111
11111111111111111110000000001111111111111100000000011100011100000000001110000000110000011000011111001110000110001111111111111111
11111111111111111110000000001111111111111100000000011100011100000000001110000000110000011000011111001110000110001111111111111111
11111111111111111110000000001111111111111100000000011100011100000000001110000000110000011000011111001110000110001111111111111111
11111111111111111110000000001111111111111100000000011100011100000000001110000000110000011000011111001110000110001111111111111111
11111111111111111110000000001111111111111100000000011100011100000000001110000000110000011000011111001110000110001111111111111111
11111111111111111110000000001111111111111100000000011100011100000000001110000000110000011000011111001110000110001111111111111111
11111111111111111110000000001111111111111100000000011100011100000000001110000000110000011000011111001110000110001111111111111111
11111111111111111110000000001111111111111100000000011100011100000000001110000000110000011000011111001110000110001111111111111111
11111111111111111110000000001111111111111100000000011100011100000000001110000000110000011000011111001110000110001111111111111111
11111111111111111110000000001111111111111100000000011100011100000000001110000000110000011000011111001110000110001111111111111111
11111111111111111110000000001111111111111100000000011100011100000000001110000000110000011000011111001110000110001111111111111111
11111111111111111110000000001111111111111100000000011100011100000000001110000000110000011000011111001110000110001111111111111111
11111111111111111110000000001111111111111100000000011100011100000000001110000000110000011000011111001110000110001111111111111111
11111111111111111110000000001111111111111100000000011100011100000000001110000000110000011000011111001110000110001111111111111111
11111111111111111110000000001111111111111100000000011100011100000000001110000000110000011000011111001110000110001111111111111111
11111111111111111110000000001111111111111100000000011100011100000000001110000000110000011000011111001110000110001111111111111111
11111111111111111110000000001111111111111100000000011100011100000000001110000000110000011000011111001110000110001111111111111111
11111111111111111110000000001111111111111100000000011100011100000000001110000000110000011000011111001110000110001111111111111111
11111111111111111110000000001111111111111100000000011100011100000000001110000000110000011000011111001110000110001111111111111111
11111111111111111110000000001111111111111100000000011100011100000000001110000000110000011000011111001110000110001111111111111111
11111111111111111110000000001111111111111100000000011100011100000000001110000000110000011000011111001110000110001111111111111111
11111111111111111110000000001111111111111100000000011100011100000000001110000000110000011000011111001110000110001111111111111000
11111111111111111110000001101111111111111100000000011100011100000000001110000000110000011000011111001110000110001111111111111000
11111111111111111110000001101111111111111100000000011100011100000000001110000000110000011000011111001110000110001111111111111000
11111111111111111110000001101111111111111100000000011100011100000000001110000000110000011000011111001110000110001111111111110000
11111111111111111110000000001111111111111100000000011100011100000000001110000000110000011000011111101110000110001111111111110000
11111111111111111110000000001111111111111100000000011100011100000000001110000000110000011000011111101110000110001111111111110000
11111111111111111110000000001111111111111100000000011100011100000000001110000000110000011000011111101110000110001111111111110000
11111111111111111110000000001111111111111100000000011100011100000000001110000000110000011000011111101110000110001111111111110000
11111111111111111110000000001111111111111100000000011100011100000000001110000000110000011000011111101110000110001111111111110000
11111111111111111110000000001111111111111100000000011100011100000000001110000000110000011000011111101110000110001111111111110000
11111111111111111110000000001111111111111100000000011100011100000000001110000000110000011000011111101110000110001111111111110000
11111111111111111110000000001111111111111100000000011100011100000000001110000000110000011000011111101110000110001111111111110000
11111111111111111110000000001111111111111100000000011100011100000000001110000000110000011000011111101110000110001111111111110000
11111111111111111110000000001111111111111100000000011100011100000000001110000000110000011000001111101110000110001111111111110000
11111111111111111110000000001111111111111100000000011100011100000000001110000000110000011000001111101110000111001111111111110000
11111111111111111110000000001111111111111100000000011100011100000000001110000000110000011000001111101110000111001111111111110000
11111111111111111110000000001111111111111100000000011100011100000000001110000000110000011000001111101110000111001111111111110000
11111111111111111110000000001111111111111100000000011100011100000000001110000000110000011000001111101110000111001111111111110000
11111111111111111110000000001111111111111100000000011100011100000000001110000000110000011000001111101110000111001111111111111111
11111111111111111110000000001111111111111100000000011100011100000000001110000000110000011000001111101110000111001111111111111111
11111111111111111110000000001111111111111100000000011100011100000000001110000000110000011000001111101110000111001111111111111111
11111111111111111110000000001111111111111100000000011100011100000000001110000000110000011000001111101110000111001111111111111111
11111111111111111110000000001111111111111100000000011100011100000000001110000000110000011000001111101110000111001111111111111111
11111111111111111110000000001111111111111100000000011100011100000000001110000000110000011000001111101110000111001111111111111111
11111111111111111110000000001111111111111100000000011100011100000000001110000000110000011000001111101110000111001111111111111111
11111111111111111110000000001111111111111100000000011100011100000000001110000000110000011000001111101110000111001111111111111111
11111111111111111110000000001111111111111100000000011100011100000000001110000000110000011000001111101110000111001111111111111111
11111111111111111110000000001111111111111100000000011100011100000000001110000000110000011000001111101110000111001111111111111111
11111111111111111110000000001111111111111101000000011100011100000000001110000000110000011000001111101110000111001111111111111111
11111111111111111110000000001111111111111101000000011100011100000000001110000000110000011000001111101110000111001111111111111111
11111111111111111110000000001111111111111100000000011100011100000000001110000000110000011000001111101110000111001111111111111111
11111111111111111110000000001111111111111101000000011100011100000000001110000000110000011000001111101110000111001111111111111111
11111111111111111110000000001111111111111101000000011100011100000000001110000000110000011000001111101110000111001111111111111111
11111111111111111110000000001111111111111101000000011100011100000000001110000000110000011000001111101110000111001111111111111111
11111111111111111110000000001111111111111101000000011100011100000000001110000000110000011000001111101110000111001111111111111111
11111111111111111110000000001111111111111101000000011100011100000000001110000000110000011000001111101110000111001111111111111111
11111111111111111110000000001111111111111101000000011100011100000000001110000000110000011000001111101110000111001111111111111111
11111111111111111110000000001111111111111101000000011100011100000000001110000000110000011100001111101110000111001111111111111111
11111111111111111110000000001111111111111101000000011100011100000000001110000000110000011100001101101110000111001111111111111111
11111111111111111110000000001111111111111100000000011100011100000000001110000000110000011100001101101110000111001111111111111111
11111111111111111110000000001111111111111101000000011100011100000000001110000000110000011100001101101110000111001111111111111111
11111111111111111110000000001111111111111101000000011100011100000000001110000000110000011100001101101110000111001111111111111111
11111111111111111110000000001111111111111101000000011100011100000000001110000000110000011100001101101110000111001111111111111111
11111111111111111110000000001111111111111101000000011100011100000000001110001100111001011101011111111111011111001111111111111111
11111111111111111110000000001111111111111101000010011100111111011001101111111111111111111111111111111111111111001111111111111111
11111111111111111110011111111111111111111111111111111111111111111001111111111111111111111111111111111111111111001111111111111111
11111111111111111110011111111111111111111111111111111111111111111001111111111111111111111111111111111111111111001111111111111111
11111111111111111110011111111111111111111111111111111111111111111001111111111111111111111111111111100111110011001111111111111111
11111111111111111110011111111111111111111111111111111111111111111001111101111111111111111111111111100111111111001111111111111111
11111111110011111110011101111110011111111111111111111111111111111001111101111111111111111111111111100111111111111111111111111111
11111111111111111110011111111110111111111111111111111111111111111111111111111111111111111111111111111111111011111111111111111111
11111111111111111110011111111110111111111111111111111111111001111111111111111100111111111111111111111111111111111111111111111111
11111111111011111111111111111111111111111111111111111111111111111111111111111111111111111111011111111111111111111111111111111111
11111111111011111111111111111101111111111111111111111111111111111111111111111111111111111111001111111111111111111111111111111111
11111111111111111111111111111111111111111111111111111111111111111111111111111111111111111111111111111111111111111111111111111111
11111111111111111111111111111111111111111111111111111111111111111111111111111111111111111111111111111111111111111111111111111111
11111111111111111111111111111111111111111111111111111111111111111111111111111111111111111111111111111111111111111111111111111111
11111111111111111111111111111111111111111111111111111111111111111111111111111111111111111111111111111111111111111111111111111111
11111111111111111111111111111111111111111111111111111111111111111111111111111111111111111111111111111111111111111111111111111111
11111111111111111111111111111111111111111111111111111111111111111111111111111111111111111111111111111111111111111111111111111111
11111111111111111111111111111111111111111111111111111111111111111111111111111111111111111111111111111111111111111111111111111111
11111111111111111111111111111111111111111111111111111111111111111111111111111111111111111111111111111111111111111111111111111111
11111111111111111111111111111111111111111111111111111111111111111111111111111111111111111111111111111111111111111111111111111111