11111111111111111111111111111111111111111111111111111111111111011111111111111111111111111111111111111111111111111111111111111111
11111111111111111111111111111111111111111111111111111111111111111111111111111111111111111111111111111111111111111111111111111111
11111111111111111111111111111111111111111110000111111111111111111111111111111111111111111111111111111111111111111111111111111111
11111111111111111111111111111111111111111111111111111111111111111111111111111111111111111111111111111111111111111111111111111111
11111111111111111111111111111111111111111111111111111111111111111111111111111111111111111111111111111111111111111111111111111111
11111111111111111111111111111111111111111111111111111111111111111111111111111111111111111111111111111111111111111111111111111111
11111111111111111111111111111111111111111111111111111111111111111111111111111111111111111111111111111111111111111111111111111111
11111111111111111111111111111111111111111111111111111111111111111111111111111111111111111111111111111111111111111111111111111111
11111111111111111111111111111111111111111111111111111111111111111111111111111111111111111111111111111111111111111111111111111111
11111111111111111111111111111111111111111111111111111111111111111111111111111111111111111111111111111111111111111111111111111111
11111111111111111111111111111111111111111111111111111111111111111111111111111111111101111111111111111111111111111111111111111111
11111111111111111111111111111111111111111111111111111111111111111111111111111111111111111111111111111111111111111111111110111111
11111111111111111111111111111111111111111111111111111111111111111111111111111111111111111111111111111111111111111111111111111111
11111111111111111111111111111111111111111111111111111111111111111101111111111111111111110111111111111111111111111111111111111111
11111111111111111111011111111111111111111111011111111111111100111111111111111111111111111111111111111111111111111111111111111111
11111111111111111111111111111111111111111111111111111111111111111111111111111111111111111111111111111111111111111111111111111111
11111111111111111111111111111111111111111111111111111111111111111111111111111111111111111111111111111111111111111111111111111111
11111111111111111111111111111111111111111111111111111111111111111111111111111111111111111111111111111111111111111111111111111111
11111111111111111111111111111111111111111111111111111111111111111111111111111111111111111111111111111111111111111111111111111111
11111111111111111111111111111111111111111111111111111111111111111111111111111111111111111111111111111111111111111111111111111111
11111111111111111111111111111111111111111111111111111111111111111111111111111111111111111111111111111111111111111111111111111111
11111111111111111111111111111111111111111111111111111111111111111111111111111111111111111111111111111001111111111111111111111111
11111111111111111111111111111111111111111111111111111111111111111111111111111111111110011111100110111001111111111111111111111111
11111111111111111111111111111111111111111111111110001111111110111111111111111111111110011111100110111001111111111111111111111111
11111111111111111011001111111111111111110111111110001111111110111111111111111111111110111111100110111001111111111111111111111111
11111111111110110011001111111111111111110111111110001111111110111111111111111111111110011111100110111001111111111111111111111111
11111111111110110011001111111111111111110111111110001111111110111111111111111111111110011111100110111001111111111111111111111111
11111111111110110011001111111111111111110111111110001111111110111111111111111111111110011111100111111001111111111111111111111111
11111111111110110011001111111111111111110011111110001111111110111111111111111111111110011111100111111001111111111111111111111111
11111111111111110011001111111111111111110011111110001111111110111111111111111111111110011111100111111001111111111111111111111111
11111111111111110011001111111111111111110011111110001111111110111111111111111111111110011111100111111001111111111111111111111111
11111111111111110011001111111111111111110011111110001111111110111111111111111111111110011111100111111001111111111111111111111111
11111111111111110011001111111111111111110011111110001111111110111111111111111111111110001111100111111001111111111111111111111111
11111111111111110011001111111111111111110011111110001111111110111111111111111111111110001111100111111001111111111111111111111111
11111111111111110011001111111111111111110011111110001111111110111111111111111111111110001111100111111001111111111111111111111111
11111111111111110011101111111111111111110011111110001111111110111111111111111111111110001111100111111001111111111111111111111111
11111111111111110011101111111111111111110011111111001111111110111111111111111111111110001111100011111001111111111111111111111111
11111111111111110011101111111111111111110011111111001111111110111111111111111111111110001111100011111001111111111111111111111111
11111111111111110001101111111111111111110011111111001111111110111111111111111111111110001111100011111001111111111111111111111111
11111111111111110001101111111111111111110011111111001111111110111111111111111111111110001111100111111001111111111111111111111111
11111111111111110001101111111111111111110011111111001111111110111111111111111111111110001111100111111001111111111111111111111111
11111111111111110001101111111111111111110011111111001111111110111111111111111111111110001111100011111001111111111111111111111111
11111111111111110001101111111111111111110011111111001111111110111111111111111111111110001111100011111001111111111111111111111111
11111111111111110001101111111111111111110011111111001111111110111111111111111111111110001111100011111001111111111111111111111111
11111111111111110001101111111111111111110011111111001111111110111111111111111111111110001111100011111001111111111111111111111111
11111111111111110001101111111111111111110011111111001111111110111111111111111111111110001111100011111001111111111111111111111111
11111111111111110001101111111111111111110011111111001111111110111111111111111111111110001111100011111001111111111111111111111111
11111111111111110001101111111111111111110011111111001111111110011111111111111111111110001111100011111001111111111111111111111111
11111111111111110001101111111111111111111011111111001111111110011111111111111111111110001111100011111001111111111111111111111111
11111111111111110001101111111101111111111011111111001111111110011111111111111111111110001111100011111001111111111111111111111111
11111111111111110001101111111111111111111011111111001111111110011111111111111111111110001111100011111001111111111111111111111111
11111111111111010001101111111111111111111011111111001111111110011111111111111111111110001111100011111001111111111111111111111111
11111111111111011001100111111111111111111011111111000111111110011111111111111011111110001111100011111001111111111111111111111111
11111111111111011001100111111101111111111011111111000111111110011111111111111011111110001111100011111001111111111111111111111111
11111111111111011001100111111111111111111011111111000111111110011111111111111011111111001111100011111001111111111111111111111111
11111111111111011001100111111111111111111011111111000111111110011111111111111011111111001111100011111001111111111111111111111111
11111111111111011001100111111111111111111011111111000111111110011111111111111011111111001111110011111001111111111111111111111111
11111111111111011001100111111111111111111011111111000111111110011111111111111011111111001111110011111000111111111111111111111111
11111111111111011001100111111111111111111011111111000111111111011111111111111011111111001111110011111000111111111111111111111111
11111111111111011001100111111111111111111011111111000111111111011111111111111011111111001111110011111000111111111111111111111111
11111111111111011001100111111111111111111011111111000111111111011111111111111011111111001111110011111000111111111111111111111111
11111111111111011001100111111111111111111011111111000111111111011111111111111011111111001111110011111000111111111111111111111111
11111111111111011001100111111111111111111011111111000111111111011110111111111011111111001111110011111000111111111111111111111111
11111111111111011001100111111111111111111011111111000111111111011110111111111011111111001111110011111000111111111111111111111111
11111111111111011001100111111111111111111011111111000111111111011110111111111011111111001111110011111000111111111111111111111111
11111111111111111001100111111111111111111011111111000111111111011110111111111111111111001111110011111000111111111111111111111111
11111111111101111001100111111111111111111011111111000111111111011111111111111111111111001111110011111000111111111111111111111111
11111111111101111001100111111111111111111001111111000111111111011111111111111111111111001111110011111000111111111111111111111111
11111111111101111001100111111111111111111001111111000111111111011111111111111111111111001111110011111000111111111111111111111111
11111111111111111001100111111111111111111001111111000111111111011111111111111111111111001111110011111100111111111111111111111111
11111111111111111001110111111111111111111001111111000111111111011111111111111111111111001111110011111100111111111111111111111111
11111111111111111001110111111111111111111001111111000111111111011111111111111111111111001111110011111100111111111111111111111111
11111111111111111001110111101111111111111001111111000111111111011111111111111111111111001111110011111100111111111111111111111111
11111111111111111000110111111111111111111001111111000111111111011111111111111111111111001111110011111100111111111111111111111111
11111111111111111000110111111111111111111001111111000111111111011111111111111111111111001111110011111100111111111111111111111111
11111111111111111000110111111111111111111001111111000111111111011111111111111111111111001111110011111100111111111111111111111111
11111111111111111000110111111111111111111001111111000111111111011111111111111111111111001111110011111100111111111111111111111111
11111111111111111000110111111111111111111001111111000111111111011111111111111111111111001111110011111100111111111111111111111111
11111111111111111000110111111111111111111001111111000111111111011111111111111111111111001111110011111100111111111111111111111111
11111111111111111000110111111111111111111001111111000111101111011111111111111111111111001111110011111100111111111111111111111111
11111111111111111000110111111111111111111001111111000111111111011111111111111111111111001111110011111100111111111111111111111111
11111111111111111000110111111111111111111001111111000111111111011011111111111111111111001111110011111100111111111111111111111111
11111111111111111000110111111111111111111001111111000111111111011111111111111111111111001111110011111100111111111111111111111111
11111111111111111000110111111111111111111001111111000111111111011111111111111111111111001111110011111100111111111111111111111111
11111111111111111000110111111111111111111001111111100111111111011111111111111111111111001111110011111100111111111111111111111111
11111111111111111000110111111111111111111001111111100111111111011011111111111111111111001111110011111100111111111111111111111111
11111111111111111000110111111111111111111001111111100111111111011011111111111111111111001111110011111100111111111111111111111111
11111111111111111100110111111111111111111001111111100111111111011111111111111111111111001111110011111100111111111111111111111111
11111111111111111100110111111111111111111101111111100111111111011111111111111111111111001111110011111100111111111111111111111111
11111111111111101100110111111111111111111101111111100111111111011111111111111111111111001111110011111100111111111111111111111111
11111111111111101100110011111111111111111101111111100111111111011111111111111111110111001111110011111100111111111111111111111111
11111111111111101100110011111111111111111101111111100111111111011111111111111111111111001111110011111100111111111111111111111111
11111111111111101100110011111111111111111101111111100111111111011111111111111111111111001111110011111100111111111111111111111111
11111111111111101100110011111111111111111101111011100111111111011111111111111111111111001111110011011100111111111111111111111111
11111111111111101100110011111111111111111101111111100111111111011111111111111111111111001111110011011100111111111111111111111111
11111111111111101100110011111111111111111101111111100111111111011111111111111111111111001111110011011100111011111111111111111111
11111111111111101100110011111111111111111101111111100110111111011111111111111111111111001111110011011100111011111111111111111111
11111111111111101100110011111111111111111101111111100110111111011111111111111111111111001111110011011100111011111111111111111111
11111111111111101100110011111111111111111101111111100010111111011111111111111111111111001111110011011100111111111111111111111111
11111111111111101100110011111111111111111101111111100010111111011111111111111111111111001111110011011100111111111111111111111111
11111111111110101100110011111111111111111101111111100011111111011111111111111111111111001111110011011100111111111111111111111111
11111111111111111100110011111111111111111101111111100011111111011111111111111111111111001111110011011100111011111111111111111111
11111111111111111100110011111111111111111101111111100011111111011111111111111111111111000111110011011100111011111111111111111111
11111111111111111100110011111111111111111101111111100011111111001111111111111111111111001111110011011100111011111111111111111111
11111111111111111100110011111111111111111101111111100011111111001111111111111111111111001111110011011100111011111111111111111111
11111111111111111100110011111111111111111101111111100011111111001111111111111111111111001111110011011100111011111111111111111111
11111111111111111100110011111111111111111101111111100011111111001111111111111111111111000111110011011100111011111111111111111111
11111111111111111100110011111111111111111101111111100011111111001111111111111111111111000111110011011100111011111111111111111111
11111111111111111100110011111111111111111101111111100011111111001111111111111111111111000111110011011100111011111111111111111111
11111111111111111100111011111111111011111101111111100011111111001111111111111111111111000111110011011100111011111111111111111111
11111111111111111100011011111111111011111101111111100011111111001111111111111111111111000111110011011100111011111111111111111111
11111111111111111100011011111111111111111100111111100011111111001111111111111111111111000111110011011100111111111111111111111111
11111111111111111100011011111111111111111100111111100011111111001111111111111111111111111111111111111111111111111111111111111111
11111111111111111100011011111111111111111100111111100011111111101111111111111111111111111111111111111111111111111111111111111111
11111111111111111100011011111111111111111101111111111111111111111111111111111111111111111111111111111111111111111111111111111111
11111111111111111100011011111111111111111111111111111111111111111111111111111111111111111111111111111111111111111111111111111111
11111111111111111111111111111111111111111111111111111111111111111111111111111111111111111111111111111111111111111111111111111111
11111111111111111111111111111111111111111111111111111111111111111111111111101111111111111111111111111111111111110111111111111111
11111111111111111111111111111111111111111111001111111111111111111111111111111111111111111111111111111111111111111111111111111111
11111111111111111111110111111111111111111111111111111111111111111111111111111111111111111111111111111111111111111111111111111111
11111111101111111111110111101111111111111111111111111111111111111111111111111111111111111001111111011111111111111111111111111111
11111111111111111111111111111111111111111111001111111111111111111111111111111111111111111111111111111111111111111111111111111111
11111111111111111111111111110011111111111111111111111111111111111111111111111111111111111111111111111111111111111111111111111111
11111111111111111111111111111111111111111111111111101111111011111111111111111111111111111111111111111111111111111111111111111111
01111111001111111111111111111111111111111111111111111111111111111111111111111111111111111111111111111111111111111111111111111111
01111111111111111111011111111111111111111111111111111111111111111111111111111111111111111111111111111111111111111111111111111111
01111111111111111111011111111111111111111111111111111111111111111111111111111111111111111111111111111111111111111111111111111111
01111111111111111111111111111111111111111111111111111111111111111111111111111111111111111111111111111111111111111111111111111111