00000000000000000000000000000000000000000000000000000000000000000000000000000000000000000000000000000000000000000000000000000000
00000000000000000000000000000000000000000000000000000000000000000000000000000000000000000000000000000000000000000000000000000000
00000000000000000000000000000000000000000000000000000000000000000000000000000000000000000000000000000000000000000000000000000000
00000111111111111111111111111111111111111111111111111111111111111111111111111111111111111111111111111111111111111111111000000000
00000111111111111111111111111111111111111111111111111111111111111111111111111111111111111111111111111111111111111111111000000000
00000111111111111111111111111111111111111111111111111111111111111111111111111111111111111111111111111111111111111111111000000000
00000111111111111111111111111111111111111111111111111111111111111111111111111111111111111111111111111111111111111111111000000000
00000111111111111111111111111111111111111111111111111111111111111111111111111111111111111111111111111111111111111111111000000000
00000111111111111111111111111111111111111111111111111111111111111111111111111111111111111111111111111111111111111111111000000000
00000111111111111111111111111111111111111111111111111111111111111111111111111111111111111111111111111111111111111111111000000000
00000111111111111111111111111111111111111111111111111111111111111111111111111111111111111111111111111111111111111111111000000000
00000111111111111111111111111111111111111111111111111111111111111111111111111111111111111111111111111111111111111111111000000000
00000111111111111111111111111111111111111111111111111111111111111111111111111111111111111111111111111111111111111111111000000000
00000111111111111111111111111111111111111111111111111111111111111111111111111111111111111111111111111111111111111111111000000000
00000111111111111111111111111111111111111111111111111111111111111111111111111111111111111111111111111111111111111111111100000000
00000111111111111111111111111111111111111111111111111111111111111111111111111111111111111111111111111111111111111111111100000000
00000111111111111111111111111111111111111111111111111111111111111111111111111111111111111111111111111111111111111111111100000000
00000111111111111111111111111111111111111111111111111111111111111111111111111111111111111111111111111111111111111111111100000000
00000111111111111111111111111111111111111111111111111111111111111111111111111111111111111111111111111111111111111111111100000000
00000111111111111111111111111111111111111111111111111111111111111111111111111111111111111111111111111111111111111111111100000000
00001111111111111111111111111111111111111111111111111111111111111111111111111111111111111111111111111111111111111111111100000000
00001111111111111111111111111111111111111111111111111111111111111111111111111111111111111111111111111111111111111111111100000000
00001111111111111111111111111111111111111111111111111111111111111111111111111111111111111111111111111111111111111111111100000000
00001111111111111111111111111111111111111111111111111111111111111111111111111111111111111111111111111111111111111111111100000000
00001111111111111111111111111111111111111111111111111111101101111111011111111111011011101111011110111111111111111111111100000000
00001111111111111111111111101111111111111111101101111101101101111101011111111101011011100111011110011111111111111111111100000000
00001111111111111111111111101101111111111111101101111101101101111101011111111101011011100111011110011111111111111111111100000000
00001111111111111111111111101101111111111111101101111101101101111101011111111100011001100111011110011111111111111111111100000000
00001111111111111111111111101101111111111111101101111101101101111101011111111100011001100111111110011111111111111111111100000000
00001111111111111111111111101101111111111111101101111101101101111101011111111100011001100111111110011111111111111111111100000000
00001111111111111111111111101101111111111111101101111101101101111101011111111100011001100111111110011111111111111111111100000000
00001111111111111111111111101101111111111111101101111101101101111101011111111100011101100111111110011111111111111111111110000000
00001111111111111111111111101101111111111111101101111101101101111101011111111100011101100011111010011111111111111111111110000000
00001111111111111111111111101101111111111111101101111101101101111101011111111100011101100011111010011111111111111111111110000000
00001111111111111111111111101101111111111111101101111101101101110101011111111100011101100011111010011111111111111111111110000000
00001111111111111111111111101101111111111111101101111101101101110101011111111100011101100011111010011111111111111111111110000000
00001111111111111111111111101101111111111111101101111101101101110100001111111100011101100011111010011011111111111111111110000000
00001111111111111111111111101101111111111111101101111101101101110100001111011100011101100011111010011011111111111111111110000000
00001111111111111111111111101101111111111111101101111101101101110100001111011100011101100011111000011011111111111111111110000000
00001111111111111111111111101101111111111111101101111101101101110100001111011100001101100011111000011011111111111111111110000000
00001111111111111111111111101101111111111111101101111101100101110000001111011100001101100011111000011011111111111111111110000000
00001111111111111111111111101101111111111111101001111101100101110000001111011100001101100011111000011011111111111111111110000000
00001111111111111111111111101101111111111111101001111101100101110000001111011100001101100011111000011011111111111111111110000000
00001111111111111111111111101101111111111111101001111101100101110000001111011100001101100011111100011111111111111111111110000000
00001111111111111111111111101101111111111111101001111101100101100000001111011100001101100011111100011111111111111111111110000000
00001111111111111111111111101101111111111111101001111101100101100000001111011100001101100011111100011110111111111111111110000000
00001111111111111111111111101101111111111111101001111101100101100000001111011100001101100011101100011110111111111111111110000000
00001111111111111111111111101101111111111111101001111101100100000000001111011100001101100011101100011110111111111111111111000000
00001111111111111111111111101101111111111111101001111101100100000000001111011100001101100011101100011110111111111111111111000000
00001111111111111111111111101101111111111111101001111101100001100000001111011100001101100011101100011111111111111111111111000000
00011111111111111111111111101101111111111111101001111101100000000000001111011100001101100011101100001111111111111111111111000000
00011111111111111111111111101101111111111111101001111001100000000000001111011100001101100001101100001111111111111111111111000000
00011111111111111111111111001101111111111111101001111001100000000000001111011100001100100001101100001111111111111111111111000000
00011111111111111111111111001101111111111111101001111001100000000000001101011100001100100001101100001111111111111111111111000000
00011111111111111111111111001101111111111111101001111001100000000000001101011100001100100001101100001111111111111111111111000000
00011111111111111111111111001101111111111111101001111001100000000000001101011100001100100001101100001111111111111111111111000000
00011111111111111111111111001101111111111111101001111000000000000000001101011100001100100001101100001111111111111111111111000000
00011111111111111111111111001101111111111111101001111000000000000000001101011100001100100001101100001111111111111111111111000000
00011111111111111111111111001101111111111111101001111000000000000000001101011100001100100001101100001111111111111111111111000000
00011111111111111111111111001101111111111111101001111000000000000000001101011100001100100001101100001101111111111111111111000000
00011111111111111111111111001111111111111111101001111000000000000000001101011100001100100001101100001101111111111111111111000000
00011111111111111111111111001111111111111111101001111000000000000000001101011100001100100001101100001101111111111111111111000000
00011111111111111111111111001111111111111111101001111000000000000000001101011100000100100001101100001101111111111111111111000000
00011111111111111111111111001111111111111111101001111000000000000000001101011100000100100001101100001101111111111111111111000000
00011111111111111111111111001111111111111111101001111000000000000000001101011100000100000001101100001101111111111111111111000000
00011111111111111111111111001111111111111111101001111000000000000000001101001100000000000000100000001100111111111111111111000000
00011111111111111111111111001111111111111111101001111000000000000000001101001000000000000000000000001100011111111100111110000000
00011111111111111111111111001111111111111111101001111000000000000000000000000000000000000000000000001100011111111000000100000000
00011111111111111111111111001111111111111111101000011000000000000000000000000000000000000000000000001101011111111000000000000000
00011111111111111111111111001111111111111111001000011000000000000000000000000000000000000000000000000111011111111000000000000000
00011111111111111111111111001111111111111111001000011000000000000000000000000000000000000000000000000110011111111000000000000000
00011111111111111111111111001111111111111111001000011000000000000000000000000000000000000000000000000110011111111000000000000000
00011111111111111111111111001111111111111111001000011000000000000000000000000000000000000000000000000110011111111000000000000000
00011111111111111111111111001111111111111111001000011000000000000000000000000000000000000000000000000110011111111000000000000000
00011111111111111111111111001111111111111111001000011000000000000000000000000000000000000000000000000110011111111000000000000000
00011111111111111111111111001111111111111111001000011000000000000000000000000000000000000000000000000110011111111000000000000000
00111111111111111111111111001111111111111111000000011000000000000000000000000000000000000000000000000110011111111000000000000000
00111111111111111111111111001111111111111111000000011000000000000000000000000000000000000000000000000110011111111000000000000000
00111111111111111111111111001111111111111111000000011000000000000000000000000000000000000000000000000110011111111000000000000000
00111111111111111111111111001111111111111110000000011000000000000000000000000000000000000000000000000110011111111000000000000000
00111111111111111111111111001111111111111110000000011000000000000000000000000000000000000000000000000110011111111000000000000000
00111111111111111111111111001011111111111110000000011000000000000000000000000000000000000000000000000110011111111000000000000000
00111111111111111111111111001011111111111110000000011000000000000000000000000000000000000000000000000110011111111000000000000000
00111111111111111111111111001011111111111110000000011000000000000000000000000000000000000000000000000010011111111100000000000000
00111111111111111111111111001011111111111110000000011000000000000000000000000000000000000000000000000010011111111100000000000000
00111111111111111111111111001011111111111110000000011000000000000000000000000000000000000000000000000010001111111100000000000000
00111111111111111111111111001011111111111110000000011000000000000000000000000000000000000000000000000000001111111100000000000000
00111111111111111111111111001011111111111110000000011000000000000000000000000000000000000000000000000000001111111100000000000000
00111111111111111111111111001011111111111110000000011000000000000000000000000000000000000000000000000000001111111100000000000000
00111111111111111111111111001011111111111110000000011000000000000000000000000000000000000000000000000000001111111100000000000000
00111111111111111111111111001011111111111110000000011000000000000000000000000000000000000000000000000000001111111100000000000000
00111111111111111111111111001011111111111110000000011000000000000000000000000000000000000000000000000000001111111100000000000000
00111111111111111111111111001011111101111110000000011000000000000000000000000000000000000000000000000000001111111100000000000000
00111111111111111111111111001011111101111110000000011000000000000000000000000000000000000000000000000000001111111100000000000000
00111111111111111111111111001011111101111110000000011000000000000000000000000000000000000000000000000000001111111100000000000000
00111111111111111111111111001011111101111110000000011000000000000000000000000000000000000000000000000000001111111000000000000000
00111111111111111111111111001011111101111110000000011000000000000000000000000000000000000000000000000000001111111000000000000000
00111111111111111111111110001011111101111110000000011000000000000000000000000000000000000000000000000000001111111100000000000000
00111111111111111111111110001011111101111110000000011000000000000000000000000000000000000000000000000000001111111100000000000000
00111111111111111111111110001011111101111110000000011000000000000000000000000000000000000000000000000000001111111100000000000000
00111111111111111111111110001011111101111110000000011000000000000000000000000000000000000000000000000000001111111000000000000000
00111111111111111111111110001011111101111110000000011000000000000000000000000000000000000000000000000000001111111000000000000000
00111111111111111111111111011011111111111111101001100001000000000000000000000000000000000000000000000000000111111000000000000000
00111111111111111111111111111111111111111111100111100011000000000000000000000000000000000000000000000000000011111000000000000000
00111111111111111111111111111111100111000011100011100001100000000000000000000000000000000000000000000000000001111000000000000000
00111111111111111111111111110111011011111011101001001001111000000000000000000000000000000000000000000000001110011000000000000000
00111111111111111111111111110111011011111011001001001101111001000000000000000000000000000000000000000000001111000000000000000000
00111111111111111111111111111111011111110111100011011101110001000000000000000000000000000000000000000000001111011000000000000000
00111111111111111111111111111111000111110111100011011101110000000000000000000000000000000000000000000000001110111000000000000000
00111111111111110111111111111111000111101111000001011101110000000000000000000000000000000000000000000000001101111000000000000000
00111111111111101111111111111111011011101111011000001100000000000000000000000000000000000000000000000000001011111000000000000000
00111111111111101111111111011111111011101111011000001001100000000000000000000000000000000000000000000000001111111000000000000000
00111111111111111111111111011111011011101111000001000001100000000000000000000000000000000000000000000000001111111000000000000000
00111111111111011111111111011111000111101111100001100001100000000000000000000000000000000000000000000000000111111000000000000000
00111111111111111111111111111111101111111111110111100000000000000000000000000000000000000000000000000000000111111000000000000000
00111111111111111111111111111111111111111111111111000000000000000000000000000000000000000000000000000000000111111000000000000000
00111111111111111111111111111111111111111111111111000000000000000000000000000000000000000000000000000000000111111000000000000000
00111111111111111111111111111111111111111111010000000000000000000000000000000000000000000000000000000000000111111000000000000000
00111111111111111111111111111111111111111111110000000000000000000000000000000000000000000000000000000000000011111000000000000000
00111111111111111111111111111111111111111111110100000000000000000000000000000000000000000000000000000000000011110000000000000000
00111111111111111111111111111111111111111111100100000000000000000000000000000000000000000000000000000000000001110000000000000000
00111111111111111111111111111111111111111111000000000000000000000000000000000000000000000000000000000000000000000000000000000000
00111111111111111111111111111111111110111111000000000000000000000000000000000000000000000000000000000000000000000000000000000000
00111111111111111111111111111000000000000000000000000000000000000000000000000000000000000000000000000000000000000000000000000000
00000000000000000000000000000000000000000000000000000000000000000000000000000000000000000000000000000000000000000000000000000000
00000000000000000000000000000000000000000000000000000000000000000000000000000000000000000000000000000000000000000000000000000000
00000000000000000000000000000000000000000000000000000000000000000000000000000000000000000000000000000000000000000000000000000000
00000000000000000000000000000000000000000000000000000000000000000000000000000000000000000000000000000000000000000000000000000000