11111111111111111111111111111111111111111111111111111111111111111111111111111111111111111111111111111111111111111111111111111111
11111111111111111111111111111111111111111111111111111111111111111111111111111111111111111111111111111111111111111111111111111111
11111111111111111111111111111111111111111111111111111111111111111111111111111111111111111111111111111111111111111111111111111111
11111111111111111111111111111111111111111111111111111111111111111111111111111111111111111111111111111111111111111111111111111111
11111111111111111111111111111111111111111111111111111111111111111111111111111111111111111111111111111111111111111111111111111111
11111111111111111111111111111111111111111111111111111111111111111111111111111111111111111111111111111111111111111111111111111111
11111111111111111111111111111111111111111111111111111111111111111111111111111111111111111111111111111111111111111111111111111111
11111111111111111111111111111111111111111111111111111111111111111111111111111111111111111111111111111111111111111111111111111111
11111111111111111111111111111111111111111111111111111111111111111111111111111111111111111111111111111111111111111111111111111111
11111111111111111111111111111111111111111111111111111111111111111111111111111111111111111111111111111111111111111111111111111111
11111111111111111111111111111111111111111111111111111111111111111111111111111111111111111111111111111111111111111111111111111111
11111111111111111111111111111111111111111111111111111111111111111111111111111111111111111111111111111111111111111111111111111111
11111111111111111111111111111111111111111111111111111111111111111111111111111111111111111111111111111111111111111111111111111111
11111111111111111111111111111111111111111111111111111111111111111111111111111111111111111111111111111111111111111111111111111111
11111111111111111111111111111111111111111111111111111111111111111111111111111111111111111111111111111111111111111111111111111111
11111111111111111111111111111111111111111111111111111111111111111111111111111111111111111111111111111111111111111111111111111111
11111111111111111111111111111111111111111111111111111111111111111111111111111111111111111111111111111111111111111111111111111111
11111111111111111111111111111111111111111111111111111111111111111111111111111111111111111111111111111111111111111111111111111111
11111111111111111111111111111111111111111111111111111111111111111111111111111111111111111111111111111111111111111111111111111111
11111111111111111111101111111111111111111111111111111111111111111111111111111111111111111111111111111111111111111111111111111111
11111111111111111111111111111111111111111111111111111111111111111111111111111111111111111111111111111111111111111111111111111111
11111111111111111111111111111111111111111111111111111111111111111111111111111111111111111111111111111111111111111111111111111111
11111111111111111111111111111111111111111111111111111111111111111111111111111111111111111111111111111111111111111111111111111111
11111111111111111111111111111111111111111111111111111111111111111101101110001111111111110111111101100111001111111111111111111111
11111111111111110011101111111111011111111011110011101111011110111101101110001111111111110111111101100111001111111111111111111111
11111111111111110011101111111111011111111011010011101111011110111101101110001111111111110111111101100111001111111111111111111111
11111111111111110001101111111111011111111011010011101111011110111101101110001111111111110111111101100110001111111111111111111111
11111111111111110001101111111111011111111011010011101111011110111101101110001111111111110111111101100110001111111111111111111111
11111111111111110001101111111111011111111011010011101111011110111101101110001111111111110111111101100110001111111111111111111111
11111111111111110001101111111111011111111011010011101111011111111101101110001111111111110111111101101110001111111111111111111111
11111111111111110001101111111111011111111011010011101111011110111101101110001111111111110111111101101110001111111111111111111111
11111111111111110001101111111111011111111011010011101111011110111101101110001111111111110111111101100110001111111111111111111111
11111111111111110001101111111111011111111011010011101111011110111101101110001111111111110111111101101110001111111111111111111111
11111111111111110001101111111111011111111011010011101111011110111101101110001111111111110110111101101110001111111111111111111111
11111111111111110001101111111011011111111011010011101111011110111101101110001111111111110110111101101110001111111111111111111111
11111111111111110001101111111011011111111011010011101111011110111101101110001111111111110110111101101110001111111111111111111111
11111111111111110001101111111011011111111011010011101111011110111101101110001101111111110110111101101110001111111111111111111111
11111111111111110001101111111011011111111011010011101111011011111101101110001101111111110110111101101110001011111111111111111111
11111111111111010001101111111011011111111011010011101111011011111101101110001101111111110110111101101110001011111111111111111111
11111111111111010001101111111011111111111011010011101111011011111101101110001101111111110110111101101110001011111111111111111111
11111111111111010001101111111011111111111011010011101111011011111101101110001101111111110110111101101110001011111111111111111111
11111111111111010001101111111011111111111011010011101111011011111101101110001111111111110110111101101110001011111111111111111111
11111111111111011001101111111011111111111011010011101111011011111101101110001111111111110110111101101110001011111111111111111111
11111111111101011001101111111011111111111011010011101111011011111101101110001101111111111110111101101110001011111111111111111111
11111111111101011001101111111011111111111001010011101111011011111101101110001101111111111110111101101110001011111111111111111111
11111111111101011001101111111011111111111011110011101111011011111101101110001101111111111110111101101110001011111111111111111111
11111111111101011001101111011011111111111001110011101111011011111101101110001101111111111110111101101110001011111111111111111111
11111111111101011001101111011111111111111001110011101111011011111101101110001101111111111110111101101110001011111111111111111111
11111111111101011001101111011111111111111001110011101111011011111101101110001101111111111110111101101110001011111111111111111111
11111111111101011001101111011111111111111001111011101111011011111101101110001101111111111110111101101110001011111111111111111111
11111111111101111001101111011111111111111001111011101111011011111101101110001101111111111110111101101110001011111111111111111111
11111111111101111001101111011111111111111001111011101111011011111101101110001101111111111110111101101110011011111111111111111111
11111111111101111001101111011111111111111001111011101111011011111101101110001101111111111110111101101110011011011111111111111111
11111111111101111001101111011111111111111001111011101111011011111101101110001101111111111110111101101110011011011111111111111111
11111111111101111001101111011111111111111001111011101111011011111101101110001101111111111110111101101110011011011111111111111111
11111111111111111001101111011111111111111001111011101111011011111101101110001101111111111110111101101110011011011111111111111111
11111111111111111001101111011111111111111001111011101111011011111101101110001101111111111110111101101110011111011111111111111111
11111111111111111001101111011111111111111001111011101111011011111101101110001101111111111110111101101110011111010111111111111111
11111111111111111001101111011111111111111101111011101111011011111101101110011101111111111110111101101110011111010111111111111111
11111111111111111001101111011111111111111101111011101111011011111101101110001101111111111110111101101110011111010111111111111111
11111111111111111001101111011111111111111101111011101111011011111101101110011101111111111110111101101110011111010111111111111111
11111111111111111001101111111111111111111101111011101111011011111101101110011101011111111110111101101110011111110111111111111111
11111111111111111001101111111111111111111101111011101111011111111101101110011101011111111110111101101110011111110111111111111111
11111111111111111001100111111111111111111101111011101111001111111101101110011101011111111110111101101110011111110111111111111111
11111111111111111001100111111111111111111101111011101111001111111101101110011101011111111110111101101110011111110111111111111111
11111111111111111001100111111111111111111101111011101111011111111101101110011101011111111110111101101110011111111111111111111111
11111111111111111001100111111111111111111101111011101111011111111101101110011101011111111110111101101110011111111111111111111111
11111111111111111001100111111111111111111101111011101111011111111101101110011101011111111110111101101110011111111111111111111111
11111111111111111001100111111111111111111101111011101111001111111101101110011101011111111110111101101110011111111111111111111111
11111111111111111001100111111111111111111101111011101111001111111101101110011101011111111111111101101110011111111111111111111111
11111111111111111001100111111111111110111101111011101111001111111101101110011101011111111111111101101110011111111111111111111111
11111111111111111001110111111111111110111101111011101111001111111101101110011101011111111111111001101110011111111111111111111111
11111111111111111001110111111111111110111101111011101111001111111101101110011101011111111111111001101110011111111111111111111111
11111111111111111000110111111111111110111101111011101111001111111101101110011101011111111111111001101110011111111111111111111111
11111111111111111000110111111111111110111101111011101111001111111101101110011101011111111111111001101110011111111111111111111111
11111111111111111000110111111111111110111101111011101111001111111101101110011101011111111111111001101110011111111111111111111111
11111111111111111000110111111111111110111101111011101111001111111101101110011101011111111111111001101110011111111111111111111111
11111111111111111000110111111111111110111101111011101111001111111101101110011101011111111111111001101110011111111111111111111111
11111111111111111000110111111111111110111101111011101111001111111101101110011101011111111111111001101110011111111111111111111111
11111111111111111000110111111111111110111101111011101111001111111101101110011101011111111111111001001110011111111111111111111111
11111111111111111000110111111111111110111101111011101111001111111101101110011101011111111111111001001110011111111111111111111111
11111111111111111000110111111111111110111101111011101111001111111101101110011101011111111111111001001110011111111111111111111111
11111111111111101000110111111111111111111101111011101111001111111101101110011101011111111111111001001110011111111111111111111111
11111111111111101000110111111111111111111101111011101111001111111101101110011101011111111111111001001110011111111111111111111111
11111111111111101000110111111111101111111101111011101111001111111101101110011101011111111111111001001110011111111111111111111111
11111111111111101000110111111111101111111101111011101111001111111101101110011101011111111111111001001110011111111111111111111111
11111111111111101000110111111111101111111101111011101111001111111101101110011101011111111111111001001110011111111111111111111111
11111111111111101000110111111111101111111101111011101111001111111101101110011101011111111111111001001110011111111111111111111111
11111111111111101100110111111111101111111101111011101111001111111101101110011101011111111111111001001110011111111111111111111111
11111111111110101100110111111111101111111101111011101111001111111101101110011101011111111111111001001110011111111111111111111111
11111111111110101100110111111111101111111101111011101111001111111101101110011101011111111111111001001110011111111111111111111111
11111111111110101100110111111111101111111101111011101111001111111101101110011101011111111111111001001100011111111111111111111111
11111111111110101100110111111111101111111101111011101111001111111101101110011101011111111111111001001110011111111111111111111111
11111111111110101100110111111111101111111101111011101111001111111101101110011101011111111111111001001100011111111111111111111111
11111111111110101100110111111111101111111101111011101111001111111101101110011101011111111111111001001100011111111111111111111111
11111111111110101100110111111111101111111101111011101111001111111101101110011101011111111111111001001100011111111111111111111111
11111111111110111100110111111101101111111101111011101111001111111101101110011101011111111111111011001100011111111111111111111111
11111111111110111100110111111101101111111101111011101111001111111101101110011101011111111111111011001100011111111111111111111111
11111111111110111100110111111101101111111101111011101111001111111101101110011101011111111111111011001100011111111111111111111111
11111111111111111100110111111101101111111101111011101111001111111101101110011101011111111111111011001100010111111111111111111111
11111111111111111100110111111101101111111101111011100111001111111101101110011101011111111111111011011100010111111111111111111111
11111111111111111100110111111101101111111101111011100111001111111101101110011101011111111111111011011100010111111111111111111111
11111111111111111100110111101101101111111101111011100111001111111101101110011101011111111111111011011100010111111111111111111111
11111111111111111100110111101101101111111101111011100111001111111101101110011101011111111111111011011100010111111111111111111111
11111111111111111100110111101101101111111101111011100111001111111101101110011101011111111111111011011100010111111111111111111111
11111111111111111100110111101101101111111101111011100111001111111101101110011101011111111111111011011100111111111111111111111111
11111111111111111100110111101101111111111101111011101111101111111111111111111111111111111111111111111111111111111111111111111111
11111111111111111111111111111111111111111111111111111111111111111111111111111111111111111111111111111111111110111111111111111111
11111111111111111111111111111111111111111111111111111111111111111111111111111111111111111111111111111111111110111111111111111111
11111111111111111111111111111111111111111111111111111111111111111111111111111111111101111111111111111111111110111111111111111111
11111111111111111111111111111111111111111111111111111111111111111111111111111111111111111111111111111111111110101111111111111111
11111111111111111111111111111111111111111111111111111111111111111111111111111111111111111111111111111111111111111111111111111111
11111111111111111111111111001111111111111111111111111111111111111111111111111111111111111111111111111111111111111111111111111111
11111111111111111111111111111111111111111111111111111111111111111111111111111111111111111111111111111111111111111111111111111111
11111111111111111111111111111111111111111111111111111111111111111111111111111111111111111111111111111111111111111111111111111111
11111111111111111111111111111111111111111111111111111111111111111111111111111111111111111111111111111111111111111111111111111111
11111111111111111111111111111111111111111111111111111111111111111111111111111111111111111111111111111111111111111111111111111101
11111111111111111111111111111111111111111111111111111111111111111111111111111111111111111111111111111111111111111111111111111111
11111111111111111111111111111111111111111111111111111111111111111111111111111111111111111111111111111111111111111111111111111111
11111111111111111111111111111111111111111111111111111111111111111111111111111111111111111111111111111111111111111111111111111111
11111111111111111111111111111111111111111111111111111111111111111111111111111111111111111111111111111111111111111111111111111110
11111111111111111111111111111111111111111111111111111111111111111111111111111111111111111111111111111111111111111111111111111110
11111111111111111111111111111111111111111111111111111111111111111111111111111111111111111111111111111111111111111111111111111100
11111111111111111111111111111111111111111111111111111111111111111111111111111111111111111111111111111111111111111111111111111100
11111111111111111111111111111111111111110111111111111111111111111111111111111111111111111111111111111111111111111111111111111100
11111111111111111111111101111111111111111111111111111111111111111111111111111111111111111111111111111111111111111111111111111100
11111111111111111111111101111011111111111111111111111111111111111111111101111111111111111111111111111111111111111111111111111100
11111111111111111111111111111111111111111111111111111111111111111111111111111111111111111111111111111111111111111111111111111100