11111111111111111111111111111111111111111111111111111111111111111111111111111111111111111111111111111111111111111111111111111111
11111111111111111111111111111111111111111111111111111111111111111111111111111111111111111111111111111111111111111111111111111111
11111111111111111111111111111111111111111111111111111111111111111111111111111111111111111111111111111111111111111111111111111111
11111111111111111111111111111111111111111111111111111111111111111111111111111111111111111111111111111111111111111111111111111111
11111111111111111111111111111111111111111111111111111111111111111111111111111111111111111111111111111111111111111111111111111111
11111111111111111111111111111111111111111111111111111111111111111111111111111111111111111111111111111111111111111111111111111111
11111111111111111111111111111111111111111111111111111111111111111111111111111111111111111111111111111111111111111111111111111111
11111111111111111111111111111111111111111111111111111111111111111111111111111111111111111111111111111111111111111111111111111111
11111111111111111111111111111111111111111111111111111111111111111111111111111111111111111111111111111111111111111111111111111111
11111111111111111111101111111111111111111111111111111111111111111111111111111111111111111111111111111111111110111111111111111111
11111111111111111111111111111111111111111111101111111111111111111111111111111111111111111111111111111111111111111111111111111101
11111111111111111111111011111111111111111111111111111111111111111111111111111111111111111111111111111111111111111111111111111111
11111111111111111111111111111111111111111111111111111111111111111111111111111111111111111111111111111111111111111111111111111111
11111111111111111111111111111111111111111111111111111111111111111111111111111111111111111111111111111111111111111111111111111111
11111111111111111111111111111111111111111111111111111111111111111111111111111111111111111111111111111111111111111011111111111111
11111111111111111111111111111111111111111111111111111111111111111111111111111111111111111111111111111111111111111111111111111111
11111111111111111111111111111111111111111111111111111111111111111111111111111111111111111111111111111111111111111111111111111111
11111111111111111100111011111111111111111111111111111111111111111111111111111111111111111111111111111111111111111111111111111111
11111111111111111100111011111111111111111101111111111101111100011111111111111111111111111111111111111111111111111111111111111111
11111111111111111100111011111111111111111101111110011101111100011111111111111101101110111001111111111011011111111111111111111111
11111111111111111100111011111111111111111101111110111101111100011111111111111101101110111001111111111000001101111111010111111111
11111111111111111100111011111111111111101101111110111101111100011111111111111001001111111001111111110000001101111101010111111111
11111111111111111100111011111111111111111101111110111101111100011111111111111001101111111001111111111000001101111101010111111111
11111111111111111100111011111111111111111101111110111101111100011111111111111001101111111001111111111000001101111101010111111111
11111111111111111100111011111111111111111101111110111101111100011111111111111001101111111001111111110000001101111101010111111111
11111111111111111100111011111111111111111101111110111101111000011111111111111001001111111001111111110001001101111101010111111111
11111111111111111100111011111111111111111101111110111101111000011111111111111001001111111001111111010001001101111101010111111111
11111111111110111100111011111110111111111101111110111101111000011111111111111001101111111001111111010001001101111111010111111111
11111111111111111100111011111110111111111101111110111101111000011111111111111001101111111001111111010000001101111111010111111111
11111111111111111100111011111110111111111101111110111101111000011111111111111001101111111001111111010000011101111111010111111111
11111111111111111100111011111110111111111101111110111101111000011111111111111001001111111001111111010011011101111111010111111111
11111111111110111100111011111111111111111101111110111101111000011111101111111001001111111001111111010011011101111111010111111111
11111111111110111100111011111111111111111101111110111101111000011111101011111001001111110001111111010000011101111111110111111111
11111111111110111100110011111111111111111101111110111101111000011111101111111001001111110001111111010000011101111111110111111111
11111111111110111100110011111111111111111101111110111101111000011111101111111001001111110001111111010000011101111111010111111111
11111111111110111100110011111111111111111101111110111101111000011111101011111001001111110001111111010010011101111111111111111111
11111111111110111100110011111111111111111101111110111101111000011111101011111001001111110001111111010000011101111111111111111111
11111111111110111100110011111111111111111101111110111101111000011111101011111001001111110001111111010000011101111111111111111111
11111111111110111100110111111111111111111101111110111101111000011111101111111001001111110001111111010000011101111111111111111111
11111111111110101100110111111111111111111111111110111101111000011111111011111001001111110001111111010010011101111111111111111111
11111111111110101100110111111111111111111111111110111101111000011111101011111001001111110001111111010010011101111111111111111111
11111111111110111100110111111111111111111111111110111101111000011111101011111001001111110001111111010000011101111111111111111111
11111111111110111100110111111111111111111111111110111101111000011111111011111001001111110001111111010000011101111111111111111111
11111111111110101100110111111111110111111111111110111101111000011111111011111001001111110001111111010010011101111111111111111111
11111111111110101100110111111111110111111111111110111101111000011111101011111011001111110001011111010010011101111111111111111111
11111111111110101100110111111111110111111011111110111101111000011111101011111011001111110001011111010010011111111111111111111111
11111111111110101100110111111111110111111011111110111101111000011111111111111001001111110011011111010000011111111111111111111111
11111111111110101100110111111111110111111011111110111001111000011111111111111001001111110011011111010000011111111111111111111111
11111111111110101100110111111111110111111011111110111001111000011111111111111011001111110001011111010010011111111010111111111111
11111111111110101100110111111111110111111011111110111001111000011111111111111011001111110011011111010010011111111011111111111111
11111111111110101100110111111111110111111011111110111001111000010111111111111011001111110011011111010000011111111011111111111111
11111111111110101100110111111111110111111011111110111001111000010111111111111011001111110011011111010000011111111011111111111111
11111111111110101100110111111111110111111011111110111001111000011111111111111011001111110011011111110010011111111010111111111111
11111111111110101100110111111111110111111011111110111001111000111111111111111011011111110011011111110010011111111010111111111111
11111111111111101100110111111111111111111011111110111001111000011111111111111011011111110011011111110000011111111010111111111111
11111111111111101100110111111111111111111011111110111001111000010111111111111011011111110011011111110000011111111010111111111111
11111111111110101100110111111111110111111011111110111001111000111111111111111011011111110011011111110010011111111010111111111111
11111111111111101100110111111111111111111011111110111001111000111111111111111011011111110011011111110010011111111010111111111111
11111111111111101100110111111111111111111011111110111001111000110111111111111011011111110011111111110010011111111010111111111111
11111111111111101100110111111111111111111011111110111001111000110111111111111011011111110011111111110000011111111010111111111111
11111111111111101100110111111111111111111011111110111001111000110111111111111011011111110011111111110010011111111010101111111111
11111111111111101100110111111111111111111011111110111011111000110111111111111011011111110011111111110010011111111010101111111111
11111111111111101100110111111111111111111011111110111011111000110111111111111011011111110011111111110010011111111010101111111111
11111111111111101100110111111111111111111011111110111011111000110111111111111011011101110011111111110000011111111010101111111111
11111111111111101100110111111111111111111011111110111011111000111111111111111011011101110011111111110000011111111010101111111111
11111111111111101100110111111111111111111011111110111011011000111111111111111011011101110011111111110010011111111010101111111111
11111111111111111100110111111111111111111011111110111011111000111101111111111011011101110011111111110010011111111010101111111111
11111111111111111100110111111111111111111011111110111011111000110101111111111011011101110011111111110000011011111010101111111111
11111111111111101100110111111111111111111011111110111011111000111111111111111011011101110011111111110000011011111010101111111111
11111111111111111000110111111111111111111011111110111011010000111111111111111011011101110011111111110010011011111010101111111111
11111111111111111000110111111111111111111011111100111011011000111101111111111011011101110011111111110110011011111010101111111111
11111111111111111000110111101111111111111011111100111011011000110101111111111011011101110011111111110110011011111110101111111111
11111111111111111000110111101111111111111011111100111011010000111101111111111011011101110011111111110000011011111110101111111111
11111111111111111000110111101111111111111011111100111011010000111101111111111010011101110011111110100000111011111110101111111111
11111111111111111000110111101111111111111011111100111011010000111101111111111011011101110011111110100110111011111111101111111111
11111111111111111000110111101111111111111011111100111011110000111101011111110011011101110011111110110110111011111111101111111111
11111111111111111000110111101111111111111011111100111011010000111101011111110011011101110011111110100000111011111111101111111111
11111111111111111000110111101111111111111011111100111011010000111101011111110010011101110011111110100000111011111111101111111111
11111111111111111000110111101111111111111011111100111011010000111101011111110010011101110011111110100110111011111111101111111111
11111111111111111000110111101111111111111011111100111011110000111101011111110011011101110011111110100110111011111111101111111111
11111111111111111000110111101111111111111011111100111011010000111101011111110011011101100011111110100000111011111111111111111111
11111111111111111000110111101111111111011011111100111011010000111101011111110010011111100011111110100000111011111111111111111111
11111111111111111000110111101111111111011011111100111011010000111111011111110010011111100011111110100100111011111111111111111111
11111111111111111000110111101111111111011011111100111011110000111111011111110010011111100011111110100100111011111111111111111111
11111111111111111000110111101111111111011011110100111011110000111101010111110010011111100011111110100000111011111111111111111111
11111111111111111000110111101111111111011011111100111011010000111111011111110010011111100011111110100000111011111111111111111111
11111111111111111000110111101111111111011011111100111011010000111111011111110010011111100011111110100000111011110111111111111111
11111111111111111000110111101111111111011011111100111011110000111111010111110010011111100010111110100100111011110111111111111111
11111111111111111000110111101111111111011011110100111011110000111111010111110010011111100011111110100000111011110111111111111111
11111111111111111000110111101111111111011011111100111011110000111111010111110010011111100011111110100000111111110111111111111111
11111111111111111000110111101111111111011011111100111011110000111111011111110010011111100010111110000000111111110111111111111111
11111111111111111000110111101111111111011011111100111011110000111111010111110010011111100010111110100000111111110111111111111111
11111111111111111000110111111101111111011011111100111011110000111111010111110010011111100010111110100000111111110111111111111111
11111111111111111000110111111101111111011011111100111011110000111111010111110010011111100010111110100000111111110111111111111111
11111111111111111000110111111101111111011011111100111011110000111111010111110010011111100010111110100000111111110111111111111111
11111111111111111000110111111101111111011011111100111011110000111111010111110010011111100010111110100000111111110111111111111111
11111111111111111000110111111101111111111011111100111011110000111111010111110010011111100010111110100000111111110111111111111111
11111111111111111000110111111101111111111011111101111011110000111111010111110010011111100010111110100000111111110000000111111111
11111111111111111000110111111101111111111011111101111011110000111111010111110010011111100010111110100000111111110000000000000000
11111111111111111000110111111101111111011011111101111011110000111111010111110010011111100010111111100000111111110000000000000000
11111111111111111000110111111101111111111011111101111011110000111111010111110110011111100010111111100000111111110000000000000000
11111111111111111000110111111101111111111011111101111011110000111111010111110110011111100010111111100000111111110000000000000000
11111111111111111000110111111101111111111011111101110011110000111111110111110110011111100110111111100000110111110000000000000000
11111111111111111001110111111101111111111011111101110011110000111111110111110110011111100110111111100000110111110000000000000000
11111111111111111001110111111101111111111011111101110011110000111111110111110110011111100110111111100000111111110000000000000000
11111111111111111000110111111101111111111011111101110011110000111111010111110110011111100110111111100000110111110100000000000000
11111111111111111000110111111101111111111011111101110011110000101111010111110110011011100111111111100000110111110100000000000000
11111111111111111001110111111101111111110011111101110011110000111111010111110110011111100111111110000000110111110000000000000000
11111111111111111001110111111101111111110011111101110011110000111111110111110110011111100111111110000000110111110000000000000000
11111111111111111111111111111111111111111011111101110011110000111111010111110110111011100111111111100000110111110000000000000000
11111111111111111111111111111111111111111111111111111111111111101111111111110110111111100111111111100000110111110000000000000000
11111111111111111111111111111111111111111111111111111111111111111111111111111111111111111111111111111111111111111100000000000000
11111111111111111111111111111111111111111111111111111111111111111111111111111111111111111111111111111111111111111100000000000000
11111111111111111111111111111111111111111111111111111111111111111111111111111111111111111111111111111111111111111100000000000000
11111111111111111111111111111111111111111111111111111111111111101111111111111111111111111111111011111111111110011100000000000000
11111111111111111111111111011111111111111111111111111111111111101111111111111111111111111111111111111110111111011111111111111111
11111111111111111111111111111111111111111111111111111111111111111111111011111111111111111111111111111111111111111111111111111111
11111111111111111111111111111111111111111111111111111111111111111111111111111111111111111111111111111111111111111111111111111111
11111111111111111111111111111111111111111111111111111111111111111111111111111111111111111111111111111111111111111111111111111111
11111111111111111111111111111111111111111111111111111111111111111111111111111111111111111111111111111111111111111111111111111111
11111111111111111111111111111111111111111111111111111111111111111111111111111111111111111111110111111001111111111111111111111111
11111111111111111111111111111111111111111111111111111111111111111111111111111111111111111111111111111111111111111111111111111111
11111111111111111111111111111111111111111111111111111111111111111111111111111111111111111111111111111111111111111111111111111111
11111111111111111111111111111111111111111111111111111111111111111111111111111111111111111111111111111111111111111111111111111111
11111111111111111111111111111111111111111111111111111111111111111111111111111111111111111111111111111111111111111111111111111111
11111111111111111111111111111111111111111111111111111111111111111111111111111111111111111111111111111111111111111111111111111111
11111111111111111111111111111111111111111111111111111111111111111111111111111111111111111111111111111111111111111111111111111111
11111111111111111111111111111111111111111111111111111111111111111111111111111111111111111111111111111111111111111111111111111111