11111111111111111111111111111111111111111111111111111111111111111111111111111111111111111111111111111111111111111111111111111111
11111111111111111111111111111111111111111111111111111111111111111111111111111111111111111111111111111111111111111111111111111111
11111111111111111111111111111111111111111111111111111111111111111111111111111111111111111111111111111111111111111111111111111111
11111111111111111111111111111111111111111111111111111111111111111111111111111111111111111111111111111111111111111111111111111111
11111111111111111111101111111111111111111111111111111111101111111111111111111110111111111111111111111111111111111111111111111111
11111111111111111111101111111111111111111111111111111111111111111111111111111111011111111101111110111111111111111111111111111111
11111111111111111111111011111111111111111111101111111111111111111111111111111111111111111111111111111111110111111111111111111111
11111111111111111111111011111111111111111111111111111111111111111111111111111111111100111111111111111011111111111111111111111111
11111111111111111111111011111111111111111111111111111111111111111111111111111111111111111111111111111111111111111111110011111111
11111111111111111111111111111111111111111111111111111111111111111111111111111111011111111111111111111111111111111111111111111111
11111111111111111111111111111111111111111111111111111111111111111111111111111111111111111111111111111111111111111111111111111111
11111111111111111111111111111111111111111111111111111111111111111111111111111111111111111111111111111111111111111111111111111111
11111111111111111111111111111111111111111111111111111111111111111111111111111111111111111111111111111111111111111111111111111111
11111111111110111100110011111111111111111111111111111111111111111111111111111111111111111111111111111111111111111111111111111111
11111111111110111100110011111111111111111100111111110001111011111111101110111111111111111111111111111111111111111111111111111111
11111111111110101100110011111111111111111100111111110001111011111101101110010111111111100010111000101111111001101111111111111111
11111111111110111100110011111111111111111100111111110001111011111101101110010111011101100010111000001111111000001101111111111111
11111111111110101100110011111111110111111100111111110001111011111111101110110111111101100010111000001111111000001101111111111111
11111111111110101100110011111111110111111100111111110001111011111111101110110111011101100010111000001110111000001101011111111111
11111111111110101100110011111111110111111100111111110001111011111111101110110111011111100000111000001111111000001101011111111111
11111111111110101100110011111111110111111100111111110001111011111111101110110111011101100000111000001111111000001100011111111111
11111111111110101100110011111111110111111100111111110001111011111111101110110111011111100000111000001111111000001101011111111111
11111111111110101100110011111111110111111100111111110011111011111111101110110111011111100000111000001111111000001100011111111111
11111111111110101100110011111111110111111100111111110011111011111111001110110111011111100000111000001110111000001100011111111111
11111111111110101100110011111111110111111100111111110011111011111111101110111111011111100000111000001110111000001100011111111111
11111111111110101100110011111111110111111100111111110011111011111111001110111111011111100000111000001110111000001100011111111111
11111111111110101100110011111111110111111100111111110011111011111111001110111111011111100000111000001110111000001101011111111111
11111111111110101100110011111111110111111101111101110011111011111111001110111111011111100000111000001110111000001101011111111111
11111111111110101100110111111111110111111101111111110011111011111111001110111111011111100000111000001110111000001100011111111111
11111111111110101100110111111111110111111101111111110011111011111111001110111111011111100000111000001110111000001100011111111111
11111111111110101100110111111111110111111101110101110011110011111111001110111111011111100000110000001110111000001100011111111111
11111111111110101100110111101111110111111101110101110011110011111111001110111111011111100000110000011110111000001101011111111111
11111111111110101100110111101111110111111101110101110011110011111111001110111111011111100000110000011110111000001101011111111111
11111111111111101100110111101111110111111101110101110011110011111111001110111111011111100000110000011110111000001101011111111111
11111111111111101100110111101111110111111101110101110011110011111111001110111111011111100000110000011110111000001101011111111111
11111111111111101100110111101111110111111101110101110011110011111111001110111111011111100000110000011110111000001101011111111111
11111111111111111000110111101111111111111101110101110011110011111111001110111111011111100000110000011110111000001101011111111111
11111111111111111000110111101111111111111101110101110011110011111111001110111111011111100000110000011110111000001101011111111111
11111111111111111000110111101111111111111101110101110011110011111111001110111111011111100010110000011110111000001101011111111111
11111111111111111000110111101111111111111101111101110011110011111111001110111111011011100010110000011110111000001101011111111111
11111111111111111000110111101111111111111101111101110011110011111111001110111111011011100010110000011110111000001100011111111111
11111111111111111000110111101111111111011101110101110011110011111111001110111111011011100000110000011110111000001101011111111111
11111111111111111000110111101111111111011101111101110011110111111111001110111111011011100010110000011110111000001101011111111111
11111111111111111000110111101111111111011101111101110011110111111111001110111111011011100110110001111110111000001101011111111111
11111111111111111000110111101111111111011101111101110011110111111111001110111111011011100110110001111110111000001100011111111111
11111111111111111000110111101111111111011101111101110011110111111111001110111111011011100110110001111110111000001100011111111111
11111111111111111000110111101101111111011101111101110011110111111111011110111111011011100010110000011110111000001100011111111111
11111111111111111000110111101101111111011101111101110011110111111111011110111111011011100010110000011110111000001100011111111111
11111111111111111000110111101101111111011101111101110011110111111111011110111111011011100010110000011110111000001101011111111111
11111111111111111000110111101101111111011101111101110011110111111111011110111111011011100110110000011110111000001101011111111111
11111111111111111000110111101101111111011101111101110011110111101111011100111111011011100010110000011110111000001101011111111111
11111111111111111000110111101101111111011101111101110011110110101111011100111111011011100110110000011110111000001101011111111111
11111111111111111000110111101101111111011101111101110011110111111111011110111111011011100110110000011110111000001101011111111111
11111111111111111000110111101101111111011101111101110011110111111111011110111111011011100110110000011110111000001101011111111111
11111111111111111000110111101101111111011101111101110011110110101111011110111111011011100110110000011110111000001101011111111111
11111111111111111000110111101101111111011101111101110011110110101111011100111111011011100110110000011110111000001101011111111111
11111111111111111000110111101101111111111101111101110011110110101111011100111111011011100110110000011110111000001101011111111111
11111111111111111001110111111101111111011101111101110011110110101111011100111111011011100110110000011110111000001101011111111111
11111111111111111001110111111101111111111101111111100011110110101111011100111111011011100110110000011110111000011101011111111111
11111111111111111001110111111101111111111101111111100011110110101111011100111111011011100110110000011110110000011100011111111111
11111111111111111001110111111101111111111101111111100011110111101111011100111111011011100110110000011110110000011101011111111111
11111111111101111001110111111101111111111101111111100011110110101111011100111111011011100110110000011110110000011101011111111111
11111111111101111001110111111101101111111101111111100011110111101111011100111111011011100111110000011110110000001100011111111111
11111111111101111001100111111101101111111101111111100011110111101111011100111111011011100111110000011110110000011100011111111111
11111111111101111001100111111101101111111101111111100011110111101111011100111111011011100110110000011110110001011100011111111111
11111111111101111001100111111101101111111101111111100011110111101111011100111111011011100111110000011110110001111101011111111111
11111111111101111001100111111101101111111101111111100011110111101111011100111111011011100111110000011110110000011101011111111111
11111111111101011001100111111101101111111101111111100011110111101111011100111111011011100111110000011110110000011100011111111111
11111111111101111001100111111101101111111001111111100011110111101011011100111111011011100111110000011110110000011100011111111111
11111111111101111001100111111101101111111001111111100011110111101111011100111111011011100001110000011110110000011100011111111111
11111111111101011001100111111101101111111001111111100011110111101011011100101111011011100001110000011110110000011100011111111111
11111111111101011001100111111101101111111001111111100011110111101111011100101111011011100001110000011110110000011100011111111111
11111111111101011001100111111101101111111001111111100011110111101111011100101111011011000111110001011110110000011100011111111111
11111111111101011001100111111111101111111001111111100011110111111011011100101111011011000111110001011110110000011100011111111111
11111111111101011001100111111111101111111001111111100011110111101011011100101111011011000001110000011110110000011100011111111111
11111111111101011001100111111111101111111001111111100011110111101011011100101111011011000001110000011110110000011100011111111111
11111111111101011001101111111111101111111001111011100011110111101010011101101111111011000001110000011110110000011101011111111111
11111111111101011001100111011111101111111001111011100011110111101011011100101111111011000001110000011110110000011101011111111111
11111111111111010001101111011111101111111001111011100011110111111011011101101111111011000101110000011110110000011100011111111111
11111111111111010001101111011111101111111011111011100011110111111010011101101111111011000101110000011110110000011100011111111111
11111111111111010001101111011111101111111011111011100011110111111011011101101111111011000101110000011110110000011100011111111111
11111111111111010001101111011111101111111011111011100011110111111010011101101111111011000101110000011110110000011100011111111111
11111111111111010001101111011111101111111011111011100011110111111010011101101111111011000001110000011110110000011100011111111111
11111111111111010001101111011111101111111011111011100011100111111010011101101111111011000001110000011110110000011100011111111111
11111111111111010001101111011111101111111011111011100011100111111010011101101111111011000001110000011110110000011101011111111111
11111111111111010001101111011111101111111011111011100111100111111010011101101111111011000001110000011110110000011101111111111111
11111111111111010001101111011111101110111011111011100111100111111110011101101111111011000001110000011111110000011100111111000000
11111111111111010001101111011111101110111011111011100111100111111110011101101111111011000001110000011111110000011100011111000000
11111111111111010001101111011111101110111011101011100111100111111110011101101111111011000001110000011110110000011100111111000000
11111111111111110001101111011111101110111011100011100111100111111110011101101111111011000001110000011111110000011100111111000000
11111111111111110001101111011111101110111011101011100111100111111110011101101111111011000001110000011111110000011100111111000000
11111111111111010001101111011111111110111011101011100111100111111110011101101110111011000001110000011111110000011100111111000000
11111111111111110001101111011111111110111011101011100111100111111110011101101110111011000001110000011111110000011100111111000000
11111111111111110001101111011111111110111011101011100111100111111110011101101110111011000001110000011111110000011100111111000000
11111111111111110001101111011111111110111011101011100111100111111110011101101110111011000001110000011111110000011100111111000000
11111111111111110001101111011111111110111011101011100111100111111110011101101110111011000001110000011111110000011100111111000000
11111111111111110001101111011111111110111011101011100111100111111110011101111110111011000001110000011111110000011100111111000000
11111111111111110001101111011111111110111011100011100111100111111110011101111110111011000001110000011111110000011100111111000000
11111111111111110001101111011111111110111011101011100111100111111110011101111110111111000101110000011111110000011100111111000000
11111111111111110001101111011011111110111011101011100111100111111110011101111110111011000101110000011111110000011100111111000000
11111111111111110001001111011011111110111011101011100111100111111110011101111110111111000101110000011111110000011100111111000000
11111111111111110001101111011011111110111011101011100111100111111110011101111110111111000101110001011111110000011111111111000000
11111111111111110001001111011011111110111011101011100111100101111110011101111110111111000101110011011111110000011111111110000000
11111111111111110001001111011011111110111011101011100111100101111110011101111110111111000101110011011111110001011111111110000000
11111111111010110001001111011011111110111011101011100111100101111110011101111110111111000101110011011111110001011111111110000000
11111111111010110001001111011011111110111011101011000111100101111110011101111110111111000101110011011111110000011111111111111111
11111111111010110001001111011011111110111011101011000111100101111110011101111110111111000101110011011111110001011111111111111111
11111111111010110011001111011011111110111011111011000111100101111110011101111110111111000101110011011111110001011111111111111111
11111111111010111111111111111111111111111111111011100111100111111110011101111110111111000101110011011111110001011111111111111111
11111111111010111111111111111111111111111111111111111111111111111111111111111111111111001101110011011111110001011111111111111111
11111111111010111111111111111111111111111111111111111111111111111111111111111111111111111111111111111111111111111111111111111111
11111111111010111001111110111111111111111111111111111111111111111111111111111111111111111111111111111111111111111111111111111111
11110111111010111111111111111111111111111111111111111111011111111111111111111111111111111111111111111111111111111111111111111111
11110111111010111111111111111111111111111111111111111111111111111111111111111110111111111111110111111011111111111111111111111111
11101111111111111111111110111111111111111111111111111111111111011111111111111111111111111111111111111111111111111111111111111111
11101111111111111111111111111111111111111111111111111111111111111111111111111111111111111111101111111111111101111111111111111111
11111111111111111111111111111111111111111111111111111111111111111111111111111111111111111111111111111111111111111111111111111111
11111111111111111111111111111111111111111111111111111111111111111111111111111111111111111111111111111111111111011111111111111111
11111111111111111111111111111111111111111111111110111111111111111111111111111111111111111111111111111011111111111111111111111111
11111111111111111111111111111111111111111111111111111111111111111111111111111111111111111111111111111111111111111111111111111111
11111111111111111111111111111111111111111111111111111111111111111111111111111111111111111111111111111111111111111111111111111111
11111111111111111111111111111111111111111111111111111111111111111111111111111111111111111111111111111111111111111111111111111111
11111111111111111111111111111111111111111111111111111111111111111111111111111111111111111111111111111111111111111111111111111111
11111111111111111111111111111111111111111111111111111111111111111111111111111111111111111111111111111111111111111111111111111111
11111111111111111111111111111111111111111111111111111111111111111111111111111111111111111111111111111111111111111111111111111111
11111111111111111111111111111111111111111111111111111111111111111111111111111111111111111111111111111111111111111111111111111111
11111111111111111111111111111111111111111111111111111111111111111111111111111111111111111111111111111111111111111111111111111111
11111111111111111111111111111111111111111111111111111111111111111111111111111111111111111111111111111111111111111111111111111111