11111111110000000000000000000000000000000000000000000000000000000000000000000000000000000011101000001011011110001111111110001111
11111111111111111111111111000000000000000000000000000000000000000000000000000000000000000000000000000000000000001110011111001111
11111111111111111111111111111111111111111111100000000000000000000000000000000000000000000000000000000000000000000000000011001111
11111111111111111111111111111111111111111111111111111111111111100000000000000000000000000000000000000000000000000000000000001111
11111111111110111111111111111111111111111111111111111111111111111111111111111111000000000000000000000000000000000000000000001111
11111111111111111111111111101111111111111111011111111111111111111111111111111111111111111111111111110000000000000000000000001111
11111111111111111111111111101111111111111111111111111111111111111111111111111111111111111111111111111111111111111000000000001111
11111111111111111111110001101111111111111111111111111111111111111111111111111111111111111111111111111111111111111111111111111111
11111111111111111111111111111011111111111111111110111111111111111111111111111111011111011111111111111111111111111111111111111111
11111111111111111111111111111011111111101111111111111111111111111111111111011111111111111111111111111111110111101111111111111111
11111111111111111111110111111011111111111111111111111111111111111111111111111111111111111111111111111111111111111111111111111111
11111111111111111111111111111111111111111111111111111111111111111111111111111111111111111110111001110011111111111111111111111111
11111111111111111111111111111111111111111111111111111111111111111111111111111111111111111111111111111111111111111111111110111111
11111111111111111111111111111111111111111111111111111111111111111111111111101111111111111111111110111111110111110111111111111111
11111111111111111111011111111111111111111111111111111111111111111111111111111111111111111111111111111111111111110111111111111111
11111111111111111111010100010011101101101111111111111111111111111111111111111111111111111111111111111111111111111111111101111111
11111111111111111111010100010011101101101111110111111111111110111111111111111111111111111111111111111111111111111111111111111111
11111111111111111111010100010011101101101110110111111111111110111111111111111111111111111111111111111111111111111111111111111111
11111111111111111111010100010011101101101110110111111111111110111111111111111111111110110111001101111111111111111111111111111111
11111111111111111111111100010011101101101110110111111111111110111111111111111111111110110111001100101111011111111111111111111111
11111111111111111111111100010011101101101110110111111111111110111111111111111111111111110111001100101111010101111010111111111111
11111111111111111111111100010111101101101110110111111111111110111111111111111111111111110111001100101111010101111010111111111111
11111111111111111111111100010111101101101110110111011111111110111111111111111111111111111111001100101111010101111010111111111111
11111111111111111111111100110111101101101110100111011111111110111111111111111111111111111111001100101111010101111010111111111111
11111111111111111111111100110111101101101110100111011111101110111111111111111111111111111111011100101111010101111010111111111111
11111111111111111111111100110111101101101110100111011110101110111111111111111111111111111111011100101111010101111010111111111111
11111111111111111111111100110111111111101110100111011110101110111111111111111111111111111111011100101111010101111010111111111111
11111111111111111111111100110111111111101110100111011110101110111111111111111111111111111111011100101111010101111010111111111111
11111111111111111111111100110111111111101110100111011110101110111111111111111111111111111111011100101111010101111010111111111111
11111111111111111111111100110111111111101110100111011110101110111111111111111111111111111111011100101111010111111110111111111111
11111111111111111111111100110111111111111110100111011110101110111101011111111111111111111111011101111111010111111011111111111111
11111111111111111110101100110111111111111110100111011110101100111101011111111111111111111111011101111111010111111010111111111111
11111111111111111110101100110111111111111111100111011110101100110101011111111111111111111111011101111111110111111010111111111111
11111111111111111110101100110111111111111111100111011110101100110101011111111111111111111111011101111111110111111010111111111111
11111111111111111110101100110111111111111111100111111110101100110101010111111111111111111111011101111111111111111010111111111111
11111111111111111110101100110111111111111111101111111110101100110101010111111111111111111111011101111111011111111011111111111111
11111111111111111110101000110111111111111111101111111110101100110101010111111111111111111111011101111111111111111011111111111111
11111111111111111110101000110111111111111111101111111110101100110101010111111111111111111111011101111111111111111111111111111111
11111111111111111110101000110111111111111111101111111110101100110101010111101111111111111111011101111111011111111111111111111111
11111111111111111110101000100111111111111111101111111111101100110101010111101111111111111111011101111111111111111111111111111111
11111111111111111110101000100111111111111111101111111110101100110101010111101111111111111111011101111111111111111111111111111111
11111111111111111110101000100111111111111111101111111111111100110101010111101111111111111111011101111111111111111011111111111111
11111111111111111110101000100111011111011111101111111111111100110101010111101011011111111111011101111111111111111111111111111111
11111111111111111110101000100111011011011111101111111111111100110101010111101011011111111111011101111111111111111111111111111111
11111111111111111110101000100111011011011111101111111111111101110111010111101011011111111111011101111111111111111111111111111111
11111111111111111110101000100111011011011111101111111111111101111111010111101011011111111111011101111111111111111111111111111111
11111111111111111111111000100111011011011111101111111111111101111111110111101011011111111111011101111111111111111111111111111111
11111111111111111111111000100111011011011111101111111111111101111111110111101011011111111111011101111111111111111111111111111111
11111111111111111111111000100111011011011111101111111111111101111111110111101011011111111111011101111111111111111111111111111111
11111111111111111111111000100111011011011111101111111111111101111111110111101011011101111111011101111111111111111111111111111111
11111111111111111111111000101111011011011101101111111111111101111111110111101011011101111111011101111111111111111111111111111111
11111111111111111111111001101111011011011101101111111111111101111111110111101011011101111111011101111111111111111111111111111111
11111111111111111111111001101111011011011101101111111111111101111111110111101011011101111111011101111111111111111111111111111111
11111111111111111111111001101111011011011101101111111111111101111111111111101011011101101111011101111111111111111111111111111111
11111111111111111111111001101111011011011101101110111111111101111111111111101011011101101111011101111111111111111111111111111111
11111111111111111111111001101111011111011101101110111111111101111111111111101011011101101110011101111111111111111011111111111111
11111111111111111111111001101111011111011101101110111111111101111111111111101011011101101110011001111111111111111111111111111111
11111111111111111111111001101111111111011101001110111111111101111111111111101011011101101110011001111111111111111111111111111111
11111111111111111101111001101111111111011101001110111101111101111111111111101011011101101110011001111111111111111111111111111111
11111111111111111101011001101111111111011101001110111101111101111111111111101011011101101110011001111111111111111111111111111111
11111111111111111101011001101111111111111101001110111101011101111111111111101011011101101110011001111111111111111111111111111111
11111111111111111101011001101111111111111101001110111101011101111111111111101011011101101110011001111111111111111111111111111111
11111111111111111101011001101111111111111101001110111101011101111111111111111111011101101110011001111111111111111111111111111111
11111111111111111101011001101111111111111101001110111101011101111111111111111111011101101110011001111111111111111111111111111111
11111111111111111101011001101111111111111111001110111101011101111111111111101111011101101110011001011111111111111111111111111111
11111111111111111101010001001111111111111111001110111101011101111111111111111111011101101110011001011111001111111111111111111111
11111111111111111101010001001111111111111111001110111101011101111111111111111111011101101110011001011111001111111111111111111111
11111111111111111101010001001111111111111111001110111101011101111111111111111111011101101110011001011111111111111111111111111111
11111111111111111101010001001111111111111111001110111101011101111111111111111111011101101110011001011111111111111111111111111111
11111111111111111101010001001111111111111111001110111101011101111010111111111111111101101110011001011111111111111111111111111111
11111111111111111101010001001111111111111111001110111101011101111010111111111111111101101110011001011111111111111111111111111111
11111111111111111111010001001110110111111111001110111101011001111010111111111111111101101110011001011110111111111111111111111111
11111111111111111111110001001110111111111111011110111101011001101010111111111111111101101110011001011110101111111111111111111111
11111111111111111111110001001110110111111111011111111101011001101010111111111111111101101110011001011110101111111101111111111111
11111111111111111111110001001110110110111111011111111101011001101010111111111111111101101110011001011110101011111101111111111111
11111111111111111111110001001110110110111111011111111101011001101010101111111111111101101110011001011110101011111101111111111111
11111111111111111111110001001110110110111111011111111101011001101010101111111111111101101110011001011110101011111101111111111111
11111111111111111111110011001110110110111111011111111101011001101010101111111111111101111110011001011110101011111101111111111111
11111111111111111111110011001110110110111111011111111101011001101010101111111111111101111110011001011110101011110101111111111111
11111111111111111111110011011110110110111011011111111111011001101010101111111111111111111110011001011110101011110101111111111111
11111111111111111111110011011110110110111011011111111111111001101010101111111111111111111110011001011110101011110101111111111111
11111111111111111111110011011110110110111011011111111111111001101010101111111111111111111110011001011110101011110101111111111111
11111111111111111111110011011110110110111011011111111111111001101010101111111111111111111110011001011110101011110101111111111111
11111111111111111011110011011110110110111011011111111111111001101010101111111111111111111110011001011110101011110101111111111111
11111111111111111010110011011111110110111011011111111111111001101010101111011111111111111110011001011110101011110101111111111111
11111111111111111010110011011111110110111011011111111111111001101010101111011111111111111110011001011110101011110101111111111111
11111111111111111010110011011111110110111011011111111111111001101010101111011111111111111110111001011110101011110101111111111111
11111111111111111010110011011111110110111010011111111111111011111010101111011111111111111110111001011110101011110101111111111111
11111111111111111010110011011111110110111010011111111111111011111010101111010111111111111110111001011110101011110001111111111111
11111111111111111010110011011111111110111010011111111111111011111010101111011111111111111110111001011110101011110101111111111111
11111111111111111010100011011111111110111010011111111111111011111010101111010111111111111110111001011110001011110101111111111111
11111111111111111010100011011111111110111010011111111111111011111110101111010111111111111110111001011110101011110101111111111111
11111111111111111010100011011111111110111010011101111111111011111111101111010111111111111110111001011110101011110101111111111111
11111111111111111010100011011111111111111010011101111111111011111111101111010110111111111110111001011110101011110101111111111111
11111111111111111010100011011111111111111010011101111111111011111111101111010110111111111110111001011110101011110001111111111111
11111111111111111010100011011111111111111010011101111111111011111111101111010110111111111110111001011110101011110001111111111111
11111111111111111010100010011111111111111010011101111111111011111111101111010110111111111110111001011110101011110001111111111111
11111111111111111010100010011111111111111010011101111010111011111111101111010110111111111110111001011110101011110001111111111111
11111111111111111010100010011111111111111010011101111010111011111111101111010110111111111110111011011110101011110001111111111111
11111111111111111010100010011101111111111110011101111010111011111111101111010110111111111110111011111110101011110001111111111111
11111111111111111110100010011101111111111110011101111010111011111111101111010110111111111110111011111110101011110101111111111111
11111111111111111110100010011101111111111110011101111010111011111111111111010110111111111110111011111110101011110101111111111111
11111111111111111111100010011101111111111110011101111010111011111111111111010110111111111110111011111110101011110101111111111111
11111111111111111111100010011101111101111110011101111010111011111111111111010110111111011110111011111110101011110101111111111111
11111111111111111111100010011101101101111110111101111010111011111111111111010110111011011110111011111110101011110001111111111111
11111111111111111111100010011101101101111110111101111010111011111111111111010110111011011110111011111110101011110001111111111111
11111111111111111111100010011101101101111110111111111010111011111111111111010110111011011110111011111110101011110001111111111111
11111111111111111111100110011101101101111110111111111010111011111111111111010110111011011110111011111110101011110001111111111111
11111111111111111111100110011101101101111110111111111010110011111111111111010110111011011110111011111110101011110001111111111111
11111111111111111111100110011101101101111110111111111010110011110111111111110110111011011110111011111110001011110001111111111111
11111111111111111111100110111101101101111110111111111010110011110111111111110110111011011110111011111111101011110001111111111111
11111111111111110111100110111101101101111110111111111010110011010111111111110110111011011110111011111110101011110001111111111111
11111111111111110111111111111111111101111110111111111010110011011111111111111110111011011110111011111110111011110001111111111111
11111111111111110101111111111111111111111111111111111110111011110111111111110110111011011110111011111111111111110001111111111111
11111111011111110101111111111111111111111111111111111111111111110101111111110110111011011110111011111111111111110101111111111111
11111111111111110101110011111111111111111111111111111111111111110101111111111111111111111110111011111111101111110101111111111111
11111111111111110101111111110101111110111110011111111111111111110101111111111111111111111111111111111111111111110101111111111111
11111111111111110101111111110101111110111111111111111111111111110101111111111111111111111111111111111111111111110001111111111111
11111111001111110101111111111011111111111110111111111111110111110101111101111111111111011111111111111111111111110001111111111111
11111111011111111111111111110111111111111111111111001111111111110101111111111111011111101111101111110011111111110001111111111111
11111111011111111111111111111111111111111111111111111111111111110101111111111111111111101111101111111011111111110001111111111111
11111111111111111111101111111111111111111111111111111111111111111111111111111110111111001111111111111111111111110101111111111111
11111111111111111111111111111011111111111111111111111111111111111111111111111111111111111111111111111011111001110101111111111111
11111011111111111111111111111111111111111111111111101111111111111111111111111111111111111111111111111111111111111111111011111111
11111000000000000000011111111111111111111111111111111111111111111111111001111111011111111111111111111111111110111111110111111111
11111000000000000000000000000000000000111111111111111111111111111111111111111111111111011111111111111111111111111111101111111111
11111000000000000000000000000000000000000000000000000000011011111111111111111111111111111111111111111111111111111111111111111111
11111000000000000000000000000000000000000000000000000000000000000000000000000000111111111111111111111111111111111111111111111111