11111111111111111111111111111111111111111111111111111111111111111111111111111111111111111111111111111111111111111111111111111111
11111111111111111111111111111111111111111111111111111111111111111111111111111111111111111111111111111111111111111111111111111111
11111111111111111111111111111111111111111111111111111111111111111111111111111111111111111111111111111111111111111111111111111111
11111111111111111111111111111111111111111111111111111111111111111111111111111111111111111111111111111111111111111111111111111111
11111111111111111110111111111111111111111111111111111111111111111111111111111111111111111111111111111111111111111111111111111111
11111111111111111111111111111101111111111111111110011111111111111111111111111111111111111111111111111111111111111111111111111111
11111111111111111111111111111101101101111111111111101111111110111111111110111111111111111111111111111111111111111111111111111111
11111111111111111111111111111101101110111111111111111111111111111111111111111111111111111111111111111111111111111111111111111111
11111111111111111111111111011101101101001111111111111111111110111111111111111111011111111111111101111111111001111111111111111111
11111111111111111111111111111101101101101111111111111110011111111111111111111111111111111111111101111111111111111111111111111111
11111111111111111110111111111101101111101111111111111111111111111101111111111111111111111111111101111111111111111111111111111111
11111111111111111111111110111111111111101111111111111111111111111100011111111111111111111111111111111111111111111111110111111111
11111111111111111111111111111111111111111111111111111111111111111111111111111111111111111111111111110001111111111111110111111111
11111111111111111111111111111111111111111111111111111111111111111111111111111101111111111011111111111101111111111111110111111111
11111111111111111111111111111111111111111111111111111111111111111111111111111111111111111111111101111111111111111111111111111111
11111111111111111111111111111111111111111111111111111111111111111111111111111111111111111111111111111111111111111111111111111111
11111111111111111111111111111111111111111111111111111111111111111111111111111111111111111111111111111111111111111111111111111111
11111111111111111111111111111111111111111111111111111111111111111111111111111111111111111111111111111111111111111111111111111111
11111111111111111111111111111111111111111111111111111111111111111111111111111111111111111111111111111111111111111111111111111111
11111111111111101111000110111111111111111111111111111111111111111111111111111111111111111111111111111111111111111111111111111111
11111111111111101011000100111111110111111101101111111100011111101111111111111111111111111111111111111111111111111111111111111111
11111111111111101011000100111111110111111100001111011100010111100101111010010011101101111111111111111111111111111111111111111111
11111111111111101010000100111111110111111100001111011100000111100101011010000011100000111111111111000111111111111101111111111111
11111111111111101000000100111111110111111100001111011100000111100001000000000011100000110111110011000111111111111000111111111111
11111111111111101010000100111101110111111100001111011100000111100001000000000011100000110111110011000110111111111000111111111111
11111111111111101010000100111101110111111101001111011100000111100000000000000011100000110111111011000111111111111000111111111111
11111111111111101010000100111101111111111101001111011100000111100001000000000011100001110111111011000110111111111000111101111111
11111111111111101010000000111101111111111101001111011100000111100001000000000011100001110111111111000110111111111000110101111111
11111111111111101010000100111101111110111101001111011100000111100001000000000011100001110111111011001110111111111000110101111111
11111111111111101010000100111101111110111100001111011100000111100001000000000011000001110111110011001110111111111000110101111111
11111111111111101010000000111101111110111101001111011100000111100000000000000011000001110111110000001110111111111000110101111111
11111111111111101010000000111101111110111100001111011100000111100000000000000011000001110111110010001110111111111001110101111111
11111111111111101010000000111101111110111101001111011000000111100001000000000011000001111111110010001110111111011001110101111111
11111111111111101010000000111101111110111100001111011000000111100001000000000011000001111111100010001110111111011001110101111111
11111111111111101010000000111101111110111101001111011000000111100000000000000011000001111111100000001110111111011001110101111111
11111111111111111010000000111101111110111100001111011000000111100000000000000011000001111111100000001110111111010001110101111111
11111111111111111010000000111101111110111100001111011000001111100000000000000011000001111111100000001111111111010001110101111111
11111111111111111010000000111101111110111101001111011000001111000000000000000011000001111111100000001111111111010001110101111111
11111111111111111010000100111101111110111100001111011000001111000001000000000111000001111111100000001111111101010001111101111111
11111111111111111000000000111101111110111100001111011000001111000000000000000111000001111111100010001111111101010001111111111111
11111111111111011000000100111101111110111101001111011000001111000001000000000011000001111111100000001111111101010001111111111111
11111111111111011000000000111101111110111100001111111000001111000000000000000111000001111111100010001111111101010001111111111111
11111111111111011000000000111101111110111101001111111000001111000001000000000111000001111111100000001111111101010001111111111111
11111111111111011000000000111101101110111100001111111000001111000000000000000111000001111111100000001111111101010001111111111111
11111111111111011000000000111101101110111100001111111000001111000000000000000111000001111111100000001111111101010001111111111111
11111111111111011010000000111111101110111100001111111000001111000000000000000111000001111111100000001111111101010001111111111111
11111111111111011010000000111111101110111100001111111000001111000000000000000111000001111111100000001111111101010001111111111111
11111111111111011010000000111111101111111100001111111000001111000000010000000111000001111111100000001111111101010001111111111111
11111111111111010000000000111111101111111001001111111000001111000000010000000111000001101111100000001111111111010001111111111111
11111111111111011000000000111111101111111000001110111000001111000000000000000111000001101111100000001111111101010001111111111111
11111111111111011000000000111111101111111000001110111000001111000000000000000111000001101111100010001111111101010001111011111111
11111111111111011010000000111111101111111000001110111000001111000000000000000111000001101111100000001111111101010001111011111111
11111111111111011000000000111111101111111000001110111000001111000000000000000111000001101111100000001101111111010001101011111111
11111111111111011000000000111111101111111000011110111000001111000000000000000111000001101111100000001101111111010001111011111111
11111111111111011000000001111111101111111000011110111000001111000000000000000111000001101111100000001101111111000001101011111111
11111111111111010000000001111111101111111000011110111000001111000000000000000111000001101111100000001101111111010001101011111111
11111111111111010000000001111111101111111000011110111000001111000000000000000111000001101111100000001101111111010001101011111111
11111111111111010000000001111111101111111000011110111000001111000000000000000111000001101111100000001101111111110001101011111111
11111111111111010000000001111011101111111000011110111000001111000000000000000111000001101111100000001101111111110001101011111111
11111111111111010000000001111011101111111000011110111000001111000000000000000110000011101111100000001101111110110001101011111111
11111111111111010000000001111011101101111000011110111000001111000000000000000110000011101111000000001101111111110001101011111111
11111111111111010000000001111011101101111000011110111000001111000000000000000110000011101111000110001101111111110001101011111111
11111111111111000000000001111011101101111000011110111000001111000000000000000110000011101111000000011101111010110011101011111111
11111111111111010000000001111011101101111000011110110000001111000000000000000110000011111111000000011101111010110011101011111111
11111111111111000000000001111011101101111000011110110000001111000000000000000110000011111111000000011101111010110011101011111111
11111111111111010000000001111011101101111000011110110000001111000000000000000110000011111111000110011101111010110011101011111111
11111111111111000000000001111011111101111000011110110000001110000000000000000110000011111111000000011101111010100011101011111111
11111111111111000000000001111011111101111000011110110000001110000000000000000110000011111111000100011111111010100011111011111111
11111111111111000000000001111011111101111000011110110000001110000000000000000110000011111111000000011111111010100011111011111111
11111111111111000000000001111011111101111000011110110000001110000000000000000110000011111111000000011111111010100011111011111111
11111111111111000000000001111011111101111000011110110000011110000000000000000110000011111111000000011111111010100011111111111111
11111111111111000000000001111011111101111000011111110000011110000000000000001110000011111111000000011111111010100011111111111111
11111111111111000000000001111011111101111000011111110000011110000000000000001110000011111111000100011111111010100011111111111111
11111111111111000000000001111011111101111000011111110000011110000110000000001110000011111111000100011111111010100011111111111111
11111111111111000000000001111011111101111000011111110000011110000000000000001110000011111111000100011111111010100011111111111111
11111111111111000000000001111011111101111000011111110000011110000000000000001110000011111111000000011111111010100011111111111111
11111111111111000000000001111011111101111000011111110000011110000000000000001110000011111111000100011111111010100011111111111111
11111111111111000000000001111011111101111000011111110000011110000000000000001110000011111111000000011111111010000011111111111111
11111111111111000000000001111011111101111000011111110000011110000000000000001110000011011111000000011111111010100011111111111111
11111111111111000000000001111011111101111000011111110000011110000000000000001110000011011111000000011111111010100011110111111111
11111111111111000000000001111011111101111000011111110000011110000000000000001110000011011111000000011111111010100011110111111111
11111111111110000000000001111011111101111000011111110000011110000000000000001110000011011111000000011011111010000011010111111111
11111111111110000000000001111011011101111000011111110000011110000000000000001110000011011111000000011011111010100011010111111111
11111111111110000000000001111011011111111000011101110000011110000000000000001110000011011111000000011011111110100011010111111111
11111111111110010000000001111011011111111000011101110000011110000000000000001110000011011111000000011011111110100011010111111111
11111111111110110000000001111011011111111000111101110000011110000000000000001110000011011111000000011011111110100011010111111111
11111111111110010000000001111111011111110000111101110000011110000100000000001110000011011111000100011011111110100011010111111111
11111111111110000000000001111111011111110000111101110000011110000100000000001110000011011111000000011011111110100011010111111111
11111111111110000000000001111111011111110000111101110000011110000000000000001100000011011111000100011011111110000011010111111111
11111111111110000000000001111111011111110000111101110000011110000000000000001100000011011111000000011011111110000111010111111111
11111111111110000000000001111111011111110000111101110000011110000000000000001100000011011111000000011011111110000011010111111111
11111111111110000000000001111111011111110000111101110000011110000000000000001100000011011111000000011011111000100011010111111111
11111111111110000000000001111111011111110100111101110000011110000000000000001100000111011110000000011011111001100111010111111111
11111111111110000000000001111111011111110100111101110000011110000000000000001100000111011110001000011011110001100111010111111111
11111111111110000000000001111111011111110000111101100000011110000000000000001100000111011110000000111011110101100111110111111111
11111111111110000000000001111111011011110000111101110000011110000000000000001100000111011110101000111011110101100111010111111111
11111111111110000000000011111111011111110000111101100000011110000000000000001100000111111110101100111011110001000111110111111111
11111111111110000000000011111111011011110000111101100000011110000000000000001100000111111110100000111011110001000111110111111111
11111111111110000000000011110111011011110000111101100000011100000000000000001100000111111110101100111011110001000111111111111111
11111111111110000000000011110111011011110000111101100000011110000000000000001100000111111110101100111011110001000111111111111111
11111111111110000000000011110111011011110000111101100000011100000000000000001100000111111110100000111111110101000111111111111111
11111111111110000000000011110111011011110000111101100000011100000100000000001100000111111110101000111111110101000111111111111111
11111111111110000000000011110111011011110000111101100000011100000100000000011100000111111110001000111111110101000111111111111111
11111111111110000000000011110111011011110000111101100000011100000000000000011100000111111110000000111111110001000111111111111111
11111111111110000000000011110111111011110000111101100000111100000100000000011100000111111110100000111111110001000111111111111111
11111111111110000000000011110111111011110000111101100000111100001000000000011100000111111110000000111111110001000111111111111111
11111111111110000000000011110111111011110000111101100000111100001000000000011100000111111110001000111111110001000111111111111111
11111111111110000000000011110111111011110000111101100000111100000000000000011100000111111110000000111111110101000111111111111111
11111111111110000000000011110111111011110000111111100000111100000000000000011100000111111110000000111111110001000111111111111111
11111111111110000000000011110111111011110000111111100000111100000000000000011100000111111110001000111111110001000110001111111111
11111111111110000000000011110111111011110000111101100000111100000000000000011100000111111110001000111111110000000110001111111111
11111111111110000000000011110111111011110000111101100000111100000000000000011100000111111110101000111111110000000110001111111111
11111111111110000000000011110111111011110000111111100000111100000000010000011100000110111111101000111111111111000110001111111111
11111111111110000000010011110111111011111100111111100011111111111000011111111111111111111111111111111111111111111110101111111111
11111111111110001111111111111111111111111111111111111111111111111100111111111111111111111111111111111111111111111110101111111111
11111111111110001111111111111111111111111111111111111111111111111100111111111111111111111111111111111111111111111110101111111111
11111111111110001111111111111111111111111111111111111111111001111100111100111111001111100001111101111100001111101110101111111111
11111111111110001100001111110111110000011110001111110111110110111100111111111111110111111011111111111111011111111110101110111111
11100001111110001110000111101011111110011110111111111111110111011000111111101111111111111011111111111111011111011110101111111111
11111111111110001111101111011011111110111110111111101111110111011111111111111111110111110011111011111110011111111111111111111111
11011111111110101111101111101011111110111110011111101111111111011111111111011111111111111011111111111111111111111111111111110111
11011111111111111111011111100011111101111111101111100011111111011111111110111111111111111101110110111111101110110111111111101111
11101101111111111111111111100011111111111111111111000011111111011111111101111111111111111101110000111111101110000111111111111111
11110001111111111110111111011101111011111111111111000001111111111111111111111110111111111101111110111111111111111111111111111111
11111011111111111110111111011101111011111111101111110011110111111111111001111110111111111011111111111100011111111111111111111111
11110111111111111110111111011111111011111111011111111011111000111111111100111111011111111111111111111111111111111111111111111111
11110111111111111111111111100011111111111110111111111111111111111111111111111111111111111111111111111111111111111111111111111111
11111111111111111111111111111111111111111111111111111111111111111111111111111111111111111111111111111111111111111111111111111111