11111111111111111111111111111111111111111111111111111111111111111111111111111111111111111111111111111111111111111111111111111111
11111111111111111111111111111111111111111111111111111111111111111111111111111111111111111111111111111111111111111111111111111111
11111111111111111111111111111111111111111111111111111111111111111111111111111111111111111111111111111111111111111111111111111111
11111111111111111111111111111111111111111111111111111111111111111111111111111111111111111111111111111111111111111111111111111111
11111111111111111111111111111111111111111111111111111111111111111111111111111111111111111111111111111111111111111111111111111111
11111111111111111111111111111111111111111111111111111111111111111111111111111111111111111111111111111111111111111111111111111111
11111111111111111111111111111111111111111111111111111111111111111111111111111111111111111111111111111111111111111111111111111111
11111111111111111111111111111111111111111111111111111111111111111111111111111111111111111111111101111011111111111111111111101111
11111111111111111111111011111111111111111111111111111111111111111111111111111111111111111111111111111111111011111111111111111111
11111111111111111111111011111111111111111111111111111111111111111110111111111111111111111111111111111111110111111111111111111111
11111111111111111111111111111111111101111111111111111111111111111111111111111111111111111111111111111111110111111111001111101111
11111111111111111111111110111111111111111111111111111111111111111111111111111111111111111111111111111111111111110111111111111111
11111111111111111111111111111111111111111111111111111111111111111111111111111111111111111111111111111111111111111111111111111111
11111111111111111111111111111111111111111111111111111111111111111111111111111110111111111111111111111111110111111111111111011111
11111111111111111111111111111111111111111111111111111111111111111111111111111111111111111111111111111111111111111111111111111111
11111111111111111111111111111111111111111111111111111111111111111111111111111111111111111111111111111111111111111111111111111111
11111111111111111111111111111111111111111111111111111111111111111111111111111111111111111111111111111111111111111111111111111111
11111111111111111101100110111111111101111110111111011100111101111111111111111111111111111111111111111001111111111111111111111111
11111111111111111101100110111111111101111110111111011100111101111111111101110111111111111010111111111001110111111111111111111111
11111111111111111101100110111111111101111110111111011100111101111111111101110111111111111010111111111001110111111111111111111111
11111111111111111101100110111111111101111110111111011100111101111111111101110111111111111010111111111001110111111111111111111111
11111111111111111101100110111111111101111110111111011100111101111111111101110111111111111010111111111001110111111111111111111111
11111111111111111101100110111111111101111110111111011100111101111111111101110111111111111011111111111001110111111111111111111111
11111111111111111101100110111111111101111110111111011100111101111111111101110111111111111010111111111001110111111111111111111111
11111111111111111101100110111111111101111110111111011100111101111111111101110111111111111010111111111001110111111111111111111111
11111111111111111101100110111111111101111110111111011100111101111111111101110111111111111011111111111001110111111111111111111111
11111111111111111101100110111111111101111110111111011100111101111111111101110111111111111010111111111001110111111111111111111111
11111111111111111101100110111111111101111110111111011100111101111111111101111111111111111011111111111001110111111111111111111111
11111111111111111101100110111111111101111110111111011100111101111111111101110111111111111011111111111001110111111011111111111111
11111111111111111101100110111111111101111110111111011100111101111111111101111111111111111010111111111001110111111011111111111111
11111111111111111101100110111111111101111110111111011100111101111111111101111111111111111011111111111001110111111011111111111111
11111111111111111101100110111111111101111110111111011100111101111111111101111111111111111011111111111001110111111111111111111111
11111111111111111101100110111111111101111110111111011100111101111111111101111111111111111011111111111001110111110000111111111111
11111111111111111101100110111111111101111110111111011100111101111111111101111111111111111010111111111001110111110011111111111111
11111111111111111101100110111111111101111110111111011100111101111111111101111111111111111011111111111001110111110011111111111111
11111111111111110101100110111111111101111110111111011100111101111111111101111111111111111011111111111001110111110011111111111111
11111111111111111101100110111111111101111110111111011100111101111111111101111111111111111011111111111001110111111111111111111111
11111111111111111101100110111111111101111110111111011100111101111111111101110111111111111010111111111001110111110011111111111111
11111111111111111101100110111111111101111110111111011100111101111111111101111111111111111011111111111001110111111111111111111111
11111111111111111101100110111111111101111110111111011100111101111111111101111111111111111011111111111001110111110011111111111111
11111111111111111101100110111111111101111110111111011100111101111111111101110111111111111011111111111001110111111011111111111111
11111111111111111101000110111111111101111110111111011100111101111111111101111111111111111011111111111001110111110011111111111111
11111111111111111101000110111111111101111110111111011100111101111111111101110111111111111010111111111001110111110011111111111111
11111111111111111101000110111111111101111110111111011100111101111111111101110111111111111011111111111001110111110011111111111111
11111111111111111101000110111111111101111110111111011100111101111111111101110111111111111011111111111001110111110011111111111111
11111111111111111101000110111111111101111110111111011100111101111111111101110111111111111011111111111001110111110011111111111111
11111111111111111101000110111111111101111110111111011100111101111111111101111111111111111011111111111001110111111111111111111111
11111111111111111101000110111111111101111110111111011100111101111111111101111111111111111011111111111001110111111111111111111111
11111111111111111101000110111111111101111110111111011100111101111111111101111111111111111011111111111001110111111011111111111111
11111111111111111101000110111111111101111110111111011100111101111111111101111111111111111011111111111001110111111111111111111111
11111111111111111101000110111111111101111110111111011100111101111111111101111111111111111010111111111001110111111011111111111111
11111111111111111101000110111111111101111110111111011100111101111111111101111111111111111010111111111001110111110011111111111111
11111111111111111101100110111111111101111110111111011100111101111111111101111111111111111011111111111001110111111011111111111111
11111111111111111101000110111111111101111110111111011100111101111111111101111111111111111011111111111001110111110011111111111111
11111111111111111101000110111111111101111110111111011100111101111111111101111111111111111011111111111001110111110011111111111111
11111111111111111101000110111111111101111110111111011100111101111111111101111111111111111010111111111001110111110011111111111111
11111111111111111101000110111111111101111110111111011100111101111111111101111111111111111011111111111000110111110011111111111111
11111111111111111101000110111111111101111110111111011100111101111111111101111111111111111011111111111001110111111111111111111111
11111111111111111101000110111111111101111110111111011100111101111111111101111111111111111011111111111001110111110011111111111111
11111111111111111101000110111111111101111110111111011100111101111111111101111111111111111011111111111000110111111111111111111111
11111111111111111101000110111111111101111110111111011100111101111111111101111111111111111011111111111000110111111111111111111111
11111111111111111101000110111111111101111110111111011100111101111111111101111111111111111011111111111001110111110011111111111111
11111111111111111101000110111111111101111110111111011100111101111111111101111111111111111011111111111001110111110011111111111111
11111111111111111101000110111111111101111110111111011100111101111111111101111111111111111011111111111000110111110011111111111111
11111111111111111101000110111111111101111110111111011100111101111111111101111111111111111011111111111001110111110011111111111111
11111111111111111101000110111111111101111110111111011100111101111111111101111111111111111011111111111001110111110011111111111111
11111111111111111101000110111111111101111110111111011100111101111111111101111111111111111011111111111001110111110011111111111111
11111111111111111101000110111111111101111110111111011100111101111111111101111111111111111011111111111001110111110011111111111111
11111111111111111101000110111111111101111110111111011100111101111111111101111111111111111011111111111001110111110011111111111111
11111111111111111101000110111111111101111110111111011100111101111111111101111111111111111010111111111000110111110011111111111111
11111111111111111101000110111111111101111110111111011100111101111111111101111111111111111010111111111000110111110011111111111111
11111111111111111101000110111111111101111110111111011100111101111111111101110111111111111010111111111000110111110011111111111111
11111111111111111101000110111111111101111110111111011100111101111111111101111111111111111010111111111000110111100011111111111111
11111111111111111101000110111111111101111110111111011100111101111111111101111111111111111010111111111000110111110011111111111111
11111111111111111101000110111111111101111110111111011100111101111111111101111111111111111011111111111001110111110001111111111111
11111111111111111101000110111111111101111110111111011100111101111111111101111111111111111011111111111001110111110000111111111111
11111111111111111101000110111111111101111110111111011100111101111111111101111111111111111011111111111000110111110010111111111111
11111111111111111101000110111111111101111110111111011100111101111111111101111111111111111011111111111000110111110000111111111111
11111111111111111101000110111111111101111110111111011100111101111111111101111111111111111011111111111000110111110011111111111111
11111111111111111101000110111111111101110110111111011100111101111111111101111111111111111011111111111000110111110000111111111111
11111111111111111101000110111111111101111110111111011100111101111111111101111111111111111011111111111000110111110000111111111111
11111111111111111101000110111111111101111110111111011100111101111111111101111111111111111010111111111000110111110000111111111111
11111111111111111101000110111111111101111110111111011100111101111111111101111111111111111010111111111001110111110000111111111111
11111111111111111101000110111111111101110110111111011100111101111111111101111111111111111011111111111000110111100000111111111111
11111111111111111101000110111111111101110110111111011100111101111111111101111111111111111011111111111000110111110000111111111111
11111111111111111101000110111111111101110110111111011100111101111111111101111111111111111011111111111000110111100011111111111111
11111111111111111101000110111111111101111110111111011100111101111111111101110111111111111011111111111000110111111000111111111111
11111111111111111101000110111111111101110110111111011100111101111111111101110111111111111011111111111000110111110000111111111111
11111111111111111101000110111111111101111110111111011100111101111111111101110111111111111011111111111000110111110000111111111111
11111111111111111101000110111111111101111110111111011100111101111111111101110111111111111011111111111000110111110000111111111111
11111111111111111101000110111111111101110110111111011100111101111111111101110111111111111011111111111000110111110000111111111111
11111111111111111101000110111111111101110110111111011100111101111111111101110111111111111011111111111000110111100000111111111111
11111111111111111101000110111111111101111110111111011100111101111111111101110111111111111011111111111000110111110000111111111111
11111111111111111101000110111111111101111110111111011100111101111111111101110111111111111011111111111000110111110000111111111111
11111111111111111101000110111111111101111110111111011100111101111111111101110111111111111011111111111000110111100000111111111111
11111111111111111101000110111111111101111110111111011100111101111111111101110111111111111010111111111000110111110000111111111111
11111111111111111101000110111111111101111110111111011100111101111111111101110111111111111010111111111000110111100000111111111111
11111111111111111101000110111111111101111110111111011100111101111111111101110111111111111010111111111000110111110000111111111111
11111111111111111101000110111111111101111110111111011100111101111111111101110111111111111010111111111000110111110000111111111111
11111111111111111101000110111111111101110110111111011100111101111111111101111111111111111010111111111000110111110000111111111111
11111111111111111101000110111111111101111110111111011100111101111111111101110111111111111010111111111000110111110000111111111111
11111111111111111101000110111111111101111110111111011100111101111111111101110111111111111010111111111000110111110000111111111111
11111111111111111101000110111111111101111110111111011100111101111111111101111111111111111010111111111000110111100000111111111111
11111111111111111101000110111111111101110110111111011100111101111111111101110111111111111010111111111000110111100000111111111111
11111111111111111101000110111111111101110110111111011100111101111111111101110111111111111010111111111001110111100000111111111111
11111111111111111101000110111111111101110110111111011100111101111111111101110111111111111010111111111000110111100000111111111111
11111111111111111101000110111111111101110110111111011100111101111111111101110111111111111010111111111000110111110000111111111111
11111111111111111101000110111111111101110110111111011100111101111111111101111111111111111010111111111000110111110000111111111111
11111111111111111101000110111111111101110110111111011100111101111111111101110111111111111010111111111000110111110000111111111111
11111111111111111101000110111111111101110110111111011100111001111111111101110111111111111010111111111000110111110000111111111111
11111111111111111101000110111111111101110110111111011100111101111111111101110111111111111010111111111000110111110000011111111111
11111111111111111101000110111111111101110110111111011100111001111111111101110111111111111010111111111000110111100000011111111111
11111111111111111101000110111111111101110110111111011100111001111111111101110111111111111010111111111000110111100000111111111111
11111111111111111101111111111111111111111111111111111111111111111111111111111111111111111111111111111101111111111000111111111111
11111111111111111101111111111111111111111111111111111111111111111111111111111111111111111111111111111111111111111111111111111111
11111111111111111101111111111111111111111111111111111111111111111111111111111111111111111111111111111111111111111111111111111111
11111111111111111101110111111011111100111110011111111111110111111111111101111111111111111111111111111111111111111111111111111111
11111111101111111101111111111111111110111111111111101111111111111111111111111111111111101111111111111111111111011111111111111111
11111111101111111101111111110111111111111110111111111111111111111111111111111111111111101111111111111111111111111111111111111111
11111111111111111111111111110011111111111111111111111111111101111111111100111111111111101111110011111111111111111111111111111111
11111111011111111111111111111111111111111111111111111111111101111111111111111111111111111111111111111011111111111111111111111111
11111111111111111111111111111111111111111111111111111111111111111111111011111111111111111111111111111001111111111111111111111111
11111111111111111111111111111111111111111111111111111111111111111111111011111111111111110111111111111111111111011111111111111111
11111111111111111111111111111111111111111111111111111111111111111111111111111111111111101111111111111111111110111111111111111111
11111111111111111111111111111111111111111111111111111111111111111111111111111111111111111111111111111111111111111111111111111111
11111111111111111111111111111111111111111111111111111111111111111111111111111111111111111111111111111111111111111111111111111111
11111111111111111111111111111111111111111111111111111111111111111111111111111111111111111111111111111111111111111111111111111111
11111111111111111111111111111111111111111111111111111111111111111111111111111111111111111111111111111111111111111111111111111111