11111111111111111111111111111111111111111111111111111111111111111111111111111111111111111111111111111111111111111111111111111111
11111111111111111111111111111111111111111111111111111111111111111111111111111111111111111111111111111111111111111111111111111111
11111111111111111111111111111111111111111111111111111111111111111111111111111111111111111111111111111111111111111111111111111111
11111111111111111111111111111111111111111111111111111111111111111111111111111111111111111111111111111111111111111111111111111111
11111111111111111111111111111111111111111111111111111111111111111111111111111111111111111111111111111111111111111111111111111111
11111111111111111111111111111111111111111111111111111111111111111111111111111111111111111111111111111111111111111111111111111111
11111111111111111111111111111111111111111111111111111111111111111111111111111111111111111111111111111111111111111111111111111111
11111111111111111111111111111111111111111111111111111111111111111111111111111111111111111111111111111111111111111111111111111111
11111111111111111111111111111111111111111111111111111111111111111111111111111111111111111111111111111111111111111111111111111111
11111111111111111111111111111111111111111111111111111111111111111111111111111111111111111111111111111111111111111111111111111111
11111111111111111111111111111111111111111111111111111111111111111111111111111111111111111111111111111111111111111111111111111111
11111111111111111111111111111111111111111111111111111111111111111111111111111111111111111111111111111111111111111111111111111111
11111111111111111111111111111111111111111111111111111111111111111111111111111111111110111111111111111111111111111111111111111111
11111111111111111111111111111101111111111111111111111111111111111111111111111111111111111111111111111111111111111111111111111111
11111111111111111111111111111111111111111111111111011111111111111111111111111111111111111111111111111111111111111111111111111111
11111111111111111111111111111111111111111011111111111111111111111111111111111111111111111011111111101111111111110011111111111111
11111111111111111111111111111111011111111111111111111111111111111111111111111111111111111111111111111111111111111111111111111111
11111111111111110111111111111111111111111111111111111111111111111111111111111111111111111111111111111111111111111111111111111111
11111111111111111111111111111111111111111111111111111111111111111111111111111111111111111111111111111111111111111111111111111111
11111111111111111111111111111111111111111111111111111111111111111111111111111111111111111111111111111111111111111111111111111111
11111111111111111111111111111111111111111111111111111111111111111111111111111111111111111111111111111111111111111111111111111111
11111111111111111111111111110011111111111111111111111111111111111111111111111111111111111111111111111111111111111111111111111111
11111111111111111111111111110011011101111111111101111110011111101111111111111010011111111111111110110111100111111111111111111111
11111111111111111111111111110011011101111111111101110110011111101111111111111010011111111111110110110111100111111111111111111111
11111111111111111111111111110011011101111111111101110110011111101111111111111010011111111111110110110110100111101111111111111111
11111111111111111111111111110011011101111111111101110110011111101111111111111010011111111111110110110110100111111111111111111111
11111111111111111111111111110011011101111111111101111110011111101111111111111110011111111111110110110110100111111111111111111111
11111111111111111111111111110011011101111111111101111110011111101111111111111110011111111111111110110110100111101111111111111111
11111111111111111111111111110011011101111111111101111110011111101111111111111010011111111111110110110110100111111111111111111111
11111111111111111111111111110011011101111111111101111110011111101111111111111010011111111111110110110110100111111111111111111111
11111111111111111111111111110011011111111111111101111110011111101111111111111010011111111111110110110110100111111111111111111111
11111111111111111111111111110011011111111111111101111110011111101111111111110010011111111111110110110110100111111111111111111111
11111111111111111111111111110011011111111111111101111110011111101111111111111010011111111111111110110110100111111111111111111111
11111111111111111111111111110011011111111111111101111110011111101111111111111010011111111111111110110110100111101111111111111111
11111111111111111111111111110011011111111111111101111110011111101111111111111010011111111111111110110110100111101111111111111111
11111111111111111111111111110011011111111111111101111110011111101111111111111010011111111111111110110110100111101111111111111111
11111111111111111111111111110011011111111111111101111110011111101111111111111010011111111111111110110110100111101111111111111111
11111111111111111111111111110011011111111111111101111110011111101111111111111010011111111111111110110110100111111111111111111111
11111111111111111111111111110011011111111111111101111110011111101111111111111010011111111111111110110110100111111111111111111111
11111111111111111111111111110011011111111111111101111110011111101111111111111010011111111101111110110110100111101111111111111111
11111111111111111111111111110011011111111111111101111110011111101111111111111010011111111101111110110110100111101111111111111111
11111111111111111111111111110011011111111111111101111110011111101111111111111010011111111101111110100110100111111111111111111111
11111111111111111111111111110011011111111111111101111110011111101111111111111010011111111101111110100110100111101111111111111111
11111111111111111111111111110011011111111111111101111110011111101111111111111010011111111101111110100110100111101111111111111111
11111111111111111111111111110011011111111111111101111110011111101111111111111010011111111101111110110110100111101111111111111111
11111111111111111111111111110011011111111111111101111110011111101111111111111010011111111101111110110110100111101111111111111111
11111111111111111111111111110011011111111111111101111110011111101111111111111010011111111101111110110110100111101111111111111111
11111111111111111111111111110011011111111111111101111110011111101111111111111010011111111101111110110110100111101111111111111111
11111111111111111111111111110011011111111111111101111110011111101111111111111010011111111101111110110110100111101111111111111111
11111111111111111111111111110011011111111111111101111110011111101111111111111010011111111101111110110110100111101111111111111111
11111111111111111111111111110011011111111111111101111110011111101111111111111010011111111101111110110110100111101111111111111111
11111111111111111111111111110011011111111111111101111110011111101111111111111010011111111101111110110110100111101111111111111111
11111111111111111111111111110011011111111111111101111110011111101111111111111010011111111101111110110110100111101111111111111111
11111111111111111111111111110011011111111111111101111110011111101111111111111010011111111101111110110110100111111111111111111111
11111111111111111111111111110011011111111111111101111110011111101111111111111010011111111101111110110110100111111111111111111111
11111111111111111111111111110010011111111111111101111110011111001111111111111010011111111101111110100110100111101111111111111111
11111111111111111111111111110010011111111111111101111110011111001111111111111010011111111101111110110110100111101111111111111111
11111111111111111111111111110010011111111111111101111110011111001111111111101110011111111101111110110110100111101111111111111111
11111111111111111111111111110010011111111111111101111110011111001111111111101010011111111101111110110110100111101111111111111111
11111111111111111111111111110010011111111111111101111110011111011111111111101010011111111101111110110110100111101111111111111111
11111111111111111111111111110010011111111111111101111110011111011111111111101110011111111101111110110110100111101111111111111111
11111111111111111111111111110010011111111111111101111110011111011111111111101110011111111101111110100110100111101111111111111111
11111111111111111111111111110010011111111111111101111110011111011111111111101110011111111101111110100110100111101111111111111111
11111111111111111111111111110011111111111111111101111110011111011111111111101110011111111101111110100110100111101111111111111111
11111111111111111111111111110011011111111111111101111110011111011111111111101010011111111101111110100110100111101111111111111111
11111111111111111111111111110011011111111111111101111110011111011111111111101110011111111101111110100110000111101111111111111111
11111111111111111111111111110011011111111111111101111110011111011111111111101110011111111101111110100110000111101111111111111111
11111111111111111111111111110011111111111111111101111110011111011111111111101010011111111101111110100110100111101111111111111111
11111111111111111111111111110010111111111111111101111110011111011111111111101010011111111101111110100110100111101111111111111111
11111111111111111111111111110010011111111111111101111110011111001111111111101010011111111101111110100110100111101111111111111111
11111111111111111111111111110010011111111111111101111110011111001111111111101110011111111101111110110110000111101111111111111111
11111111111111111111111111110010011111111111111101111110011111011111111111101010011111111101111110110110000111101111111111111111
11111111111111111111111111110010011111111111111101111110011111001111111111101010011111111101111110100110000111101111111111111111
11111111111111111111111111110010011111111111111101111110011111011111111111101010011111111101111110100110000111101111111111111111
11111111111111111111111111110010111111111111111101111110011111011111111111101010011111111101111110110110000111101111111111111111
11111111111111111111111111110010111111111111111101111110011111011111111111101010011111111101111110110110000111101111111111111111
11111111111111111111111111110010111111111111111101111110011111011111111111101010011111011101111110100110000111101111111111111111
11111111111111111111111111110010111111111111111101111110011111011111111111101110011111011111111110100110000111101111111111111111
11111111111111111111111111110010111111111111111101111110011111011111111111101110011111111111111110100110100111101111111111111111
11111111111111111111111111110010111111111111111101111110011111011111111111101110011111111111111110100110100111101111111111111111
11111111111111111111111111110010111111111111111101111110011111011111111111101110011111111111111110100110100111101111111111111111
11111111111111111111111111110010111111111111111101111110011111011111111111101110011111111111111110000110100111111111111111111111
11111111111111111111111111110010111111111111111101111110011111011111111111101110011111111111111110100110100111111111111111111111
11111111111111111111111111110010111111111111111101111110011111011111111111101110011111111111111110100110100111111111111111111111
11111111111111111111111111110010111111111111111101111110011111011111111111101110011111111111111110100110100111111111111111111111
11111111111111111111111111110110111111111111111101111110011111011111111111111110011111111111111110000110100110101111111111111111
11111111111111111111111111110110111111111111111101111110011111011111111111101110011111111111111110100110000110111111111111111111
11111111111111111111111111110110111111111111111101111110011111011111111111101010011111111111111110100110000110111111111111111111
11111111111111111111111111110110111111111111111101111110011111011111111111101010011111111101111110100110000110001111111111111111
11111111111111111111111111110110111111111111111101111110011111011111111111101010011111111101111110100110000110101111111111111111
11111111111111111111111111110110111111111111111101111110011111011111111111101010011111111101111110100110000110101111111111111111
11111111111111111111111111110110111111111111111101111110011111011111111111101110011111111101111110100110000110101111111111111111
11111111111111111111111111110110111111111111111101111110011111011111111111101110011111011111111110100110000110101111111111111111
11111111111111111111111111110110111111111111111101111110011111011111111111101110011111011111111110000110000110001111111111111111
11111111111111111111111111110110111111111111111101111110011111011111111111101110011111111111111110000110000110101111111111111111
11111111111111111111111111110010111111111111111101111110011111011111111111101110011111111111111110000110000110101111111111111111
11111111111111111111111111110110111111111111111101111110011111011111111111101110011111011111111110000110000110101111111111111111
11111111111111111111111111110110111111111111111101111110010111011111111111101110011111011111111110100110000110101111111111111111
11111111111111111111111111110110111111111111111101111110010111011111111111101110011111011101111110100110000110111111111111111110
11111111111111111111111110110110111111111111111001111110010111011111111111111110011011011111111110100110000110111111111111111110
11111111111111111111111110110110111111111111111001111110010111011111111111111110011011011111111110100110000110111111111111111110
11111111111111111111111110110110111111111111101001111110010111011111111111111110011011011111111110100110000110101111111111111110
11111111111111111111111110110110111111111111101111111110010111011111111111111110011111011111111110100110000110101111111111111110
11111111111111111111111110110110111111111111101101111110010111011111111111111110011111011111111110100110000111111111111111111110
11111111111111111111111110100110111111111111101001111110010111011111111111111110011111011111111110100111100111111111111111111110
11111111111111111111111110110110111111111111101011111110010111011111111111111110011111011111111110100111100110111111111111111110
11111111111111111111111111110110111111111111101011111110010111011111111111101110011111011111111110100111100110111111111111111110
11111111111111111111111111110110111111111111111011111110010111011111111111111110011111011111111110100111100110111111111111111110
11111111111111111111111110110110111111111111101011111110010111011111111111111110011111011111111110101111100110111111111111111110
11111111111111111111111110100110111111111111111011111110010111011111111111101110011111011111111110101111100110111111111111111110
11111111111111111111111110100110111111111111101011111110010111011111110111101110011011011111111110101111100110111111111111111110
11111111111111111111111110100110111111111111101011111110010111011111111111101110011111011111111110101111100110111111111111111110
11111111111111111111111110110111111111111111111111111111111111111111111111111111111111111111111111111111111110111111111111111110
11111111111111111111111111111111111111111111111111111111111111111111111111111111111111111111111111111111111110111111111111111110
11111111111111111111111110111111111111111111111111111111111111111111111111111111111111111111111111111111111110111111111111111111
11111111111111111111111111111111111111111111111111111111111111111111111111111111111111111111101111101111111110111111111111111111
11111111111111111111111111111111111111111111111111111111111111111111111111111111111111111111111111111111111110111111111111111111
11111111111111111111111110111111111111111111111111111111111111111111111111111111111111111111111111111111111110111111111111111111
11111111111111111111111110111111111011111111111111111111111111111111111111111111111111011111111111111111111111111111111111111111
11111111111111111111111111111111111111111111111111111111111111111111111111111111111111111111111111111111111111111111111111111111
11111111111111111111111111111111111111111111111111111111111111111111111111111111111111111111111111111111110111111111111111111111
11111111111111111111111111111111111111111111111111111111111111111111111111111111111111111111111111111111111111111111111111111111
11111111111111111111111111111111111111111111111111111111111111111111111111111111111111111111111111111111111111111111111111111111
11111111111111111111111111111111111111111111111111111111111111111111111111111111111111111111111111111111111111111111111111111111
11111111111111111111111111111111111111111111111111111111111111111111111111111111111111111111111111111111111111111111111111111111
11111111111111111111111111111111111111111111111111111111111111111111111111111111111111111111111111111111111111111111111111111111
11111111111111111111111111111111111111111111111111111111111111111111111111111111111111111111111111111111111111111111111111111111
11111111111111111111111111111111111111111111111111111111111111111111111111111111111111111111111111111111111111111111111111111111