11111111111111111111111111111111111111111111111111111111111111111111111111111111111111111111111111111111111111111111111111111111
11111111111111111111111111111111111111111111111111111111111111111111111111111111111111111111111111111111111111111111111111111111
11111111111111111111111111111111111111111111111111111111111111111111111111111111111111111111111111111111111111111111111111111111
11111111111111111111111111111111111111111111111111111111111111111111111111111111111111111111111111111111111111111111111111111111
11111111111111111111111111111111111111111111111111111111111111111111111111111111111111111111111111111111111111111111111111111111
11111111111111111111111111111111111111111111111111111111111111111111111111111111111111111111111111111111111111111111111111111111
11111111111111111111111111111111111111111111111111111111111111111111111111111111111111111111111111111111111111111111111111111111
11111111111111111111111111111111111111111111111111111111111111111111111111111111111111111111111111111111111111111111111111111111
11111111111111111111111111111111111111111111111111111111111111111111111111111111111111111111111111111111111111111111111111111111
11111111111111111111111111111111111111111111111111111111111111111111111111111111111111111111111111111111111111111111111111111111
11111111111111111011110111100111111111111110111111111101110101111011111111110111011111111111011111011111111111111111111111111111
11111111111111111111101111011011101111111111111111111101111111111011111111111111111111111111011111111111111111111111111111111111
11111111111111111111111111011011100011111111111111111101111111111111111110111111011111111111011111111111111111111111111111111111
11111111111111111111111111000011100011111111111001111111111111111111100110111111111110011111111111111111111111111111111111111111
11111111111111111111111111011011111011111111111111111111111111110111111111111111111110001111101111111111111111111111111111111111
11111111111111111011111111011011111011111111111111111111111111111111111111111111111111101111101111111111111111111111111111111111
11111111111111111111111111111111111111111111111111111111111111111111111111101111111111111111111111111111111111111111111111111111
11111111111111111111111111111111111111111111111111111111111111111111111111111111111111111111111111111111111111111111111111111111
11111111111111111111111111111111111111111111111111111111111111111111111111111111111111111111111111111111111111111111111111111111
11111111111111111111111111111111111111111111111111111111111111111111111111111111111111111111111111111111111111111111111111111111
11111111111111111111111111111111111111111111111111111111111111111111111111111111111111111111111111111111111111111111111111111111
11111111111111111111100110111111111111111100011111111011100111111111011111111100111100111111111111111111111111111111111111111111
11111111111111110100000000111111111111110000000000110000000000000000001100011000000000111111111111111110111011111111111111111111
11111111111111110100000000111111111111110000000000110000000000000000001100011000000000111111111111111010010011111111111111111111
11111111111111110100000000111111111111110000000000110000000000000000001100011000000000111111111111111010010011111111111111111111
11111111111111110100000000111111111111110000000000110000000000000000001100011000000000111111111111111010010011111111111111111111
11111111111111110100000000111111111111110000000000110000000000000000001100011000000000111111111111111010010011111111111111111111
11111111111111110100000000111111111111110000000000110000000000000000001100011000000000111111111111111010011011111111111111111111
11111111111111110000000000111111111111110000000000110000000000000000001100011000000000111111111111111010011011111111111111111111
11111111111111110000000000111111111111110000000000110000000000000000001100011000000000111111111111111010011011111111111111111111
11111111111111110000000000111111111111110000000000110000000000000000001100011000000000111111111111111010011011111111111111111111
11111111111111110000000000111111111111110000000000110000000000000000001100011000000000111111111111111010011011111111111111111111
11111111111111110100000000111111111111110000000000110000000000000000001100011000000000111111111111111010011011111111111111111111
11111111111111110100000000111111111111110000000000110000000000000000001100011000000000111111111111111010011011111111111111111111
11111111111111110100000000111111111111110000000000110000000000000000001100011000000000111111111111111010011011111111111111111111
11111111111111110100000000111111111111110000000000110000000000000000001100011000000000111111111111111010011011111111111111111111
11111111111111110100000000111111111111110000000000110000000000000000001100011000000000111111111111111010011011111111111111111111
11111111111111110100000000111111111111110000000000110000000000000000001100011000000000111111111111111010011011111111111111111111
11111111111111110100000000111111111111110000000001110000000000000000001100011000000000111111111111111010011011111111111111111111
11111111111111110100000000111111111111110000000001110000000000000000001100011000000000111111111111111010011011111111111111111111
11111111111111110100000000111111111111110000000001110000000000000000001100011000000000111111111111111010011011111111111111111111
11111111111111110100000000111111111111110000000001110000000000000000001100011000000000111111111111111010011011111111111111111111
11111111111111110100000000111111111111110000000001110000000000000000001100011000000000111111111111111010011011111111111111111111
11111111111111110100000000111111111111110000000001110000000000000000001100011000000000111111111111111010011011111111111111111111
11111111111111110100000000111111111111110000000001110000000000000000001100011000000000111111111111111010011011111111111111111111
11111111111111110100000000111111111111110000000001110000000000000000001100011000000000111111111111111010011011111111111111111111
11111111111111110100000000111111111111110000000001110000000000000000001100011000000000111111111111111010011011111111111111111111
11111111111111110100000000111111111111110000000001110000000000000000001100011000000000111111111111111010011011111111111111111111
11111111111111110100000000111111011111110000000001110000000000000000001100011000000000111111111111111010011011111111111111111111
11111111111111110100000000111111011111110000000001110000000000000000001100011000000000111111111111111010011011111111111111111111
11111111111111110000000000111111011111110000000001110000000000000000001100011000000000111111110111111010011011111111111111111111
11111111111111110000000001111111011111110000000001110000000000000000001100011000000000111111110111111010011011111111111111111111
11111111111111110000000001111111011111110000000001110000000000000000001100011000000000111111110111111010011011111111111111111111
11111111111111110000000001111111011111110000000001110000000000000000001100011000000000111111110111111010011011111111111111111111
11111111111111110000000001111011011111110000000001110000000000000000001100011000000000111111110111111010011011111111111111111111
11111111111111110000000001111011011111110000000001110000000000000000001100011000000000111111110111111011011011111111111111111111
11111111111111111100000001111011011111110000000001110000000000000000001100011000000000111111110111111111011011111111111111111111
11111111111111111100000001111011011111110000000001110000000000000000001100011000000000111111110101111111011011111111111111111111
11111111111111111100000001111011011111110000000001110000000000000000001100011000000000111111110101111111011011111111111111111111
11111111111111111100000001111011011111110000000001110000000000000000001100011000000000111111110101111111011011111111111111111111
11111111111111111100000001111011011111110000000001110000000000000000001100011000000000111111110101111111011011111111111111111111
11111111111111111100000001111011011111110000000001110000000000000000001100011000000000111111110101111111011011111111111111111111
11111111111111111100000001111011011111110000000001110000000000000000001100011000000000111111110101111111011011111111111111111111
11111111111111111100000001111011011111110000000001110000000000000000001100011000000000111111110101111111011011111111111111111111
11111111111111111100000001111111011111110000000001110000000000000000001100011000000000111011110101111111011011111111111111111111
11111111111111111100000001111111011111110000000001110000000000000000001100011000000000111011110101111111011011111111111111111111
11111111111111111100000001111111011111110000000001110000000000000000001100011000000000111011110101111111011011111111111111111111
11111111111111111100000001111111011111110000000001110000000000000000001100011000000000111011110101111111011011111111111111111111
11111111111111111100000001111111011111110000000001110000000000000000001100011000000000111011110101111111011011111111111111111111
11111111111111111100000001111111011011110000000001110000000000000000001100011000000000111011110101111111011011111111111111111111
11111111111111111100000001111111011011110000000001110000000000000000001100011000000000111011110101111111011011111011111111111111
11111111111111110000000001111111011011110000000001110000000000000000001100011000000000111011111101111111011011111011111111111111
11111111111111110000000001111111011011110000000001110000000000000000001100011000000000111011111101111111011011111011111111111111
11111111111111101000000001111111011011110000000001110000000000000000001100011000000000111011111101111111011011111011111111111111
11111111111111101000000001111111011011110000000001110000000000000000001100011000000000111011111101111111011011111011111111111111
11111111111111101000000001111111011011110000000001110000000000000000001100011000000000111011111101111111011011111011111111111111
11111111111111101000000001111111011011110000000001110000000000000000001100011000000000111011111101111111011011111011111111111111
11111111111111101000000001111111011011110000000001110000000000000000001100011000000000111011111101111111011011101111111111111111
11111111111111101000000001111111011011100000000001110000000000000000001100011000000000111011111101111111011011101111111111111111
11111111111111101000000001111111011011100000000001110000000000000000001100011000000000111011111101111111011011101111111111111111
11111111111111101000000001111111011111100000000001110000000000000000001100011000000000111011111101111111001011111111111111111111
11111111111111101000000001111111011111100000000001110000000000000000001100011000000000111011111101111111001011111111111111111111
11111111111111101000000001111111011111100000000001110000000000000000001100011000000000111011111101111111001011111111111111111111
11111111111111101000000001111111011111100000000001110000000000000000001100011100000000111011111101111111001011111111111111111111
11111111111111101000000001111111011111100000000001110000000000000000001100011100000000111011111101111111001011111111111111111111
11111111111111101000000001111111111111100000000001110000000000000000001100011100000000111011111001111111001011111111111111111111
11111111111111101000000001111111111111100000000001110000000000000000001100011100000000111011111001111111001011111111111111111111
11111111111111101000000001111111111111100000000001110000000000000000001100011100000000111011111111111111001011111111111111111111
11111111111111100000000001111111111111100000000001110000000000000000001100011100000000111011111111111111001001111111111111111111
11111111111111100000000001111111111111100000000001110000000000000000001100011100000000111011111111111111001001111111111111111111
11111111111111100000000001111111111111100000000001110000000000000000001100011100000000111011111111111111001001111111111111111111
11111111111111100000000001111111111111100000000001110000000000000000001100011100000000111011111111111111001001111111111111111111
11111111111111100000000001111111111111100000000001110000000000000000001100011100000000111011111111111111001001111111111111111111
11111111111111100000000001111111111111100000000001110000000000000000001100011100000000011011111111111111001001111111111111111111
11111111111111100000000001111111111111100000000001110000000000000000001100011100000000011011111111111111001001111111111111111111
11111111111111100000000001111111111111100000000001110000000000000000001100011100000000011011111111111111001001111111111111111111
11111111111111100000000001111111111111100000000001110000000000000000001100011100000000011011111111111111001001111111111111111111
11111111111111100000000001111111111111100000000001110000000000000000001100011100000000011011111111111111001001111111111111111111
11111111111111100000000001111111111111100000000001110000000000000000001100011100000000011011111111111111001001111111111111111111
11111111111111100000000001111111111111100000000001110000000000000000001100011100000000011011111111111111001001111111111111111111
11111111111111100000000001111111111111100000000001110000000000000000001100011100000000011011111111111111001001111111111111111111
11111111111111100000000001111111111111100000000001110000000000000000001100011100000000011011111111111111001001111111111111111111
11111111111111100000000001111111111111100000000001110000000000000000001100011100000000011011111111111111001001111111111111111111
11111111111111100000000001111111111111100000000001110000000000000000001100011100000000011011111111111111001001111111111111111111
11111111111111100000000001110111111111100000000001110000000000000000001100011100000000011011111111111111001001111111111111111111
11111111111111100000000001110111111111100000000001110000000000000000001100011100000000011011111111111111001001111111111111111111
11111111111111100000000001110111111111100000000001110000000000000000001110011100000000011011111111111111001001111111111111111111
11111111111111100000000001111111111111100000000001110000000000000000001110011100000000011011111111111111001001111111111111111111
11111111111111100111111111111111111111111100111111110111001101100011011111111100111100111111111111111111111111111111111111111111
11111111111111100111111111111111111111111111111111111111111111100011111111111111111111111111111111111111111111111111111111111111
11111100111111100110000111110111110000111100011111001111100011100011110111111111111111111111111111111111111111111111111111111111
11111111011111100111110011101101111110011110011110110111111001100011101101110001111110111110000111100011111011111111111111111111
11110111111111101111110111111101111110111111111101110111111011100011011111110111111111111111101111111011111111111111111111111111
11110111111111111111111111100011111101111110111101111111111111100011011111110111111111111111101111111111111111111111111111111111
11111111011111111111101111100011111101111110011101111111110111111111011111111001111101111111001111110111111110111111111111111111
11111100011111111111111111101101111111111111011101111111111111111111011110111110111111111111111111111011111111111111111111111111
11111110111111111111011111011101111011111111101101111111101111111111011110111110111011011111111111111111111011111111111111111111
11111110111111111111011111011101111111111111101101111111101111111111011111111110111000001111111111111111111111111111111111111111
11111101111111111111011111011101111111111111111101110111101111111111111111111110111111001111111111111111111111111111111111111111
11111111111111111111011111100001111111111000011110110111111111111111101101111101111111111111110111111111111111111111111111111111
11111111111111111111111111111111111111111111111111111111111111111111110011111011111111111110001111100111110001111111111111111111
11111111111111111111111111111111111111111111111111111111111111111111111111111111111111111111111111111111111111111111111111111111
11111111111111111111111111111111111111111111111111111111111111111111111111111111111111111111111111111111111111111111111111111111
11111111111111111111111111111111111111111111111111111111111111111111111111111111111111111111111111111111111111111111111111111111
11111111111111111111111111111111111111111111111111111111111111111111111111111111111111111111111111111111111111111111111111111111
11111111111111111111111111111111111111111111111111111111111111111111111111111111111111111111111111111111111111111111111111111111
11111111111111111111111111111111111111111111111111111111111111111111111111111111111111111111111111111111111111111111111111111111
11111111111111111111111111111111111111111111111111111111111111111111111111111111111111111111111111111111111111111111111111111111