00001111111111111111111111111111111111111111111111111111111111111111111111111111111111111111111111111111100000000000000000000000
00001111111111111111111111111111111111111111111111111111111111111111111111111111111111111111111111111111100000000000000000000000
00001111111111111111111111111111111111111111111111111111111111111111111111111111111111111111111111111111100000000000000000000000
00001111111111111111111111111111111111111111111111111111111111111111111111111111111111111111111111111111100000000000000000000000
00001111111111111111111111111111111111111111111111111111111111111111111111111111111111111111111111111111100000000000000000000000
00001111111111111111111111111111111111111111111111111111111111111111111111111111111111111111111111111111100000000000000000000000
00001111111111111111111111111111111111111111111111111111111111111111111111111111111111111111111111111111100000000000000000000000
00001111111111111111111111111111111111111111111111111111111111111111111111111111111111111111111111111111100000000000000000000000
00011111111111111111111111111111111111111111111111111111111111111111111111111111111111111111111111111111100000000000000000000000
00011111111111111111111111111111111111111111111111111111011111111111111111111111111111111111111111111111100000000000000000000000
00011111111111111111111111111111110111111111111111111111111111111111111111111111111111111111111111111111100000000000000000000000
00011111111111111111111111111111111111111111111111111111111111111111111111111111111111111111111111111111100000000000000000000000
00011111111111111111111111111111111111111111111111111111111111111111111111111111111111111111111111111111100000000000000000000000
00011111111111111111111111111111111111111111111111111111111111111111111111111111111111111111111111111111100000000000000000000000
00011111111111111111111111111111111111111111111111111111111111111111111111111111111111111011111111111111100000000000000000000000
00011111111111111111111111111111111111111111111111111111111111111111111111111111111111111111111111111111100000000000000000000000
00011111111111111111111111111111111111111111111111111111111111111111111111111111111111111111111111111111100000000000000000000000
00011111111111111111111111111111111111111111111111111111111111111111111111111111111111111111111111111111100000000000000000000000
00011111111111111111111111111111111111111111111111111111111111111111111111111111111111111111111111111111100000000000000000000000
00011111111111111111110110111111111111111111111111111111111111111111111111111111111111111111111111111111100000000000000000000000
00011111111111111111110110111111111111111111110010110111110111111011111111111111111111111111111111111111100000000000000000000000
00011111111111111111110010111111111111111111110010110111110111111011111111111110111111111111111111111111100000000000000000000000
00011111111111111111110010111111111111111111110010110111110111111011111111111110101111111111111111111111100000000000000000000000
00011111111111111111110010111111111111111111110010110111110111111011111111111110101111111111111111111111100000000000000000000000
00011111111111111111110010111111111111111111110010110111110111111011111111111110101101111111111111111111100000000000000000000000
00011111111111111111110110111111111111111111110010110111110111111011111111111110101101111111111111111111100000000000000000000000
00011111111111111111110110111111111111111111110010110111110111111011111111111110101101111111111111111111100000000000000000000000
00011111111111111111110110111111111111111111110010110111110111111011111111111110101101111111111111111111100000000000000000000000
00011111111111111111110110111111111111111111110010110111110111111011111111111110101101111111111111111111100000000000000000000000
00011111111111111111110110111111111111111111110010110111110111111011111111111110101101111111111111111111100000000000000000000000
00011111111111111111110110111111111111111111110010110111110111111011111111111110101101111111111111111111100000000000000000000000
00011111111111111111110110111111111111111111110110110111110111111011011111111110101101111111111111111111100000000000000000000000
00011111111111111111110110111111111111111111110110110111110111111011011111111110101101111111111111111111100000000000000000000000
00011111111111111111110110111111111111111111110110110111110111111011011111111110101101111111111111111111100000000000000000000000
00011111111111111111110110111111111111111111110110110111110111111011011111111110101101111111111111111111000000000000000000000000
00011111111111111111110110111111111111111111110110110111110111111011011111111110101101111111111111111111000000000000000000000000
00011111111111111111110110111111111111111111110110110111110111111011011111111110101101111111111111111111100000000000000000000000
00011111111111111111110110111111111111111111110010110111110111111011011111111110101101111111111111111111100000000000000000000000
00011111111111111111110110111111111111111111110010110111110111111011011111111110101101111111111111111111000000000000000000000000
00011111111111111111110110111111111111111111110110110111110111111011011111111110101101111111111111111111000000000000000000000000
00011111111111111111110110111111111111111111110110110111110111111011011111111111101101111111111111111111100000000000000000000000
00011111111111111111110110111111111111111111110110100111110111111011011111111110101101111111111111111111100000000000000000000000
00011111111111111111110110111111111111111111110110100111110111111011011111111110101101111111111111111111100000000000000000000000
00011111111111111111110110111111111111111111110110100111110111111011011111111110101101011111111111111111000000000000000000000000
00011111111111111111110110111111111111111111110110100111110111111011011111111110101101011111111111111111000000000000000000000000
00011111111111111111110110111111111111111111110110100111110111111011011111111111101101011111111111111111000000000000000000000000
00011111111111111111110110111111111111111111110110100111110111111011011111111111101101011111111111111111000000000000000000000000
00011111111111111111110110111111111111111111110110100111110111111011011111111111101101011111111111111111000000000000000000000000
00011111111111111111110110111111111111111111110110100111110111111011011111111111101101011111111111111111000000000000000000000000
00011111111111111111110110111111111111111111110110100111110111111011011111111111101101011111111111111111000000000000000000000000
00011111111111111111110110111111111111111011110110100111110111111011011111111111101101011111111111111111000000000000000000000000
00011111111111111111110110111111111111111011110110100111110111111011011111111111101101011111111111111111000000000000000000000000
00011111111111111111110110111111111111111011110110100111110111111011011111111111101101011111111111111111000000000000000000000000
00011111111111111111110110111111111111111011110110100111110111111011011111111111101101011111111111111111000000000000000000000000
00011111111111111111110110111111111111111011110110100111110111110011011111111111101101011111111111111111000000000000000000000000
00011111111111111111110110111111111111111011110110100111110111110011011111111111101101011111111111111111000000000000000000000000
00011111111111111111110111111111111111111011110110100111110111111011011111111111101101011111111111111111100000000000000000000000
00011111111111111111110111111111111111111011110110100111110111111011011111111111101101011111111111111111100000000000000000000000
00011111111111111111110111111111111111111011110110100111110111111011011111111111101101011111111111111111100000000000000000000000
00011111111111111111110111111111111111111011110110100111110111110011011111111111101101011111111111111111100000000000000000000000
00011111111111111111110111111111111111111011110110100111110111110011011111111111101101011111111111111111100000000000000000000000
00011111111111111111110111111111111111111011110110100111110111110011011111111111101101011111111111111111000000000000000000000000
00011111111111111111110111111111111111111011110110100111110111110011011111111111101101011111111111111111000000000000000000000000
00011111111111111111110111111111111111111011110110100111110111110011011111111111101101011111111111111111000000000000000000000000
00011111111111111111110111111111111111111011110110100111110111110011010111111111101101011111111111111111000000000000000000000000
00011111111111111111110111111111111111111011110111100111100111110011010111111111101101011111111111111111000000000000000000000000
00011111111111111111110111111111111111111011110111100111100111110011010111111111101101011111111111111111000000000000000000000000
00011111111111111111110111111111111111111011110111100111100111110011010111111111101101011111111111111111000000000000000000000000
00011111111111111111110111111111111111111011110111100111100111110011010111111111101101011111111111111111000000000000000000000000
00011111111111111111110111111111111111111011110110100111100111110011010111111111101101011111111111111111100000000000000000000000
00011111111111111111110111111111111111111011110111100111100111110011010111111111101101011111111111111111000000000000000000000000
00011111111111111111110111111111111111111011110111100111100111110011010111111111101101011111111111111111000000000000000000000000
00011111111111111111110111111111111111111011110111100111100111110011010111111111101101011111111111111111000000000000000000000000
00011111111111111111110111111111111111111011110111100111100111110011010111111111101101011111111111111111000000000000000000000000
00011111111111111111110111111111111111111011110111101111100111110011010111111111101101011111111111111111000000000000000000000000
00011111111111111111110111111111111111111011110111101111100111110011010111111111101101011111111111111111000000000000000000000000
00011111111111111111110111111111111111111011110111101111100111110011010111111111101101011111111111111111000000000000000000000000
00011111111111111111110111111111111111111011110111101111100111110011010111111111101101011111111111111111000000000000000000000000
00011111111111111111110111111111111111111011110111101111100111110011010111111111101101011111111111111111000000000000000000000000
00011111111111111111110111111111111111111011110111101111100111110011010111111111101111011111111111111111000000000000000000000000
00011111111111111111100111111111111111111011110111101111100111110011010111111111101111011111111111111111000000000000000000000000
00011111111111111111100111111111111111111011110111101111100111110111010111111111101111011111111111111111000000000000000000000000
00011111111111111111100111111111111111111011110111101111100111110111010111111111101101011111111111111111000000000000000000000000
00011111111111111111100111111111111111111011110111101111100111110011010111111111101111011111111111111111000000000000000000000000
00011111111111111111100111111111111111111011110111101111100111110111010111111111101111011111111111111111000000000000000000000000
00011111111111111111100111111111111111111011110111101111100111110111010111111111101111011111111111111111000000000000000000000000
00011111111111111111100111111111111111111011110111101111100111110111010111111111101111011111111111111111000000000000000000000000
00011111111111111111100111111111111111111011110111101111100111110111010111111111101111011111111111111111000000000000000000000000
00011111111111111111100111111111111111111011110111101111100111110111010111111111111111011111111111111111000000000000000000000000
00011111111111111111100111111111111111111011110111101111101111110111010111111111111111011111111111111111000000000000000000000000
00011111111111111111100111111111111111111011110111101111101111110111010111111111111111011111111111111111000000000000000000000000
00011111111111111111100111111111111111111011110111101111100111110111010111111111111111011111111111111111000000000000000000000000
00011111111111111111100111111111111111111011110111101111100111110111010111111111111111011111111111111111000000000000000000000000
00011111111111111111101101111111111111111011110111101111101111110111010111111111111111011111111111111111000000000000000000000000
00011111111111111111100101111111111111111011110111101111101111110111010111111111111111011111111111111111000000000000000000000000
00011111111111111111100101111111111111111111110111101111101111110111110111111111111111011111111111111111000000000000000000000000
00011111111111111111100101111111111111111111110111101111101111110111110111111111111111011111111111111111000000000000000000000000
00011111111111111111100101111111111111111111110111101111101111110111110111111111111111011111111111111111000000000000000000000000
00011111111111111111100111111111111111111111110111101111101111110111110111111101111111011111111111111111000000000000000000000000
00011111111111111111100111111111111111111111110111101111101111110111110111111101111111011111111111111111000000000000000000000000
00011111111111111111100111111111111111111111110111101111101111110111110111111101111111011111111111111111000000000000000000000000
00011111111111111111100111111111111111111111110111101111101111110111110111111101111111011111111111111111000000000000000000000000
00011111111111111111100101111111111111111111110111101111101111110111110111111101111111011111111111111111000000000000000000000000
00011111111111111111100101111111111111111111110111101111101111110111110111111101111111011111111111111111000000000000000000000000
00011111111111111111100101111111111111111111110111101111101111110111110111111101111111011111111111111111000000000000000000000000
00011111111111111111100101111111111111111111110111101111101111110111110111111101111111011111111111111111000000000000000000000000
00011111111111111111100101111111111111111111100101101111101111110111110111111101111111011111111111111111000000000000000000000000
00011111111111111111100101111111111111111111100111101111101111110111110111111101111111011111111111111111000000000000000000000000
00011111111111111111111111111111111111111111111111111111111111111111111111111111111111011111111111111111000000000000000000000000
00011111111111111111111111111111111111111111111111111111111111111111111111111111111111111111111111111111000000000000000000000000
00011111111111111111110001111111100011111111111111111111111111111111111111111111111111111111111111111111000000000000000000000000
00011111111111111111111111111111111111111111111111111111111111111111111111101111011110111111111111111111000000000000000000000000
00011111111111111111111111111111111111111111111111111111111111111111111111111111111111111111111111111111000000000000000000000000
00011111111111111111111111111111111111111111111111111111111111111111111111111111111111111111111111111111000000000000000000000000
00011111111111111111111111110011111111111111111110011111111111111111111111111111111111111111111111111111000000000000000000000000
00011111111000111111111111111111111111111111111110011111111111111111111111111111111111111111111111111111000000000000000000000000
00011111111111111111111111111111111111111111111111111111111111111111111111111111111111111111111111111111000000000000000000000000
00011111111111111111111111111111111111111111111111111111111111111111111111111111111111111111111111111111000000000000000000000000
00011111111111111111111111111111111111111111111111111111111111111111111111111111111111111111111111111111000000000000000000000000
00011111111111111111111111110011111111111111111111111111111111111111111111111111111111111111111111111111000000000000000000000000
00011111111111111111111111111111111111111111111111111111111111111111000111011110011100111111111111111111000000000000000000000000
00011111111111111111111111111111111111111111111111111111111111111111111111111111111111111111111111111111000000000000000000000000
00011111111111111111111111111111111111111111111111111111111111111111111111111111111111111111111111111111000000000000000000000000
00011111111111111111111111111111111111111111111111111111111111111111111111111111111111111111111111111111000000000000000000000000
00011111111111111111111111111111111111111111111111111111111111111111111111111111111111111111111111111111000000000000000000000000
00011111111111111111111111111111111111111111111111111111111111111111111111111111111111111111111111111111000000000000000000000000
00011111111111111111111111111111111111111111111111111111111111111111111111111111111111111111111111111111000000000000000000000000
00011111111111111111111111111111111111111111111111111110111111111111111111111111111111111111111111111111000000000000000000000000