11111111111111111111111111111111111111111111111111111111111111111111111111111111111111111110000000000000111111111111111111111111
11111111111111111111111111111111111111111111111111111111111111111111111111111111111111111111111111110000111111111111111111111111
11111111111111111111111111111111111111111111111111111111111111111111111111111111111111111111111111111111111111111111111111111111
11111111111111111111111111111111111111111111111111111111111111111111111111111111111111111111111111111111111111111111111111111111
11111111111111111111111111111111111111111111111111111111111111111111111111111111111111111111111111111111111111111111111111111111
11111111111111111111111111111111111111111111111111111111111111111111111111111111111111111111111111111111111111111111111111111111
11111111111111111111111111111111111111111111111111111111111111111111111111111111111111111111111111111111111111111111111111111111
11111111111111111111111111111111111111111111111111111111111111111111111111111111111111111111111111111111111111111111111111111111
11111111111111111111111111111111111111111111111111111111111111111111111111111111111111111111111111111111111111111111111111111111
11111111111111111111111111111111111111111111111111111111111111111111111111111111111111111111111111111111111111111111111111111111
11111111111111111111111111111111111111111111111111111111111111111111111111111111111111111111111111111111111111111111111111111111
11111111111111111111111111111111111111111111111111111111111111111111111111111111111111111111111111111111111111111111111111111111
11111111111111111111111111111111111111111111111111111111111111111111111111111111111111111111111111111111111111111111111111111111
11111111111111111111111111111111111111111111111111111111111111111111111111111111111111111111111111111111111111111111111111111111
11111111111111111111111111111111111111111111111111111111111111111111111111111111111111111111111111111111111111111111111111111111
11111111111111111111111111111111111111111111111111111111111111111111111111111111111111111111111111111111111111111111111111111111
11111111111111111111111111111111111111111111111111111111111111111111111111111111111111111111111111111111111111111111111111111111
11111111111111111111111111111111111111111111111111111111111111111111111111111111111111111111111111111111111111111111111111111111
11111111111111111111111111111111111111111111111111111111111111111111111111111111111111111111111111111111111111111111111111111111
11111111111111111111111111111111111111111111111111111111111111111111111111111111111111111111111111111111111111111111111111111111
11111111111111111111111111111111101011111111111111111111111111111111111111111111111111111111111111111111111111111111111111111111
11111111111111111111111111111111111011111111111111111111111111111111111111111111111111111111111111111111111111111111111111111111
11111111111111111111111111111111111011111111111111111111111111111111111111111111111111111111111111111111111111111111111111111111
11111111111111111111111111111111111011111111111111111111011111111111111111111111111111111111111111111111111111111111111111111111
11111111111111111111111111111111111011111111111111111111011111111111111110111111111111111111111111111111111111111111111111111111
11111111111111111111111111111111111111111111111111111111011111111111101110111111011111111111111111111111111111111111111111111111
11111111111111111111111111111111011111111111111111111111011111111111101110111111011111111111111111111111111111111111111111111111
11111111111111111111111111111111011111111111111111111111011111111111101110111111011111111111111111111111111111111111111111111111
11111111111111111111111111111111011111111111111111111111011111111111101110111011011111111111111111111111111111111111111111111111
11111111111111111111111111111111011111111111111111111111011111111111101110111011011111111111111111111111111111111111111111111111
11111111111111111111111111111111011111111111111111111111011111111111101110111011011111111111111111111111111111111111111111111111
11111111111111111111111111111111011111111111111111111111011111111111101110111011111111111111111111111111111111111111111111111111
11111111111111111111111111111111011111111111110111111111011111111111101110111011111111111111111111111111111111111111111111111111
11111111111111111111111111111111011111111111110111111111011111111111101110111011111111111111111111111111111111111111111111111111
11111111111111111111111111111111011111111111110111111111010111111111101110111011111111111111111111111111111111111111111111111111
11111111111111111111111111111111011111111111110111111111010111111111101111111011111111111111111111111111111111111111111111111111
11111111111111111111111111111111011111111111110111111111010111111111101111111111111111111111111111111111111111111111111111111111
11111111111111111111111111111111011111111111111111111111010111111111101111111111111111111111111111111111111111111111111111111111
11111111111111111111111111111111011111111111111111111111010111111111101111111011111111111111111111111111111111111111111111111111
11111111111111111111111111111111011111111111111111111111010111111111101111111111111111111111111111111111111111111111111111111111
11111111111111111111111111111111011111111111111111111111010111111111101111111111111111111111111111111111111111111111111111111111
11111111111111111111111111111111011111111111111111111111010111111111101111111111111111111111111111111111111111111111111111111111
11111111111111111111111111111111011111111111111111111111110111111111101101111111111111111111111111111111111111111111111111111111
11111111111111111111111111111111011111111111111111111111111111111111101101111111111111111111111111111111111111111111111111111111
11111111111111111111111111111111011111111111111111111111111111111111101101111111111111111111111111111111111111111111111111111111
11111111111111111111111111111111010111111111111111111110111111111111101101111111111111111111111111111111111111111111111111111111
11111111111111111111111111111111010111111111111111111110111111111111101101111111111111111111111111111111111111111111111111111111
11111111111111111111111111111111010111111111111111111110111111111111101101111111111111111111111111111111111111111111111111111111
11111111111111111111111111111111010111111111111111111110111111111111101101111111111111111111111111111111111111111111111111111111
11111111111111111111111111111111010111111111111111111110111111111111101101111111111111111111111111111111111111111111111111111111
11111111111111111111111111111111110111111111111111111110111111111111101101111111111111111111111111111111111111111111111111111111
11111111111111111111111111111111110111111111111111111110111111111111101101111111111111111111111111111111111111111111111111111111
11111111111111111111111111111111111111111111111111111110111111111111101101111111111111111111111111111111111111111111111111111111
11111111111111111111111111111110111111111111111111111110111111111111101101111111111111111111111111111111111111111111111111111111
11111111111111111111111111111110111111111111111111111110111111111111101101111111111111111111111111111111111111111111111111111111
11111111111111111111111111111110111111111111111111111110111111111111101101111111111111111111111111111111111111111111111111111111
11111111111111111111111111111110111111111111111111111110111111111111101101111111111111111111111111111111111111111111111111111111
11111111111111111111111111111110111111111111111111111110111111111111101101111111111111111111111111111111111111111111111111111111
11111111111111111111111111111110111111111111111111111110111111111111101101111110111111111111111111111111111111111111111111111111
11111111111111111111111111111110111111111111111111111110111111111111101101111110111111111111111111111111111111111111111111111111
11111111111111111111111111111110111111111111111111111110111111111111101101111110111111111111111111111111111111111111111111111111
11111111111111111111111111111110111111111111111111111110111111111111101101111110111111111111111111111111111111111111111111111111
11111111111111111111111111111110111111111111101111111110111111111111101101111110111111111111111111111111111111111111111111111111
11111111111111111111111111111110111111111111101111111110111111111111101101111110111111111111111111111111111111111111111111111111
11111111111111111111111111111110111111111111101111111110111111111111101101111110111111111111111111111111111111111111111111111111
11111111111111111111111111111110111111111111101111111110111111111111101101111110111111111111111111111111111111111111111111111111
11111111111111111111111111111110111111111111101111111110111111111111101101111110111111111111111111111111111111111111111111111111
11111111111111111111111111111110111111111111101111111110111111111111111101111110111111111111111111111111111111111111111111111111
11111111111111111111111111111110111111111111111111111110111111111111011101111110111111111111111111111111111111111111111111111111
11111111111111111111111111111110111111111111111111111110111111111111011101111110111111111111111111111111111111111111111111111111
11111111111111111111111111111110111111111111111111111110111111111111011101111110111111111111111111111111111111111111111111111111
11111111111111111111111111111110111111111111111111111110111111111111011101111110111111111111111111111111111111111111111111111111
11111111111111111111111111111110111111111111111111111110101111111111011101111110111111111111111111111111111111111111111111111111
11111111111111111111111111111110101111111111111111111110101111111111011101111110111111111111111111111111111111111111111111111111
11111111111111111111111111111110101111111111111111111110101111111111011101111110111111111111111111111111111111111111111111111111
11111111111111111111111111111110101111111111111111111110101111111111011101111110111111111111111111111111111111111111111111111111
11111111111111111111111111111110101111111111111111111110101111111111011101110110111111111111111111111111111111111111111111111111
11111111111111111111111111111110101111111111111111111110101111111111011101110110111111111111111111111111111111111111111111111111
11111111111111111111111111111111101111111111111111111100101111111111011101110110111111111111111111111111111111111111111111111111
11111111111111111111111111111111101111111111111111111101101111111111011101110110111111111111111111111111111111011111111111111111
11111111111111111111111111111111101111111111111111111101111111111111011101110110111111111111111111111111111111000000000000111111
11111111111111111111111111111101111111111111111111111101111111111111011101110110111111111111111111111111111111000000000000000000
11111111111111111111111111111101111111111111111111111101111111111111011101110110111111111111111111111111111111000000000000000000
11111111111111111111111111111101111111111111111111111101111111111111011111110110111111111111111111111111111111000000000000000000
11111111111111111111111111111101111111111111111111111101111111111111011111110111111111111111111111111111111111000000000000000000
11111111111111111111111111111101111111111111111111111101111111111111011011110111111111111111111111111111111111000000000000000000
11111111111111111111111111111101111111111111111111111101111111111111011011110111111111111111111111111111111111000000000000000000
11111111111111111111111111111101111111111111111111111101111111111111011011110111111111111111111111111111111111000000000000000000
11111111111111111111111111111101111111111111111111111101111111111111011011110111111111111111111111111111111111000000000000000000
11111111111111111111111111111101111111111111111111111101111111111111011011111111111111111111111111111111111111000000000000000000
11111111111111111111111111111101111111111111111111111101111111111111011011111111111111111111111111111111111111000000000000000000
11111111111111111111111111111101111111111111111111111101111111111111011011110111111111111111111111111111111111000000000000000000
11111111111111111111111111111101111111111111111111111101111111111111011011111111111111111111111111111111111111000000000000000000
11111111111111111111111111111101111111111111011111111101111111111111011011111111111111111111111111111111111111000000000000000000
11111111111111111111111111111101111111111111011111111101111111111111011011111111111111111111111111111111111111000000000000000000
11111111111111111111111111111101111111111111011111111101111111111111011011111111111111111111111111111111111111000000000000000000
11111111111111111111111111111101111111111111011111111101111111111111011011111111111111111111111111111111111111000000000000000000
11111111111111111111111111111101111111111111011111111101111111111111011011111111111111111111111111111111111111000000000000000000
11111111111111111111111111111101111111111111011111111101111111111111011011111111111111111111111111111111111111000000000000000000
11111111111111111111111111111101111111111111011111111101111111111111011011111111111111111111111111111111111111000000000000000000
11111111111111111111111111111101011111111111011111111101111111111111011011111111111111111111111111111111111111000000000000000000
11111111111111111111111111111101011111111111111111111101111111111111011011111111111111111111111111111111111111111111111000000000
11111111111111111111111111111101011111111111111111111101111111111111011011111111111111111111111111111111111111111111111111111110
11111111111111111111111111111101011111111111111111111101111111111111011011111111111111111111111111111111111111111111111111111111
11111111111111111111111111111101011111111111111111111101111111111111011011111111111111111111111111111111111111111111111111111111
11111111111111111111111111111111011111111111111111111101111111111111011011111111111111111111111111111111111111111111111111111111
11111111111111111111111111111111111111111111111111111101011111111111011011111111111111111111111111111111111111111111111111111111
11111111111111111111111111111111111111111111111111111101111111111111011011111111111111111111111111111111111111111111111111111111
11111111111111111111111111111110111111111111111111111111111111111110011011111111111111111111111111111111111111111111111111111111
11111111111111111111111111111111111111111111101111111111111111111111011011111101111111111111111111111111111111111111111111111111
11111111111111111111111111111111111111111111111111011101111111111111111111111111111111111111111111111111111111111111111111111111
11111111111111111111111111111111111011111111111111111110111111011111111111111111111111111111111111111111111111111111111111111111
11111111111111111111111111111111111111111111111111111111111111111111111111111111111111111111111111111111111111111111001111111111
11111111111111111111111111111111111111111111111111111111111111111111111111111111111111111111111111111111111111111111111111111111
11111111111111111111111111111111111111111111111111111111111111011111111111110111111111111111111111111111111111111111111111111111
11111111111111111111111111111111111111111111111111111111111111111111111111111111101111111111111111111111111111111111111111111111
11111111111111111111111111111111111111111111111111111111111111111111111111111111101111011111111111111111111111111111111111111111
11111111111111111111111111111111111111111111111111111111111111111110111101111111111111011111111111111111111111111111111111111111
11111111111111111111111111111111111111111111111111111111111111011111111111111111111111111111111111111111111111111111111111111111
11111111111111111111111111111111111111111111111111111111111111111111111111111111111111111111111011111111111111111111111111111111
11111111111111111111111111111111111111111111111111111111111111111111111111111111111111111111110111111111111111111111111111111111
11111111111111111111111111111111111111111111111111111111111111111111111111111111111111011111111111111111111111111111111111111111
11111111111111111111111111111111111111111111111111111111111111111111111111111111111111111111111111111111111111111111111111111111
11111111111111111111111111111111111111111111111111111111111111111111111111111111111111111111111111111111111111111111111111111111
11111111111111111111111111111111111111111111111111111111111111111111111111111111111111111111111111111111111111111111111111111111
11111111111111111111111111111111111111111111111111111111111111111111111111111111111111111111111111111111111111111111111111111111
11111111111111111111111111111111111111111111111111111111111111111111111111111111111111111111111111111111111111111111111111111111
11111111111111111111111111111111111111111111111111111111111111111111111111111111111111111111111111111111111111111111111111111111