11111111111111111111111111111111111111111111111111111111111111111111111111111111111111111111111111111111111111111111111111111111
11111111111111111111111111111111111111111111111111111111111111111111111111111111111111111111111111111111111111111111111111111111
11111111111111111111111111111111111111111111111111111111111111111111111111111111111111111111111111111111111111111111111111111111
11111111111111111111111111111111111111111111111111111111111111111111111111111111111111111111111111111111111111111111111111111111
11111111111111111111111111111111111111111111111111111111111111111111111111111111111111111111111111111111111111111111111111111111
11111111111111111111111111111111111111111111111111111111111111111111111111111111111111111111111111111111111111111111111111111111
11111111111111111111111111111111111111111111111111111111111111111111111111111111111111111111111111111111111111111111111111111111
11111111111111111111111111111111111111111111111111111111111111111111111111111111111111111111111111111111111111111111111111111111
11111111111111111111111111111111111111111111111111111111111111111111111111111111111111111111111111111111111111111111111111111111
11111111111111111111111111111111111111111111111111111111111111111111111111111111111111111111111111111111111111111111111111111111
11111111111111111111111111111111111111111111111111111111111111111111111111111111111111111111111111111111111111111111111111111111
11111111111111111111111111111111111111111111111111111111111111111111111111111111111111111111111111111111111111111111111111111111
11111111111111111111111111111111111111111111111111111111111111111111111111111111111111111111111111111111111111111111111111111111
11111111111111111111111111111111111111111111111111111111111111111111111111111111111111111111111111111111111111111111111111111111
11111111111111111111111111111111111111111110111011111111111111111111111111111111111111111111111111111111111111111111111111111111
11111111111111111111111111111111111111111111111111111111111111111111111111111111011111111111111111111111111111111111111111111111
11111111111111111111111111110011111111011111111011111111111111111111111111111111111111111111100111011101111111111111111111111111
11111111111111111111111111111011111111111111111111111111111111111111111111011111111111110111101111111101111111101111111111111111
11111111111111111111111111111111111111111111111111111111111111111111111111001111111111111111101111111101111111101111111111111111
11111111111111111111111111111111111111111111111011111111111111111111111111111111111111111111010111111011111111111111111111111111
11111111111111111111111111111111111111111111111111111111111111111111111111111110111111111111110111111011111111111111111111111111
11111111111111111111111111111111111111111111111111111111111111111111111111111111111111111111111111111111111111111111111111111111
11111111111111111111110010011011101111111111111111111111111111111111111111111111111111111111111111111111111111111111111111111111
11111111111111111111110000011011101111111101011110011001111101111111111111111111111111111111111111111111111111111111111111111111
11111111111111111111100010011011101111111101011110011001111100111101111000011111111111111100110111111111111111111111111111111111
11111111111111111111100010011011101111111101011110011001111100011101111000011111111110111100110111001111001111111111111111111111
11111111111111111111100000010011101111111101011110011001111100011101111000011111111110111100110111001111001111111111111111111111
11111111111111111111100000011011101111111101011110011001111100000101111000011111111111111100110111001111001111111111111111111111
11111111111111111111100000011011101111111101011110011001111100011101111000011111111111111100110111001111001111111111111111111111
11111111111111111111100000011011101111111101011110011001111100011101111000011111111111111100110111001111001111111111111111111111
11111111111111111111100000000011101111011101011110011001111100011101111000011110111110111100110111001111001111111111111111111111
11111111111111111111100000000011101111011101011110011001111100000101111000011110111111111100110111001111001111111111111111111111
11111111111111111111100000011011101111011101011110011001111100011001111000011110111111111100110111001111001111111111111111111111
11111111111111111111100000011011101111011101011110011001111100011001111000011110111111111100110111001111001111111111111111111111
11111111111111111111100000000011101111011101011110011001111100011001111000011110111111111100110111001111001111111111111111111111
11111111111111111111100000000011101111011101011110011001111100000001111000011110111111111100110111001111001111111111111111111111
11111111111111111111100000000011101111011101011110011001111100000001111000011110111111111100110111001111001111111111111111111111
11111111111111111111100000000011101111011100011110011001111100000001111000011110111111111100110111001111000111111111111111111111
11111111111111111111100000000011101111011100011110011000011100000001111000011110111111111100110111001111000111111111111111111111
11111111111111111111100000000011101111011100011110011001111100000001111000011110111111111100110111001111000111111111111111111111
11111111111111111111100000000011101111011100011110011001111100000001111000011110111111111100110111001111000111111111111111111111
11111111111111111111100000000011101111011100011110011001111100000001111000011110111111111100110111001111000111111111111111111111
11111111111111111111100000000011101111011100011110011000011100000001111000011110111111111100010111001111000111111111111111111111
11111111111111111111100000000011101111011100011110011000011100000001111000011110111111111100010111001111000111111111111111111111
11111111111111111111100000000011101111011100011110011000011100000001111000011110110111111100010111001111100111111111111111111111
11111111111111111111100000000011101111011100011110011000011100000001111000011110110111111100010111001111100111111111111111111111
11111111111111111111100000000011101111011100011110011000011100000001111000011110111111111100010111001111100111111111111111111111
11111111111111111111100000000011101111011100011110011000011100000001111000011110111111111100010111000111100111111111111111111111
11111111111111111111100000000011101111011100011110011000011100000001111000011110110111111100010111000111100111111111111111111111
11111111111111111111100000000011101111011100011110011000011100000001111000011110110111111100010111000111100111111111111111111111
11111111111111111111100000000011101111011100011110011000011100000001111000011110110111111100010111000111100111111111111111111111
11111111111111111111100000000011101111011100011110011000011100000001111000011110110111111100010011000111100111111111111111111111
11111111111111111111100000000011101111011100011110011000011100000001111000011110110111111100010011000111100111111111111111111111
11111111111111111111100000000011101111011100011110011000011100000001111000011110110111111100010111000111100111111111111111111111
11111111111111111111100000000011101111011100011110011000011100000001111000011110110111111100010011000111100111111111111111111111
11111111111111111111100000000011101111011100011110011000011100000001111000011110110111111100010011000111100111111111111111111111
11111111111111111111100000000011101111011100011110011000011100000001111000011110110111111100010011000111100111111111111111111111
11111111111111111111100000000011101111011100011100011000011100000001111000011110110111111100010011000111100111111111111111111111
11111111111111111111100000000011111111011100011100011000011100000001111000011110110111111100010011000111100111111111111111111111
11111111111111111111100000000011111111011100011100011000011100000001111000011110110111111100010011000111100111111111111111111111
11111111111111111111100000000011111111011100011100011000011100000001111000011110110111111100010011000111100111111111111111111111
11111111111111111111100000000011111111011100011100011000011100000001111000011110110111111100010011000111100111111111111111111111
11111111111111111111100000000011111111011100011100011000011100000001111000011110110111111100010011000111100111111111111111111111
11111111111111111111100000000011111111011100011100011000011100000001111000011110110111111100010011000111100111111111111111111111
11111111111111111111100000000011111111011100011100011000011100000001111000011110110111111100011011000111100111111111111111111111
11111111111111111111100000000011111111011100011100011000011100000001111000011110110111111100011011000111100111111111111111111111
11111111111111111111100000000011111111011100011100011000011100000001111000011110110111111100011011000111100111111111111111111111
11111111111111111111100000000011111011011100011100011000011100000001111000011110110111111100011011000111100111111111111111111111
11111111111111111111100000000011111111011100011100011000011100000001111000011110110111111100011011100111100011111111111111111111
11111111111111111111100000000011111111011100011100011000011100000001111000011110110111111100011011100111100011111111111111111111
11111111111111111111000000000011111011011100011100011000011100000001111000011110110111111100011011100111100011111111111111111111
11111111111111111111000000000011111011011100011100011000011100000001111000011110110111111100011011100111100011111111111111111111
11111111111111111111000000000011111011011100011100011000011100000001111000011110110111111100011011100111100011111111111111111111
11111111111111111111000000000111111011011100011100011000011100000001111000011110110111111100011011100111100011111111111111111111
11111111111111111111000000000111111011011100011100011000011100000001111000011110110111111100011011100111100011111111111111111111
11111111111111111111000000000011011011011100011100011000011100000001111000011110110111111100011011100111100011111111111111111111
11111111111111111111000000000111011011011100011100011000011100000001111000011110110111111100011011100111100011111111111111111111
11111111111111111111000000000111011011011100011100011000011100000001111000011110110111111100011011100111100011111111111111111111
11111111111111111111000000000111011011011100011100011000011100000001111000011110110111111100011011100111100011111111111111111111
11111111111111111111000000000111011011011100011100011000011100000001111000011110110111111100011011100111100011111111111111111111
11111111111111111111000000000111011011011100011100011000011100000001111000001110110111111100011011100111100011111111111111111111
11111111111111111111000000000111011011011100011100011000011100000001111000001110110111111100011011100111100011111111111111111111
11111111111111111111000000000111011011011100011100011000011100000001111000001110110111111100011011100111100011111111111111111111
11111111111111111111000000000111011011011100011100011000011100000001111000001110110111111100011011100011100011111111111111111111
11111111111111111111000000000111011011011100011100011000011100000001111000001110110111111110011011100111100011111111111111111111
11111111111111111111000000000111011011011100011100011000011100000001111000001110110111111110011011100111100011111111111111111111
11111111111111111111000000000111011011011100011100011000011100000001111000001110110111111110011011100011100011111111111111111111
11111111111111111111000000000111011011011100011100011000011100000001111000001110110111111110011011100011100011111111111111111111
11111111111111111111000000000111011011011100011100011000011100000001111000001110110111111110011011100011100011111111111111111111
11111111111111111111000000000111011011011100011100011000011100000001111000001110110111111110011011100011100011111111111111111111
11111111111111111111000000000111011011011100011100011000011100000001111000001110110111011110011011100011100011111111111111111111
11111111111111111111000000000111011011011100011100011000011100000001111000001110111111011110011011100011100011111111111111111111
11111111111111111111000000000111011011011100011100011000011100000001111000001110111111011110011011100011100011111111111111111111
11111111111111111111000000000111011011011100011100011000011100000001111000001110110111011110011011100011100011111111111111111111
11111111111111111111000000000111011011011100011100011000011100000001111000001110110111011110011011100011100011111111111111111111
11111111111111111111000000000111011011011100011100011000011100000001111000001111111111011110011011100011100011111111110000001111
11111111111111111111000000000111011011011100011100011000011100000001111000001111111111011110011011100011100011111111110000000000
11111111111111111111000000000111011011011100011100011000011100000001111000001111111111011110011011100011100011111111100000000000
11111111111111111111000000000111011011011100011100011000011100000001111000001111010111011110011011100011100011111111100000000000
11111111111111111111000000000111011011011100011100011000011100000001111000001111011111011110011011100011100011111111100000000000
11111111111111111111000000000111011011011100011100011000011100000001111000001111011111011110011011100011100011111111100000000000
11111111111111111111000000000111011011011100011100011000011100000001111000001111011111011110011011100011100011111111100000000000
11111111111111111111000000000111011011011100011100011000011100000001111000001111011111011110011011100011100011111111100000000000
11111111111111111111000000110111111111111111011100011000011100000001111000001111011111011110011011100011100011111111100000000000
11111111111111111111000111111111111111111111111111111111111101100001111000001111111111011110011011100011100011111111100000000000
11111111111111111111000111111111111111111111111111111111111111100111111111111111111111111111111111101011100011111111100000000000
11111111111110111111000110011111111111011111111111111111111111100111111111111111111111111111111111111111100011111111100000000000
11111111111111011111000111011110011111101111011111100111111111100111100111111111111111111111111111111111100011111111100000000000
11111111111100011111000111111110011111111111011111011111111111100111110111110111110011111011111001111111100011111111100000000000
11111111111100111111011111111110011111011111101111011111101111100111110111110111110011111011111001111101110011011111100000000000
11111111111110111111111111111110001111111111111111011111100111111111110111110111110011111011111001111001110011101111100000000000
11111111111111111111111111111110001111111111111111011111100111111111111111101111110011111101111001111000111011101111100000000000
11111111111111111111111111111111111111111111111111101111111111111111111111111011111111111101110001111000111111111111111111100000
11111111111111111111111111111111111111111111111111111111111111111111111111110111110011111011111001111001111111111111111111111111
11111111111111111111111111111111111111111111111111111111111111111111111111111111111111111111111111111111111111111111111111111111
11111111111111111111111111111111111111111111111111111111111111111111111111111111111111111111111111111111111111111111111111111111
11111111111111111111111111111111111111111111111111111111111111111111111111111111111111111111111111111111111111111111111111111111
11111111111111111111111111111111111111111111111111111111111111111111111111111111111111111111111111111111111111111111111111111111
11111111111111111111111111111111111111111111111111111111111111111111111111111111111111111111111111111111111111111111111111111111
11111111111111111111111111111111111111111111111111111111111111111111111111111111111111111111111111111111111111111111111111111111
11111111111111111111111111111111111111111111111111111111111111111111111111111111111111111111111111111111111111111111111111111111
11111111111111111111111111111111111111111111111111111111111111111111111111111111111111111111111111111111111111111111111111111111
11111111111111111111111111111111111111111111111111111111111111111111111111111111111111111111111111111111111111111111111111111111
11111111111111111111111111111111111111111111111111111111111111111111111111111111111111111111111111111111111111111111111111111111
11111111111111111111111111111111111111111111111111111111111111111111111111111111111111111111111111111111111111111111111111111111
11111111111111111111111111111111111111111111111111111111111111111111111111111111111111111111111111111111111111111111111111111111
11111111111111111111111111111111111111111111111111111111111111111111111111111111111111111111111111111111111111111111111111111111
11111111111111111111111111111111111111111111111111111111111111111111111111111111111111111111111111111111111111111111111111111111