11111111111111111111111111111111111111111111111111111111111111111111111111111111111111111111111111111111111111111111111111111111
11111111111111111111111111111111111111111111111111111111111111111111111111111111111111111111111111111111111111111111111111111111
11111111111111111111111111111111111111111111111111111111111111111111111111111111111111111111111111111111111111111111111111111111
11111111111111111111111111111111111111111111111111111111111111111111111111111111111111111111111111111111111111111111111111111111
11111111111111111111111111111111111111111111111111111111111111111111111111111111111111111111111111111111111111111111111111111111
11111111111111111111111111111111111111111111111111111111111111111111111111111111111111111111111111111111111111111111111111111111
11111111111111111111111111111111111111111111111111111111111111111111111111111111111111111111111111111111111111111111111111111111
11111111111111111111111111111111111111111111111111111111111111111111111111111111111111111111111111111111111111111111111111111111
11111111111111111111111111111111111111111111111111111111111111111111111111111111111111111111111111111111111111111111111111111111
11111111111111111111111111111111111111111111111111111111111111111111111111111111111111111111111111111111111111111111111111111111
11111111111111111111111111111111111111111111111111111111111111111111111111111111111111111111111111111111111111111111111111111111
11111111111111111111111111111111111111111111111111111111111111111111111111111111111111111111111111111111111111111111111111111111
11111111111111111111111111111111111111111111111111111111111111111111111111111111111111111111111111111111111111111111111111111111
11111111111111111111111111111101111111111111111111111111111111111111111111111111111111111111111111111111111111111111111111111111
11111111111111111111111111111111111111111111111111111111111111111111111111111111111111111111111111111111111111111111111111111111
11111111111111111111111111111111111111111111111111111111111111111111111111111111111111111111111111111111111111111111111111111111
11111111111111111111111111111111111111111111111111111111111111111111111111111111111101111111111111111111111111111111111111111111
11111111111111111111111111111111111111111111111111111111111111111111111111111111111111111111111111111111111111111111111111111111
11111111111111111111111111111111111111111111111111111111111111111111111111111111111111111111111111111111111111111111111111111111
11111111111111111111111111111111111111111111111111111111111111111111111111111111111111111111111111111111111111111111111111111111
11111111111111111111111111111111111111111111111111111111111111111111111111111111111111111111111111111111111111111111111111111111
11111111111111111111111111111111111111111111111111111111111111111111111111111111111111111011111111111111111111111111111111111111
11111111111111111111111111110011011111111111111111111111111111111111111111111111111111111111111111111111111111111111110011110111
11111111111111111111111111110011011111111111111111111111111111111111111111111111111111111111111111111111111111111111111111111111
11111111111111111111111111110011011111111111111110111111111111111111111111111111111111111111111111111111111111111111111111111111
11111111111111111111111111110011011111111111111110111111111011100111111111111111111111111111111111111111111111111111111111111111
11111111111111111111111111110011011111111111111110111111111011100111111111110111111111111111111111111111111111111111111111111111
11111111111111111111111111110011011111111111111111111111111011100111111111100111111111111111111111111111111111111111111111111111
11111111111111111111111111110011011111111111111111111111111011100111111111100111111111111111111111111001111111111111111111111111
11111111111111111111111111110011011111111111111111111111110011000111111111100111111111111111111111111001111111111111111111111111
11111111111111111111111111110011011111111111111111111111110011000111111111100111111111111111111111111001111111111111111111111111
11111111111111111111111111110111111111111111111111111111110011000111111111100111111111111111111111111001111111111111111111111111
11111111111111111111111111110111111111111111111101111111110011000111111111100111111111111111111111111001111111111111111111111111
11111111111111111111111111110111111111111111111101111111110011000111111111100111111111111111111111111011111111111111111111111111
11111111111111111111111111110111111111111111111101111111110011000111111111100111111111111111111111111011111111111111111111111111
11111111111111111111111111110111111111111111111101111111110011000111111111100111111111111111111111111011111111111111111111111111
11111111111111111111111111110111111111111111111101111111110011000111111111100111111111111111111111111011111111111111111111111111
11111111111111111111111111110110111111111111111101111111110011000111111111101111111111111111111111111011111111111111111111111111
11111111111111111111111111100110111111111111111101111111110011001111111111101111111111111111111111111011111111111111111111111111
11111111111111111111111111100110111111111111111101111111110011001111111111101111111111111111111111110011111111111111111111111111
11111111111111111111111111100110111111111111111101111111110111001111111111101111111111111111111111110011111111111111111111111111
11111111111111111111111111100110111111111111111101111111110111001111111111101111111111111111111111110011111111111111111111111111
11111111111111111111111111100110111111111111111111111111110111001111111111001111111111111111111111110011111111111111111111111111
11111111111111111111111111100110111111111111111111111111110111001111111111001111111111111111111111110011111111111111111111111111
11111111111111111111111111100110111111111111111111111111110110001111111111001111111111111111111111110011111111111111111111111111
11111111111111111111111111100110111111111111111111111111100110001111111111001111111111111111111111110011111111111111111111111111
11111111111111111111111111100110111111111111111111111111100110001111111111001111111111111111111111110011111111111111111111111111
11111111111111111111111111101111111111111111111111111111100110001111111111001111111111111111111111110011111111111111111111111111
11111111111111111111111111101111111111111111111011111111100110001111111111001111111111111111111111110111111111111111111111111111
11111111111111111111111111101111111111111111111011111111100110001111111111001111111111111111111111110111111111111111111111111111
11111111111111111111111111101111111111111111111011111111100110001111111111001111111111111111111111110111111111111111111111111111
11111111111111111111111111101101111111111111111011111111100110001111111111001111111111111111111111110111111111111111111111111111
11111111111111111111111111101101111111111111111011111111100110001111111111011111111111111111111111110111111111111111111111111111
11111111111111111111111111101101111111111111111011111111100110001111111111011111111111111111111111100111111111111111111111111111
11111111111111111111111111001101111111111111111011111111100110001111111111011111111111111111111111100111111111111111111111111111
11111111111111111111111111001101111111111111111011111111100110011111111111011111111111111111111111100111111111111111111111111111
11111111111111111111111111001101111111111111111011111111100110011111111111011111111111111111111111100111111111111111111111111111
11111111111111111111111111001101111111111111111111111111101110011111111111011111111111111111111111100111111111111111111111111111
11111111111111111111111111001101111111111111111111111111101110011111111110011111111111111111111111100111111111111111111111111111
11111111111111111111111111001101111111111111111111111111101100011111111110011111111111111111111111100111111111111111111111111111
11111111111111111111111111001101111111111111111111111111001100011111111110011111111111111111111111100111111111111111111111111111
11111111111111111111111111001101111111111111111111111111001100011111111110011111111111111111111111100111111111111111111111111111
11111111111111111111111111011101111111111111110111111111001100011111111110011111111111111111111111100111111111111111111111111111
11111111111111111111111111011111111111111111110111111111001100011111111110011111111111111111111111100111111111111111111111111111
11111111111111111111111111011111111111111111110111111111001100011111111110011111111111111111111111100111111111111111111111111111
11111111111111111111111111011111111111111111110111111111001100011111111110011111111111111111111111101111111111111111111111111111
11111111111111111111111111011111111111111111110111111111001100011111111110011111111111111111111111101111111111111111111111111111
11111111111111111111111111011011111111111111110111111111001100011111111110011111111111111111111111101111111111111111111111111111
11111111111111111111111111011011111111111111110111111111001100011111111110111111111111111111111111101111111111111111111111111111
11111111111111111111111110011011111111111111110111111111001100111111111110111111111111111111111111101111111111111111111111111111
11111111111111111111111110011011111111111111110111111111001100111111111110111111111111111111111111001111111111111111111111111111
11111111111111111111111110011011111111111111110111111111011100111111111110111111111111111111111111001111111111111111111111111111
11111111111111111111111110011011111111111111110111111111011100111111111110111111111111111111111111001111111111111111111111111111
11111111111111111111111110011011111111111111111111111111011100111111111100111111111111111111111111001111111111111111111111111111
11111111111111111111111110011011111111111111111111111111011100111111111100111111111111111111111111001111111111111111111111111111
11111111111111111111111110011011111111111111111111111110011000111111111100111111111111111111111111001111111111111111111111111111
11111111111111111111111110011011111111111111111111111110011000111111111100111111111111111111111111001111111111111111111111111111
11111111111111111111111110011011111111111111111111111110011000111111111100111111111111111111111111001111111111111111111111111111
11111111111111111111111110011111111111111111101111111110011000111111111100111111111111111111111111001111111111111111111111111111
11111111111111111111111110111111111111111111101111111110011000111111111100111111111111111111111111001111111111111111111111111111
11111111111111111111111110111111111111111111101111111110011000111111111100111111111111111111111111011111111111111111111111111111
11111111111111111111111110111111111111111111101111111110011000111111111100111111111111111111111111011111111111111111111111111111
11111111111111111111111110110111111111111111101111111110011000111111111100111111111111111111111111011111111111111111111111111111
11111111111111111111111110110111111111111111101111111110011000111111111101111111111111111111111111011111111111111111111111111111
11111111111111111111111100110111111111111111101111111110011000111111111101111111111111111111111110011111111111111111111111111111
11111111111111111111111100110111111111111111101111111110011001111111111101111111111111111111111110011111111111111111111111111111
11111111111111111111111100110111111111111111101111111110011001111111111101111111111111111111111110011111111111111111111111111111
11111111111111111111111100110111111111111111101111111110111001111111111101111111111111111111111110011111111111111111111111111111
11111111111111111111111100110111111111111111101111111110111001111111111001111111111111111111111110011111111111111111111111111111
11111111111111111111111100110111111111111111111111111110111001111111111001111111111111111111111110011111111111111111111111111111
11111111111111111111111100110111111111111111111111111110110001111111111001111111111111111111111110011111111111111111111111111111
11111111111111111111111100110111111111111111111111111100110001111111111001111111111111111111111110011111111111111111111111111111
11111111111111111111111100110111111111111111111111111100110001111111111001111111111111111111111110011111111111111111111111111111
11111111111111111111111100110111111111111111011111111100110001111111111001111111111111111111111110011111111111111111111111111111
11111111111111111111111100111111111111111111011111111100110001111111111001111111111111111111111110011111111111111111111111111111
11111111111111111111111101111111111111111111011111111100110001111111111001111111111111111111111110111111111111111111111111111111
11111111111111111111111101111111111111111111011111111100110001111111111001111111111111111111111110111111111111111111111111111111
11111111111111111111111101111111111111111111011111111100110001111111111001111111111111111111111110111111111111111111111111111111
11111111111111111111111101101111111111111111011111111100110001111111111001111111111111111111111110111111111111111111111111111111
11111111111111111111111111101111111111111111011111111100110001111111111011111111111111111111111100111111111111111111111111111111
11111111111111111111111111111111111111111111011111111100110011111111111011111111111111111111111100111111111111111111111111111111
11111111111111111111111111111111111111111111111111111100110011111111111011111111111111111111111100111111111111111111111111111111
11111111111111111111111111111111111111111111111111111111110011111111111011111111111111111111111100111111111111111111111111111111
11111111111111111111111111111111111111111111111111111111111111111111110011111111111111111111111100111111111111111111111111111111
11111111111111111111111111111111111111111111111111111111111111111111111111111111111111111111111100111111111111111111111111111111
11111111111111111111111111111111111111111111111111111111111111111111111111111111111111111111111100111111111111111111111111111111
11111111111111111111111111111111111111111111111111111111111111111111111111111111111111111111111111111111111111111111111111111111
11111111111111111111111111111111111111111111111111111111111111111111111111111111111111111111111111111111111111111111111111111111
11111111111111111111111111111111111111111111111111111111111111111111111111110111111111111111111111111111111111111111111111111111
11111111111111111111111111111111111111111111111111111111111111111111111111111111111111111111111111111111111111111111111111111111
11111111111111111111111111111111111111111111111111111111111111111111111111111111111111111111111111111111111111111111111111111111
11111111111111111111111111111111111111111111111111111111111111111111111111111111111111111111111111111111111111111111111111111111
11111111111111111111111111111111111111111111111111111111111111111111111111111111111111111111111111111111111111111111111111111111
11111111111111111111111111111111111111111111111111111111111111111111111111111111111111111111111111111111111111111111111111111111
11111111111111111111111111111111111111111111111111111111111111111111111111111111111111111111111111111111111111111111111111111111
11111111111111111111111111111111111111111111111111111111111111111111111111111111111111111111111111111111111111111111111111111111
11111111111111111111111111111111111111111111111111111111111111111111111111111111111111111111111111111111111111111111111111111111
11111111111111111111111111111111111111111111111111111111111111111111111111111111111111111111111111111111111111111111111111111111
11111111111111111111111111111111111111111111111111111111111111111111111111111111111111111111111111111111111111111111111111111111
11111111111111111111111111111111111111111111111111111111111111111111111111111111111111111111111111111111111111111111111111111111
11111111111111111111111111111111111111111111111111111111111111111111111111111111111111111111111111111111111111111111111111111111
11111111111111111111111111111111111111111111111111111111111111111111111111111111111111111111111111111111111111111111111111111111
11111111111111111111111111111111111111111111111111111111111111111111111111111111111111111111111111111111111111111111111111111111
11111111111111111111111111111111111111111111111111111111111111111111111111111111111111111111111111111111111111111111111111111111
11111111111111111111111111111111111111111111111111111111111111111111111111111111111111111111111111111111111111111111111111111111
11111111111111111111111111111111111111111111111111111111111111111111111111111111111111111111111111111111111111111111111111111111
11111111111111111111111111101111111111111111111111111111111111111111111111111111111111111111111111111111111111111111111111111111
11111111111111111111111111111111111111111111111111101111111111111111111111111111111111111111111111111111111111111111111111111111