11111111111111111111111111111111111111111111111111111111111111111111111111111111111111111111111111111111111111111111111111111111
11111111111111111111111111111111111111111111111111111111111111111111111111111111111111111111111111111111111111111111111111111111
11111111111111111111111111111111111111111111111111111111111111111111111111111111111111111111111111111111111111111111111111111111
11111111111111111111111111111111111111111111111111111111111111111111111111111111111111111111111111111111111111111111111111111111
11111111111111111111111111111111111111111111111111111111111111111111111111111111111111111111111111111111111111111111111111111111
11111111111111111111111111111111111111111111111111111111111111111111111111111111111111111111111111111111111111111111111111111111
11111111111111111111111111111111111111111111111111111111111111111111111111111111111111111111111111111111111111111111111111111111
11111111111111111111111111111111111111111111111111111111111111111111111111111111111111111111111111111111111111111111011111111111
11111111111111111111111111111111111111111111111111111111111111111111111111111111111111111111111111111111101111111111101111111111
11111111111111111111111111111111111111111111111111111111111111111111111111111110011111111111111111111111111111111111111111111111
11111111111111111111111111111111111111111111111111111111111111111111111111111110011111111111111111111111111111001111011111111111
11111111111111111111111111111111111111111111111111111111111111111111111111101111111111111111110011111111111111111111111111111111
11111111111111111111111111111111111111111111111111111111111111111111111111111111111111111111111011111111111111111110111111111111
11111111111111111111111111111111111111111111111111111111111111111111111111111111111111111111111111111111111111111110011111111111
11111111111111111111111111111111111111111111111111111111111111111111111111111111111111111111111111111111111111111111111111111111
11111111111111111111111111111111111111111111111111111111111111111111111111111111111111111111111111111111111111111111111111111111
11111111111111111111111111111111111111111111111111111111111111111111111111111111111111111111111111111111111111111111111111111111
11111111111111111111111111111111111111111111111111111111111111111111111111111111111111111111111110110110111111111111111111111111
11111111111111111111110111111111111111111101111110111111111011111111111111110000000111001110001110000000111001111111111111111111
11111111111111111111110011111111111111111101111000111111111010000011011100110000000111001110001110000000111001111111111111111111
11111111111111111111110011111111111111111101111000111111100000000011011100110000000111001110001110000000111001111111111111111111
11111111111111111111110011111111111111111101111000111111100000000011011100110000000111001110001110000000111001111111111111111111
11111111111111111111110011111111111111111101110000111111100000000011011100110000000111001110001110000000011000111111111111111111
11111111111111111111110011111111111111111101110000111111100000000011011100110000000111001110001110000000011000111111111111111111
11111111111111111111110110111111111111111101110000111111100000000011011100110000000111001110001110000000011000111111111111111111
11111111111111111111110110111111111111111101110000111111100000000011011100110000000111001110001110000000011000111111111111111111
11111111111111111111110110111111111111111101110000111111100000000011011100110000000111001110001110000000011000111111111111111111
11111111111111111111110110111111111111111101110000111111100000000011011100110000000111001110001110000000011000111111111111111111
11111111111111111111110110111111111111111101110000111111100000000011011100110000000111001110001110000000011000111111111111111111
11111111111111111111110110111111111111111101110000111111100000000011011100110000000111001110001110000000011000111111111111111111
11111111111111111111110110111111111111111101110000111111100000000011011100110000000111001110001110000000011000111111111111111111
11111111111111111111110110111111111111111101110000111111100000000011011100110000000111001110001110000000011000111111111111111111
11111111111111111111110110111111111111111101110000111111100000000011011100110000000111001110001110000000011000111111111111111111
11111111111111111111110110111111111111111101110000111111100000000111011100110000000111001110001110000000011000111111111111111111
11111111111111111111110110111111111111111101110000111111100000000111011100110000000111001110001110000000011000111111111111111111
11111111111111111111110110111111111111111101110000111111100000000111011100110000000111001110001110000000011000111111111111111111
11111111111111111111110110111111111111111101110000111111100000000011011100110000000111001110001110000000011000111111111111111111
11111111111111111111110110111111111111111101110000111111100000000011011100110000000111001110001110000000011000111111111111111111
11111111111111111111110110111111111111111101110000111111100000000011011100110000000111001110001110000000011000111111111111111111
11111111111111111110110110111111111111111101110000111111100000000011011100110000000111001110001110000000011000111111111111111111
11111111111111111110110110111111111111111101110000111111100000000011011100110000000111001110001110000000011000111111111111111111
11111111111111111110110110111111111111111101110000111111100000000011011100110000000111001110001110000000011000111111111111111111
11111111111111111110110110111111111111111101110000111111100000000011011100110000000111001110001110000000011000111111111111111111
11111111111111111110110110111111111111111101110000111111000000000011011100110000000111001110001110000000011000111111111111111111
11111111111111111111110110111111111111111101110000111111000000000011011100110000000111001110001110000000011000111111111111111111
11111111111111111111110110111111111111111101110000111111000000000011011100110000000111001110001110000000011000111111111111111111
11111111111111111111110110111111111111111101110000111111000000000011011100110000000111001110001110000000011000111111111111111111
11111111111111111111110110111111111111111101110000111111000000000011011100110000000111001110001110000000011000111111111111111111
11111111111111111111110110111111111111111101110000111111000000000011011100110000000111001110001110000000011000111111111111111111
11111111111111111111110110111111111111110001110000111111000000000011011100110000000111001110001110000000011000111111111111111111
11111111111111111111110110111111111111100001110000111111000000000011011100110000000111001110001110000000011000111111111111111111
11111111111111111111100110111111111011100001110000111111000000000011011100110000000111001110001110000000011000111111111111111111
11111111111111111111100110111111111011100001110000111111000000000011011100110000000111001110001110000000011000111111111111111111
11111111111111111111100110111111111011100001110000111111000000000011011100110000000111001110001110000000011000111111111111111111
11111111111111111111100110111111111011100001110000111111000000000011011100110000000111001110001110000000011000111111111111111111
11111111111111111111100110111111111011100001110000111111000000000111011100110000000111001110001110000000011000111111111111111111
11111111111111111111100110111111111011100001110000111111000000000111011100110000000111001110001110000000011000111111111111111111
11111111111111111111100110111111111011100001110000111111000000000111011100110000000111001110001110000000011000111111111111111111
11111111111111111111100110111111111011100001110000111111000000000111011100110000000111001110001110000000011000111111111111111111
11111111111111111011100110111111111011100001110000111111000000000111011100110000000011001110001110000000011000111111111111111111
11111111111111111011100110111111111011100001110000111111000000000111011100110000000011001110001110000000011000111111111111111111
11111111111111111011100110111111111011100001110000111111000000000111011100110000000011001110001110000000011000111111111111111111
11111111111111111011100110111111111011100001110000111111000000000011011100110000000011001110001110000000011000111111111111111111
11111111111111111011100110111111111011100001110000111111000000000011011100110000000011001110001110000000011000111111111111111111
11111111111111111011100110111111111011100001110000111111000000000011011100110000000011001110001110000000011000111111111111111111
11111111111111111001100110111111111011100001110000111111000000000011011100110000000011001110001110000000011000111111111111111111
11111111111111111001100110111111111011100001110000111111000000000111011100110000000011001100000110000000011000111111111111111111
11111111111111111001100110111111111011100001110000111111000000000111011100110000000011000100000110000000011000111111111111111111
11111111111111111001100110111111111011100001110000111111000000000111011100110000000011000100000110000000011000111111111111111111
11111111111111111001100110111111111011100001110000111111000000000111011100110000000011000100000110000000011000111111111111111111
11111111111111111001100110111111111011100011110000110111000000000111011100110000000011000100000110000000011000111111111111111111
11111111111111111001100110111111111011100011110000110111000000000111011100110000000011000100000110000000011000111111111111111111
11111111111111111001100110111011111011100011110000110111000000000111011100110000000011000100000110000000011000111111111111111111
11111111111111111001100110111011011011100011110000110111000000000111011100110000000011000100000110000000011000111111111111111111
11111111111111111001100000111011011011100011110000110111000000000111011100110000000011000100000110000000011000111111111111111111
11111111111111111000000000111011011011100011110000110111000000000111011100110000000011000100000110000000011000111111111111111111
11111111111111111000000000111011011011100011110000110111000000000111011100110000000011000110000110000000011000111111111111111111
11111111111111111000000000111011011011100011110000110111000000000111011100110000000011000100000110000000011000111111111111111111
11111111111111111000000000111011011011100011110000110111000000000111011100110000000011000100000100000000011000111111111111111111
11111111111111111000000000111011011011100011110000110111000000000011011100110000000011000100000100000000011000111111111111111111
11111111111111111000000000111011011011100011110000110111000000000011011100110000000011000100000100000000011000111111111111111111
11111111111111111000000000111011011011100011110000110111000000000011011100110000000011000100000100000000011000111111111111111111
11111111111111111000000000111011011011100011110000110111000000000011011100110000000011000100000100000000011000111111111111111111
11111111111111111000000000111011011011100011110000110111000000000011011100110000000011000100000100000000011000111111111111111111
11111111111111111000000000111011011011100011110000110111000000000011011100110000000011000100000100000000011000111111111111111111
11111111111111111000000000111011011011100011110000110111000000000011011100110000000010000100000100000000011000111111111111111111
11111111111111111000000000111011011011100011110000110111000000000011011100110000000010000100000100000000011000111111111111111111
11111111111111111000000000111011011011100011110000110111000000000011011100110000000010000100000100000000011000111111111111111111
11111111111111111000000000111011011011100011100000110111000000000011011100110000000010000100000100000000011000111111111111111111
11111111111111111000000000111011011011100011100000110111000000000011011100110000000010000100000100000000011000111111111111111111
11111111111111111000000000111011011011100011100000110111000000000011011100110000000010000100000100000000011000111111111111111111
11111111111111111000000000111011011011100011100000110111000000000011011100110000000010000100000100000000011000111111111111111111
11111111111111111000000000111011011011100011100000110111000000000011011100110000000010000100000100000000011000111111111111111111
11111111111111111000000000111011011011100011100000110111000000000011011100110000000010000100000100000000011000111111111111111111
11111111111111111000000000111011011011100011100000110111000000000011011100110000000010000100000100000000011000111111111111111111
11111111111111111000000000111011011011100011100000110111000000000011011100100000000010000100000100000000011000111111111111111111
11111111111111111000000000111011011011100011100000110111000000000011011100100000000010000100000100000000011000111111111111111111
11111111111111111000000000111011011011100011100000110111000000000011011100100000000010000100000100000000011000111111111111111111
11111111111111111000000000111011011011100011100000110111000000000011011100100000000010000100000100000000011000111111111111111111
11111111111111110000000000111011011011100011100000110111000000000011011000100000000010000100000100000000011000111111111111111111
11111111111111110000000000111111011011100011100000110111000000000011011000100000000010000100000100000000011000111111111111111111
11111111111111110000000000111111011011100011100000110111000000000011011000100000000010000100000100000000011000111111111111111111
11111111111111110000000000111111010011100011100000110111000000000011011000100000000010000100000100000000011000111111111111111111
11111111111111110000000000111111010011100011100000110111000000000011011000100000000010000100000100000000011000111111111111111111
11111111111111110000000000111111010011100011100000110111000000000011011000100000000010000100000100000000011000111111111111111111
11111111111111110000000000111111010011100011100000110111000000000011011000100000000010000100000100000000011000111111111111111111
11111111111111110000000000111111110011000011100000110111000000000011011000100000000010000100000100000000011000111111111111111111
11111111111111110000000000111111110011000011100000110111000000000011011000100000000010000100000100000000011000111111111111111111
11111111111111110001001101111111111111100011100000110111000000000011011000100000000010000100000100000000011000111111111111111111
11111111111111110001111111111111111111111111111101111111000000000111011100100000000010000100000100000000011000111111111111111111
11111111111111110001111111111111111111111111111111111111111100001111111101110000000111001100000110000000011000111111111111111111
11111111111111110001101111111111111111111111111111111111111110001111111111111111111111111111101110000000011000111111111111111111
11111111111111110001110111110111111001111001111100111110011110001111111111111111111111111111111111111111111000111111111111111111
11111111111111110001111111110011111011111001111101111110011110001111001111101111111111111111111111111111111000111111111111111111
11111111111111110011111111110111111011111001111101111100001110001110001111001111110111110001111101111110011000111111111111111111
11111111001111111111101111100111111011111101111110111100001110001110001111101111110111110001111100111100011000111111111111111111
11111111111111111111111111100011111111111111111110111110011110011110001111101111100111110101111100111111000000111011111111111111
11111111111111111111111111100011110111111111111110111110011111111110001111101111100011110101111100111111011000111101111111111111
11111111111111111111111111110111111111111001111110111110111111111110001111100111100011110101111110111110011000111100111111111111
11111111111111111111111111111111111111111111111101111111111111111110001111101111100011110001111110111110111111111101111111111111
11111111111111111111111111111111111111111111111111111111111111111111011111111111111011110001111110111100111111111011111111111111
11111111111111111111111111111111111111111111111111111111111111111111111111111111111111111011111111111100011111111111111111111111
11111111111111111111111111111111111111111111111111111111111111111111111111111111111111111111111111111111111111111111111111111111
11111111111111111111111111111111111111111111111111111111111111111111111111111111111111111111111111111111111111111111111111111111
11111111111111111111111111111111111111111111111111111111111111111111111111111111111111111111111111111111111111111111111111111111
11111111111111111111111111111111111111111111111111111111111111111111111111111111111111111111111111111111111111111111111111111111
11111111111111111111111111111111111111111111111111111111111111111111111111111111111111111111111111111111111111111111111111111111
11111111111111111111111111111111111111111111111111111111111111111111111111111111111111111111111111111111111111111111111111111111