00000111111111111111111110000011
00000001111111111111111100000001
00000000011111111111111000000001
00000000011111111111110000000001
10000000000111111111100000000011
11000000000011111111100000000111
11100000000011111111000000001111
11110000000000111110000000011111
11111000000000000000000000011111
11111100000000000000000000111111
11111110000000000000000001111111
11111111000000000000000011111111
11111111100000000000000111111111
11111111100000000000000111111111
11111111110000000000001111111111
11111111110000000000000111111111
11111111110000000000000111111111
11111111110000000000000111111111
11111111110000000000000111111111
11111111100000000000000011111111
11111111000000000000000001111111
11111110000000000000000001111111
11111100000000000000000000111111
11111000000000000000000000011111
11110000000001110000000000001111
11100000000011111110000000000111
11100000001111111111000000000011
11000000001111111111100000000001
10000000011111111111110000000000
10000000111111111111111000000000
10000001111111111111111100000000
10000001111111111111111111000000