11000000011111111111111111100000
10000000001111111111111111100000
10000000000111111111111111000000
10000000000011111111111111000000
10000000000011111111111111000000
10000000000001111111111111000000
10000000000000111111111111000000
10000000000000111111111111000000
00000000000000011111111111000000
10000000000000001111111111000000
10000000000000000111111111000000
10000001110000000111111111000000
10000001110000000011111111000000
10000001111000000001111111000000
10000001111100000000111111000000
10000001111110000000111111000000
10000001111110000000011111000000
10000001111111000000001111000000
10000001111111100000001111000000
10000001111111110000000110000000
00000001111111110000000000000000
00000001111111111000000000000000
00000001111111111100000000000000
00000001111111111100000000000000
00000001111111111110000000000000
00000001111111111110000000000000
00000001111111111111000000000000
00000001111111111111100000000000
00000001111111111111110000000000
10000001111111111111110000000000
10000011111111111111111100000000
11000111111111111111111110000001