11111111111111111111111111000111
10000000001111111111111000000001
10000000000011111111111000000000
10000000000011111111111000000000
10000000000000111111111000000000
10000000000000011111111000000000
10000000000000011111111000000000
00000000000000001111111000000000
00000000000000001111111000000000
00000000000000000111111000000000
00000000000000000011111000000000
00000000000000000011111000000000
00000000000000000001111000000000
00000000000000000000111000000000
00000000000000000000011000000000
00000000000000000000000000000000
00000000000000000000000000000000
00000000000000000000000000000000
00000000000000000000000000000000
00000000011111000000000000000000
00000000001111000000000000000000
00000000001111100000000000000000
00000000001111110000000000000000
00000000001111110000000000000000
00000000011111110000000000000000
00000000011111111000000000000000
00000000001111111000000000000000
00000000011111111000000000000000
10000000011111111100000000000000
10000000011111111110000000000000
10000000011111111111110000000000
11000000111111111111111100000000