11111111111111100011111111111111
11111111111111100011111111111111
11111000000000000000000000001111
11111000000000000000000000001111
11100000000000000000000000000011
11100000000000000000000000000011
11000000000000000000000000000001
11000000000000000000000000000001
10000000000000000000000000000000
00000000000000000000000000000000
00000000000000000000000000000000
00000000000000000000000000000000
00000000000000000000000000000000
00000000000000000000000000000000
00000000000000000000000000000000
00000000000000000000000000000000
00000000000000000000000000000000
00000000000000000000000000000000
00000000000000000000000000000000
00000000000000000000000000000000
00000000000000000000000000000000
00000000000000000000000000000000
00000000000000000000000000000000
10000000000000000000000000000000
10000000000000000000000000000000
10000000000000000000000000000000
10000000000000000000000000000000
10000000000000000000000000000000
11000000000000000000000000000001
11000000000000000000000000000001
11111000000000000000000000000111
11111000000000000000000000000111