11111111111111111111111100000111
11111111111111111111111100000111
11111111111111111111111100000111
11111111111000000000000000000000
11111111111000000000000000000000
11111111111000000000000000000000
11111111000000000000000000000000
11111111000000000000000000000000
11111000000000000000000000000000
11111000000000000000000000000000
11111000000000000000000000000000
11100000000000000000000000000000
11100000000000000000000000000000
11100000000000000000000000000000
10000000000000000000000000000000
10000000000000000000000000000000
00000000000000000000000000000000
00000000000000000000000000000000
00000000000000000000000000000000
00000000000000000000000000000000
00000000000000000000000000000000
00000000000000000000000000000000
00000000000000000000000000000000
00000000000000000000000000000000
00000000000000000000000000000000
00000000000000000000000000000000
11110000000000000000000000000000
11110000000000000000000000000000
11110000000000000000000000000000
11111111100000000000000000000000
11111111100000000000000000000000
11111111100000000000000000000000