11111111111011111110000011111111
11111111111011111110000011111111
11111100000000000000000000000011
11111100000000000000000000000011
11110000000000000000000000000001
11110000000000000000000000000001
11000000000000000000000000000001
11000000000000000000000000000001
11000000000000000000000000000000
11000000000000000000000000000000
10000000000000000000000000000000
10000000000000000000000000000000
00000000000000000000000000000000
00000000000000000000000000000000
00000000000000000000000000000000
00000000000000000000000000000000
00000000000000000000000000000000
00000000000000000000000000000000
00000000000000000000000000000000
00000000000000000000000000000000
00000000000000000000000000000000
00000000000000000000000000000000
10000000000000000000000000000000
10000000000000000000000000000000
10000000000000000000000000000001
10000000000000000000000000000001
11000000000000000000000000000011
11000000000000000000000000000011
11100000000000000000000000000111
11100000000000000000000000000111
11110000000000000000000000011111
11110000000000000000000000011111