11111111111111111111110000111111
11111111111111111111110000111111
11111111100000000000000000000011
11111111100000000000000000000011
11100000000000000000000000000011
11100000000000000000000000000011
11000000000000000000000000000001
10000000000000000000000000000001
10000000000000000000000000000001
00000000000000000000000000000000
00000000000000000000000000000000
00000000000000000000000000000000
00000000000000000000000000000000
00000000000000000000000000000000
00000000000000000000000000000000
00000000000000000000000000000000
00000000000000000000000000000000
00000000000000000000000000000000
00000000000000000000000000000000
00000000000000000000000000000000
10000000000000000000000000000000
10000000000000000000000000000000
10000000000000000000000000000000
11000000000000000000000000000000
11000000000000000000000000000000
11100000000000000000000000000000
11100000000000000000000000000000
11100000000000000000000000000000
11110000000000000000000000000001
11110000000000000000000000000001
11111111110000000000000000000011
11111111110000000000000000000011