11111111111111111110000111111111
11111111111111111110000111111111
11111000000000000000000000001111
11111000000000000000000000001111
11100000000000000000000000000001
11100000000000000000000000000001
11000000000000000000000000000001
11000000000000000000000000000001
11000000000000000000000000000000
11000000000000000000000000000000
10000000000000000000000000000000
10000000000000000000000000000000
10000000000000000000000000000000
10000000000000000000000000000000
00000000000000000000000000000000
00000000000000000000000000000000
00000000000000000000000000000000
00000000000000000000000000000000
00000000000000000000000000000000
00000000000000000000000000000000
10000000000000000000000000000000
10000000000000000000000000000000
10000000000000000000000000000000
10000000000000000000000000000000
10000000000000000000000000000000
10000000000000000000000000000000
11000000000000000000000000000000
11000000000000000000000000000000
11000000000000000000000000000000
11000000000000000000000000000000
11110000000000000000000000000001
11110000000000000000000000000001