11111111110000000000001111111111
11111110000000000000000000111111
11111100000000000000000000011111
11110000000000111000000000001111
11110000000111111111100000000111
11100000001111111111110000000011
11000000111111111111111000000001
11000000111111111111111100000001
11000000111111111111111110000000
10000001111111111111111110000000
10000001111111111111111110000000
10000001111111111111111110000000
10000001111111111111111110000000
00000001111111111111111110000000
00000001111111111111111110000000
00000001111111111111111110000000
00000001111111111111111110000000
00000001111111111111111110000000
00000001111111111111111110000000
00000001111111111111111110000000
00000001111111111111111110000000
00000001111111111111111110000001
10000000111111111111111110000001
10000000111111111111111100000001
11000000011111111111111100000001
11000000001111111111111000000011
11100000001111111111110000000011
11100000000001111111100000001111
11110000000001111111100000011111
11111110000000000000000001111111
11111111000000000000000001111111
11111111100000000000001111111111