11111111111100000000001111111111
11111110000000000000000000111111
11111000000000000000000000001111
11110000000111111111111000000111
11100000011111111111111100000011
11000000111111111111111100000011
11000000111111111111111110000011
11000000111111111111111111000001
11000000111111111111111111000001
10000001111111111111111111000000
10000001111111111111111111000000
10000001111111111111111111000000
10000001111111111111111111000000
10000001111111111111111111000000
10000001111111111111111111000000
10000001111111111111111111000000
00000001111111111111111111000000
10000001111111111111111111000000
10000011111111111111111111000000
10000011111111111111111111000000
10000001111111111111111111000000
10000001111111111111111111000000
10000001111111111111111111000000
10000001111111111111111111000000
11000000111111111111111110000000
11000000111111111111111110000001
11000000111111111111111100000011
11100000011111111111111000000011
11100000000111111111100000000111
11110000000000000000000000001111
11111100000000000000000000011111
11111110000000000000000001111111