11111111111111111111100000011111
11111111111111111000000000000011
11111111111110000000000000000000
11111111110000000000000000000000
11111111000000000000000000000000
11111100000000000000000000000000
11100000000000000000000000000000
11000000000000000000000000000000
00000000000000111110000000000000
00000000000011111111000000000000
10000000111111111111000000000000
11111111111111111111000000000000
11111111111111111111000000000000
11111111111111111111000000000000
11111111111111111111000000000000
11111111111111111111000000000000
11111111111111111111000000000000
11111111111111111111000000000000
11111111111111111111000000000000
11111111111111111111000000000000
11111111111111111111000000000000
11111111111111111111000000000000
11111111111111111111000000000000
11111111111111111111000000000000
11111111111111111111000000000000
11111111111111111111000000000000
11111111111111111111000000000000
11111111111111111111000000000000
11111111111111111111000000000000
11111111111111111111000000000000
11111111111111111111100000000001
11111111111111111111110000000111