11111111111111111100000011111111
11111111111111100000000000011111
11111111111000000000000000000011
11111111000000000000000000000000
11111110000000000000000000000000
11111000000000000000000000000000
11000000000000000000000000000000
00000000000000000000000000000000
00000000000000000000000000000000
10000000000000000000000000000000
11111111111111110000000000000000
11111111111111110000000000000000
11111111111111110000000000000000
11111111111111110000000000000000
11111111111111111000000000000000
11111111111111111000000000000000
11111111111111111000000000000000
11111111111111111000000000000000
11111111111111111000000000000000
11111111111111111000000000000000
11111111111111111000000000000000
11111111111111111000000000000000
11111111111111111000000000000000
11111111111111111000000000000000
11111111111111111000000000000000
11111111111111111000000000000000
11111111111111111000000000000000
11111111111111111000000000000000
11111111111111111000000000000000
11111111111111111000000000000000
11111111111111111100000000000001
11111111111111111110000000000011