11111111111111111111110000000001
11111111111111111100000000000000
11111111111110000000000000000000
11111111110000000000000000000000
11111110000000000000000000000000
11111100000000000000000000000000
11000000000000000000000000000000
10000000000000000000000000000000
00000000000000000000000000000000
00000000000011111000000000000000
10000000111111111100000000000000
11111111111111111100000000000000
11111111111111111110000000000000
11111111111111111110000000000000
11111111111111111110000000000000
11111111111111111110000000000000
11111111111111111110000000000000
11111111111111111110000000000000
11111111111111111110000000000000
11111111111111111110000000000000
11111111111111111110000000000000
11111111111111111110000000000000
11111111111111111110000000000000
11111111111111111110000000000000
11111111111111111110000000000001
11111111111111111110000000000001
11111111111111111110000000000001
11111111111111111100000000000001
11111111111111111100000000000011
11111111111111111100000000000011
11111111111111111110000000000111
11111111111111111111000000001111