11111111111111111111000000000111
11111111111111110000000000000001
11111111111110000000000000000000
11111111111000000000000000000000
11111110000000000000000000000000
11111000000000000000000000000000
11000000000000000000000000000000
10000000000000000000000000000000
00000000000000000000000000000000
10000000000000000000000000000000
11000000000011111110000000000000
11110000011111111111000000000000
11111111111111111111000000000000
11111111111111111111000000000000
11111111111111111111000000000000
11111111111111111111000000000000
11111111111111111111000000000000
11111111111111111111000000000000
11111111111111111111000000000000
11111111111111111111000000000000
11111111111111111111000000000000
11111111111111111111000000000000
11111111111111111111000000000000
11111111111111111111000000000000
11111111111111111111000000000000
11111111111111111111000000000000
11111111111111111111000000000000
11111111111111111111000000000000
11111111111111111111000000000000
11111111111111111111000000000000
11111111111111111111000000000000
11111111111111111111110000000001