11111111111111111111110000000111
11111111111111111100000000000000
11111111111110000000000000000000
11111111111000000000000000000000
11111110000000000000000000000000
11110000000000000000000000000000
11000000000000000000000000000000
10000000000000000000000000000000
00000000000000111100000000000000
00000000001111111110000000000000
11111111111111111110000000000000
11111111111111111110000000000000
11111111111111111110000000000000
11111111111111111110000000000000
11111111111111111111000000000000
11111111111111111111000000000000
11111111111111111111000000000000
11111111111111111111000000000000
11111111111111111111000000000000
11111111111111111111000000000000
11111111111111111111000000000000
11111111111111111111000000000000
11111111111111111111000000000000
11111111111111111111000000000000
11111111111111111111000000000000
11111111111111111111000000000000
11111111111111111111000000000000
11111111111111111111000000000000
11111111111111111111000000000000
11111111111111111111000000000000
11111111111111111111100000000001
11111111111111111111100000000111