11111111111111111111100001111111
11111111111111111110000001111111
11111111111111111000000011111111
11111111111111110000011111111111
11111111111111000000111111111111
11111111111100000011111111111111
11111111111000000011111111111111
11111111110000001111111111111111
11111111100000001111111111111111
11111111000000011111111111111111
11111110000000011111111111111111
11111000000000000111111111111111
11111000000000000000001111111111
11100000000000000000000111111111
11100000000000000000000001111111
11100000000000001111000000011111
11000000000111111111111000000111
11000000111111111111111110000011
10000011111111111111111110000001
10000011111111111111111111000000
10000011111111111111111111000000
10000111111111111111111111000000
00000111111111111111111111000000
10000111111111111111111111000000
11000011111111111111111111000000
11000011111111111111111100000000
11100011111111111111111000000001
11100000111111111111110000000001
11110000011111111111100000000111
11111000000000000000000000001111
11111110000000000000000000111111
11111111111000000000000001111111