11111111111111111111111100111111
11111111111111111110000000000011
11111111111111110000000000000000
11111111111111111100000000000000
11111111111111111110000000000000
11111111111111111111000000000000
11111111111111111111000000000011
11111111111111111111000000000011
11111111111111111111000000001111
11111111111111111110000000111111
11111111111111111110000001111111
11111111111111111110000111111111
11111111111111111111111111111111
11111111111111111111111111111111
11111111111000000111111111111111
11111111110000000111111111111111
11111111100000001111111111111111
11111111000000111111111111111111
11111110000001111111111111111111
11111100000011111111111111111111
11111000000111111111111111111111
11110000000111111111111111111111
11110000001111111111111111111111
11100000011111111111111111111111
11000000011111111111111111111111
11000000111111111111111111111111
11000000111111111111111111111111
00000001111111111111111111111111
00000001111111111111111111111111
00000001111111111111111111111111
00000001111111111111111111111111
00000001111111111111111111111111