11111111111100000000111111111111
11111110000000000000001111111111
11110000000000000000000011111111
11100000000000000000000000111111
11000000000000000000000000011111
11000000000000000000000000011111
11000000000000000000000000001111
11000000000000110000000000001111
11000000000001110000000000000111
11100000000001110000000000000111
11100000000000000000000000001111
11100000000000000000000000001111
11100000000000000000000000011111
11100000000000000000000000011111
11100000000000000000000000011111
11100000000000000000000000011111
11100000000000000000000000011111
11100000000000000000000000001111
11000000000000000000000000000011
11000000000001111100000000000011
10000000000111111110000000000001
00000000001111111111100000000001
00000000001111111111100000000000
00000000001111111111100000000000
00000000001111111111100000000000
10000000000111111110000000000000
11000000000001111100000000000001
11000000000000000000000000000011
11100000000000000000000000000111
11110000000000000000000000001111
11111100000000000000000001111111
11111111000000000000000111111111