11111111111110000000000001111111
11111111111100000000000000111111
11111111111110000000000000011111
11111000011111000000000000011111
11100000001111110000000000000111
11100000001111111100000000000011
11000000011111111100000000000001
11000000011111111110000000000000
10000000111111111110000000000000
10000000111111111111000000000000
10000000111111111111000000000000
00000000111111111111000000000000
00000000011111111111000000000000
10000000011111111111000000000000
11000000001111111110000000000000
11100000000111111100000000000000
11110000000011110000000000000000
11111000000000000000000000000000
11111100000000000000000000000000
11111110000000000000000000000001
11111111111111000000000000001111
11111111111111100000000000001111
11111111111111100000000000011111
11111111111111100000000000011111
11111111111111100000000011111111
11111111111111100000001111111111
11111111111111100000011111111111
11111111110011100000111111111111
11111111100001111111111111111111
11111110000001111111111111111111
11111110000001111111111111111111
11111110000011111111111111111111