11111111111110000000111111111111
11111111110000000000001111111111
11111100000000000000000001111111
11111000000000000000000000011111
11100000000000000000000000001111
11100000000000000000000000000111
11000000000000000000000000000011
10000000000001111110000000000011
00000000001111111111100000000001
00000000001111111111110000000000
00000000011111111111110000000000
00000000011111111111110000000000
00000000011111111111110000000000
10000000001111111111100000000000
11000000000011111110000000000001
11000000000000000000000000000001
11100000000000000000000000000011
11110000000000000000000000000111
11111100000000000000000000000111
11111111100000000000000000001111
11111111110000000000000000011111
11111111111000000000000000111111
11111111111100000000000000111111
11111111111100000000000011111111
11111111111100000000000111111111
11111111111100000000000111111111
11111111111100000000001111111111
11111111111000000000011111111111
11111111110000000000111111111111
11111111110000000001111111111111
11111111110000000111111111111111
11111111111000001111111111111111