11111111101111111111100111111111
11100000000000000000000000001111
11000000000000000000000000000111
11000000000000000000000000000111
11100000000000000000000000000111
11111000000000000000000000011111
11111111000000000000000111111111
11111111100000000000000111111111
11111111110000000000001111111111
11111111110000000000001111111111
11111111110000000000000111111111
11111111110000000000000111111111
11111111110000000000000111111111
11111111110000000000000111111111
11111111110000000000000111111111
11111111110000000000000111111111
11111111110000000000000111111111
11111111110000000000000111111111
11111111110000000000000111111111
11111111110000000000000111111111
11111111110000000000000111111111
11111111110000000000000111111111
11111111110000000000000111111111
11111111110000000000000111111111
11111111110000000000000111111111
11111111100000000000000111111111
11111111100000000000000001111111
11111100000000000000000000000111
11100000000000000000000000000000
10000000000000000000000000000000
10000000000000000000000000000000
11000000000000000000000000000011