11111110111111111111111111111111
11110000000111111111111111111111
11000000000111111111111100000001
10000000000011111111111000000000
10000000000001111111111000000000
10000000000001111111111000000000
10000000000000111111111000000000
10000000000000011111111000000000
00000000000000001111111000000000
00000000000000001111111000000000
00000000000000001111110000000000
00000000000000000011110000000000
00000000000000000011100000000000
00000000000000000011100000000000
00000000000000000000000000000000
00000000000000000000000000000000
00000000000000000000000000000000
00000000000000000000000000000000
00000000000000000000000000000000
00000000000111000000000000000000
00000000000111100000000000000000
00000000001111110000000000000000
00000000001111110000000000000000
00000000001111111000000000000000
00000000001111111000000000000000
00000000001111111100000000000000
00000000001111111110000000000000
00000000001111111110000000000000
00000000011111111111000000000000
00000000011111111111100000000000
11000000011111111111100000000011
11111111111111111111111000000111