11110001111111111111111111111011
11000000011111111111111111110001
10000000011111111111111111100000
00000000001111111111111111000000
00000000000111111111111111000000
00000000000011111111111111000000
00000000000011111111111111000000
00000000000001111111111111000000
00000000000001111111111111000000
00000000000000111111111111000000
00000000000000011111111111000000
00000000000000001111111111000000
00000001110000001111111111000000
00000001111000000111111111000000
00000011111100000011111111000000
00000011111110000001111111000000
00000011111110000001111111000000
00000011111111000000111111000000
00000011111111100000011111000000
00000011111111110000011110000000
00000011111111110000000000000000
00000011111111111000000000000000
00000011111111111100000000000000
00000011111111111110000000000000
00000011111111111111000000000000
00000011111111111111000000000000
00000011111111111111100000000000
00000011111111111111110000000000
10000011111111111111110000000000
10000011111111111111111000000001
11000111111111111111111100000001
11001111111111111111111110000011