11111111111110000000111111111111
11111111110000000000000111111111
11111100000000000000000000111111
11110000000000000000000000001111
11000000000011111111100000000111
11000000001111111111111100000111
10000000011111111111111111001111
10000000111111111111111111111111
00000000111111111111111111111111
00000000111111111111111111111111
10000000011111111111111111111111
11000000001111111111111111111111
11100000000011111111111111111111
11110000000000111111111111111111
11111110000000000111111111111111
11111111100000000000111111111111
11111111111110000000000011111111
11111111111111110000000000111111
11111111111111111110000000001111
11111111111111111111100000000111
11111111111111111111110000000011
11111111111111111111111100000001
11111111111111111111111100000000
11111111111111111111111100000000
11111111111111111111111100000000
10000011111111111111111100000000
00000000111111111111111000000000
10000000011111111111110000000001
11000000000111111111000000000111
11110000000000000000000000001111
11111100000000000000000011111111
11111111100000000000001111111111