10001111111111111111111111110111111001101111111111111111111101111111011111111111111111111111111111111111111111111111111111111111
10001111111111111111111111110111111001101111111111111111111101111111011111111111111111111111111111111111111111111111111111111111
10001111101111100011111011110111111000001111111111111111111100111111011111011111111111111111111111111000011111111111111111111111
10001111100111100001111011110111111000001111111111111111111000111111011111011111101111111111111111111000001111101111111111111011
10001111100111100001111011110111111000001111111111111111111000111111011111011111101111111111111111111000001111101111111111111011
10001111000111100001111011110111111000001111111111110011111000111111011110011111100111111111111001111000001111101111111111111011
10001111000111100001111001110111111000001111111111110011111000111111011110001111000111111111111001111000001111101111111111111001
10001111000111100001111001110111111000001111111111110011111000111111011110001111000111111111111001111000001111101111111111111001
10001111000111000001111001110111111000001111111111110001111000111110011110001111000111111111111001111000001111101111111111110001
10001111000111000000111001110111111000001111111111110001111000011110011110001111000111111111110000111000001111101111111111110001
10001111000111000000111001110111111000001111111111110001111000011110011110001111000111111111110000111000001111101111111111110001
10001111000111000000111001110111111000001111111111110001111000011110011110001111000111111111110000111000001111101111111111110001
10001111000111000000111001110111111000001111111111110001111000011110011100001111000111111111110000111000001111001111111111110001
10001111000011000000111001110111111000001111111111100001111000011110011100001111000111111111110000111000001111001111111111110001
10001111000011100000111001110111111000001111111111100001111000011110011100001111000111111111110000111000001111001111111111110001
11001111000011100000111001110111111111101111111111100001110010011110011100101111010111111111110000111000001111011111111111110101
11001111000011100000111001110111111111101111111111100001110010011110011100101110010011111111110000111000001111011111111111110101
11011111010011101100111001110111111111101111111111100101110011011110011101101110010011111111110000111101011111011111111111110101
11011110010011101100111001110111111111101111111111101101110011011110011101101110010011111111110000111111011111011111111111100101
11011110010011101100111001110111111111101111111111101101110011011110011101101110010011111111110000111111011111011111111111100101
11011110011011101110111001110111111111101111111111101101110011011110011101101110110011111111110110111111011111011111111111100101
11011110011011101110111001110111111111101111111111101101110111011110011101101110110011111111110110111111011111011111111111101100
11011110011011001110111001110111111111101111111111101101110111011110011101101110110011111111110110111111011111011111111111101100
11011110011011001110111001110111111111101111111111101101110111011101011101101110111011111111111110111111011111011111111111101110
11011110111011001110111001110111111111101111111111101101110111011101011101100110111011111111111110111111011111011111111111101110
11011110111011001110111001110111111111101111111111101101110111011101011101100110111011111111111110111111011111011111111111101110
11011110111011001110111001110111111111101111111111101101110111011101011101110110111011111111111110111111011111011111111111101110
11011110111011001110111001110111111111101111111111101101110111011101011101110110111011111111111110111111011111011111111111101110
11011110111011001110111001110111111111101111111111101101110111011101011101110110111011111111111110111111011111011111111111101110
11011110111011001110111001110111111111101111111111101101110111011101011101110110111011111111111110111111011111011111111111101110
11011110111011001110111001110111111111101111111111101101110111011101011101110110111011111111111110111111011111011111111111101110
11011110111111001110111001110111111111101111111111101101110111011101011101110110111011111111111110111110011110011111111111101110
11011110111111001110111000110111111111101111111111101101110111011101011101110110111011111111111110111110011110011111111111101110
11011110111111001110111000110111111111101111111111101101110111011101011111110110111011111111111110111110011110011111111111101110
11011110111111001110111000110111111111101111111111101101110111011101011111110110111011111111111110111110011110111111111111101110
11011110111111001110111000110111111111001111111111101101110111011101011111110110111011111111111110111110011110111111111111101110
11011110111111001110111000110111111111001111111111101101110111011101011111110110111011111111111110111110011110111111111111101110
11011110111111001110111000110111111111001111111111101101110111011101011111110110111011111111111110111110111110111111111111101110
11011110111111001110111000110111111111011111111111101101110111011111011111110110111011111111111110111110111110111111111111101110
11011110011111001110111000110111111111011111111111101101110111011111011111110110111011111111111110111110111110111111111111101110
11011110011111001110111000110111111111011111111111101101110111011111011111110110111011111111111110111110111110111111111111101110
11011110011111101110111010110111111111011111111111101101110111011111011111110110111011111111111110111110111110111111111111101110
11011110011111101110111010110111111111011111111111101101110111011111011111110110111011111111111110111110111110111111111111101110
11011110011111101110111010110111111111011111111111101101110111011111011111110110111011111111111110111110111110111111111111101110
11011110011111101110111010110111111111011111111111101101110111011111011111110110111011111111111110111110111110111111111111101110
11011110011111101110111010110111111111011111111111100101110111011111011111110110111011111111111110111100111110111111111111101110
11011110011111101110111010110111111111011111111111100101110111011111011111110110111011111111111110111100111110111111111111101110
11011111011111101110111010110111111111011111111111100101110111011111011111110110111011111111111110111100111110111111111111101110
11011111011111101110111010110111111111011111111111100001110111011111011101110110111011111111111110111100111110011111111111101110
11011111011111101110111010110111111111011111111111100001110111011111011101110110111011111111111110111100111110001111111111101110
11011111011111101110111010110111111111011111111111110001110111011111011101110110111011111111111110111100111110001111111111101110
11011111011111101110111010110111111111011111111111110001110111011111011101110110111011111111111110111100111110001111111111101110
11011111001111101110111010110111111111011110000011110001110111011111011101110110111011111111111110111100111100001111111111101110
11011111001111101110111010110111111111011110000011110001110111011111011101110110111011111111111110111100111100001111111111101110
11011111001111101100111010110111111111011110000011110001110111011111011101110110111011000001111110111100111100001111000011101110
11011111001111100000111010110111111110011110000011110001110111011111011101110110111011000001111110111100011100001110000011101110
11011111001111100000111010110111111110111110000011110011110111011111011101100110111011000001111110111100011100001110000011101110
11011111001111100000111010110111111110111110000011110011110111011111011101100110111011000001111110111100011100001110000011101110
11011111001111100000111010110111111110111110000011110011110111011111011101100110111011000001111110111100011100001110000011101110
11011111000111100000111010110111111110111110000011110011110111011111011101100110111011000001111100111100011100000110000011101110
11011111100111100000111010110111111110111110000011110011110111011111011101100110111011000001111100111100011100000110000011101110
11011111100111100000111010110111111110111110000011110001110111011111011101100110110011000001111100111100011100100110000011101110
11011111100111100000111010110111111110111110000011110001110111011111011101100110110011000001111100111100011100100110000011101100
11011111100111100000111010110111111110111110000011110001110111011111011101100110110011000001111100111101011100100110000011101100
11011111100111100000111010010111111110111110000011110001110111011111011101101110010011000001111100111111011100100110000011101100
11011111100111100000111010010111111110111110000011100001110111011111011100101110010011000001111100111111011100100110000011100100
11011111100111100000111010010111111110111110000011100001110111011111011100101110010011000001111101111111011100100110000011100100
11011111100111100000111010010111111110111110000011100001110111011111011100101110010011000001111101111111011101110110000011100100
11011111100111100000111010010111111110111110000011100001110111011111011100001110000011000001111101111111001101110110000011100100
11011111110111100000111011010111111110111110000011100101110111011111011100001110000011000001111001111111001101110110000011100101
11011111110111101100111011010111111110111111110111100101110111011111011100001111000011000001111001111111001101110110000011100001
11011111110011101110111011010111111110111111111111101101110111011111011100001111000011111111111001111111001101110111111111110001
11011111110011101110111011010111111110111111111111101101110111011111011100001111000011111111111001111111101101110111111111110001
11011111110011101110111011010111111110111111111111101101110111011111011100001111000111111111111001111111101101110111111111110001
11011111110011101110111011010111111110111111111111101101110111011111011110001111000111111111111011111111101101110111111111110001
11011111110011101110111011010111111110111111111111101101110111011111011110001111000111111111111011111111101101110111111111110001
11011111111011101110111011010111111110111111111111101101110111011111011110001111000111111111111011111111101101110111111111110001
11011111111011101110111011010111111110111111111111101101110111011111011110001111000111111111111011111111101101110111111111110001
11011111111011101110111011010111111110111111111111101100110111011111011110001111000111111111111011111111101101110111111111110001
11011111111011101110111011010111111110111111111111101110110111011111011110001111000111111111111011111111101101110111111111110001
11011111111011101110111011010111111110111111111111101110110111011111011110001111100111111111111011111111101101110111111111111001
11011111111011101110111011010111111110111111111111101110110111011111011111001111110111111111110011111111101101110111111111111001
11011111111011101110011011010111111110111111111111101110110111011111011111001111110111111111110011111111101101110111111111111001
11011111111011101110011011010111111110111111111111101110110111011111011111001111110111111111110011111111101101110111111111111101
11011111111011101110011011010111111101111111111111101110110111011111011111001111110111111111110011111111101101110111111111111101
11011111111011101110011011010111111101111111111111101110110111011111011111001111110111111111110011111111101101110111111111111101
11011111111011101110011011010111111101111111111111101110110111011111011111001111110111111111110111111111101101110111111111111101
11011111111011101110011011010111111101111111111111101110110111011111011111001111110111111111110111111111101101110111111111111101
11011111111011101110011011010111111101111111111111101110110111011111011111001111110111111111110111111111101101110111111111111101
11011111111011101110011011010111111101111111111111101110110111011111011111001111110111111111110111111111101101110111111111111101
11011111111011101110011011000111111101111111111111101110110111011111011111001111110111111111110111111111101101110111111111111101
11011111111011101110011011000111111101111111111111101110110111011111011111001111110111111111110111111111101101110111111111111101
11011111111011101110011011000111111101111111111111101110110111011111011111001111110111111111110111111111101101110111111111111101
11011111111011101110011011000111111101111111111111101110110111011111011111011111110111111111110111111111101101110111111111111001
11011111111011101110011011000111111101111111111111101110110111011111011111011111100111111111110111111111101101110111111111111001
11011110111011101110011011000111111101111111111111101110110111011111011111011111100111111111110111111111101101110111111111111001
11011110111011101110011011000111111101111111111111101110110111011111011111011111100111111111110111111111101101110111111111111011
11011110111011101110011011000111111101111111111111101110110111011111011111011111101111111111110111111111101101110111111111111011
11011110111011101110011011000111111101111111111111101110110111011111011111011111101111111111110111111111101101110111111111111011
11011110111011101110011011000111111101111111111111101110110111011111011111011111101111111111110111111111101101110111111111111011
11011110111011101110011011100111111101111111111111101110110111011111011111011111101111111111110111111111101101110111111111111011
11011110111011101110011011100111111101111111111111101110110111011111011111011111101111111111110111111111001101110111111111111011
11011110111011101110011011100111111101111111111111101110110111011111011111011111101111111111110111111111001101110111111111111011
11011110011011101110011011100111111101111111111111101110110111011111011111011111101111111111110111111111001101110111111111111011
11011110011011101110111011100111111101111111111111101101110111011111011111011111101111111111110111111111001101110111111111111011
11011110011011101110111011100111111101111111111111101101110111011111011111011111101111111111110111111111001100110111111111111011
11011110011011101110111011100111111101111111111111101101110111011111011111011111101111111111110111111111011100110111111111111011
11011110011011101110111011100111111101111111111111101101110111011111011110011111101111111111110111111111011100100111111111111011
11001110010011101110111011100111111101111111111111101101110011011111011110011111101111111111110111111011011100100111111111111011
11001111010011101110111011100111111101111111111111101101110011011111011110011111101111111111110111111011011100100111111111111011
11001111010011101110111011100111111101111111111111101101110011011111011110011111101111111111110011111010011100100111111111111011
11001111000011101110111011100111111101111111111111100101110010011111011110011111001111111111110000111010011100000111111111110011
11001111000011101110111011100111111101111111111111100101110010011111011110111111001111111111110000111010011100000111111111110011
11000111000011100000111011100111111101111111111111100001111000011111011110111111001111111111110000111000011110001111111111110011
10000111000011100000111011100111111101111111111111100001111000011111011110111111001111111111110000111000011110001111111111110011
10000111000011100000111011100111111101111111111111100001111000011111011110111111001111111111110000111000011110001111111111110111
10000111000111100000111011100111111101111111111111100001111000011111011110111111011111111111110000111000011110001111111111110111
10000111000111100000111011100111111101111111111111100001111000111111011110111111011111111111110000111000011110001111111111110111
10000111000111100000111011100111111101111111111111100001111000111111011110111111011111111111110000111000011110001111111111110111
10000111000111100000111011100111111101111111111111100001111000111111011110111111011111111111110000111000111110001111111111110111
10000111000111100000111011100111111101111111111111100001111000111111011110111111011111111111110000111000111110001111111111110111
10000111000111100000111011100111111101111111111111100001111000111111011100111111011111111111110000111000111110001111111111110111
10000111100111100001111011100111111101111111111111110001111000111111011100111111011111111111110000111000111110001111111111110111
10000111100111100001111011100111111101111111111111110011111000111111011100111111011111111111110000111000111110011111111111110111
10000111100111100001111011100111111101111111111111110011111000111111011100111111011111111111110000111000111110011111111111110111
10000111101111100001111011100111111101111111111111110011111000111111011100111111011111111111110000111101111111011111111111110111
11111111111111100111111111111111111101111111111111111011111101111111111101111111011111111111110111111111111111111111111111111111
11111111111111100111111111111111111101111111111111111011111101111111111101111111011111111111110111111111111111111111111111111111