11111111111111111111111111111001111000111101111111111111111111111111111111111111111111111111111111111100011111111110111111111111
11111111111111111111111111111001111000111101111111111111111111111111111111111111111111111111111111111100011111111110111111111111
11111111111111111111111111111001110000111101111111111000011111111100011100111100111110111111111111111100011100111110111111111101
11111111111111111111111111111001110000111101111111111000011111111100011100111100111110111111111111111100011100111110111111111101
11111111111111111111111111111001110000111001111111111000011111111100011100111100111110111111111111111000011100111110111111111101
11111111111111111111111111111001110000111000111111111000011111111100011100011100111110111111111110111000011100111110111111111100
11111111111111111111111111111001110000111000111111111000011111111100011100011100111110111111111110111000011100111110111111111100
11111111111111111111111111111001110000111000111111111000011111111100011100011100011110111111111110111000011100111110111111111100
11111111111111111111111111111001110000111000111111111000011111111100011100011100011110111111111110111000011100111110111111111100
11111111111111111111111111110001110000111000111111111000011111111000011100011100011110111111111110111000011100011110111111111100
11011111011111001111111111110001110000111000111111111000011111111000011100011100011110111111111110111000011100011110111111111100
11011111011111001111111111110001110000111000111111111000011111111000011100011100011110111111111110111000011100011110111111111100
10001111001110001111111111110000110000111000111111111000011111111000011100011100011110111111111110111000011100011110111111111100
10001111001110001111111111110000110000111000111111111000011111111000011100011100011110111111111110111000011100011110111111111100
10001111001110001111011111110000110000111000111111111000011111111000011100011100011110111111111110111000011000011110111111111100
10001111001110001111011111110000110000111000111111111000011111111000011100011100011110111111111110111000011000011110111111111100
10001111001110001111011111110000110000111000111111111000011111111000011100011100011110111111111110111000011000011110111111111100
10001111001110000110011111110000110000111000111111111000011111111000011000011100011110111111111110111000011000011100111111111100
10001111001110000110011111110000111000111000111111111000011111111000111000011100011110111111111110111100011000011100111111111100
10001110001110000110011111110000111100111000111111111110011111111001111000011100011110111111111110111110011000011100111111111000
10001110001110000110010111110000111100111000111111111110011111111001111000011100011110111111111110111110011000011100111111111000
10001110001110000110010111110000111100111000111111111110011111111001111001011101011110111111111110111110011000011100111111111000
10001110001110000110010111110000111100111000111111111110011111111001111001011001011110111111111110111110011000011100111111111000
10001110001110000110010111110100111100111010111111111110011111111001111001011001011110111111111110111110011000011100111111111000
10001110001110000110010111110110111100110010111111111110011111111001111001011001011110111111111110111110011000011100111111111000
10001110001110000110010111110110111100110010111111111110011111111001111001011001011110111111111100111110011000011100111111111000
11001110001110000110010111110110111100110010111111111110011111111001111001011001011110111111111100111110011000011101111111111000
11001110001110000110010111110110111100110010111111111110011111111001111001011001011110111111111100111110011000011101111111111000
11011110001110000110010111110110111100110010111111111110011111111001111001011001011110111111111100111110011001011101111111111000
11011110001110000110010111110110111100110010111111111110111111111001111011011001011100111111111100111110011001011101111111111000
11011110000110000110010111110110111100110010111111111110111111111001111011011001011100111111111100111110011001011101111111111000
11011110000110100110010111110110111100110010111111111110111111111001111011011011011100111111111100111110011001011101111111111000
11011110000110100110010111110110111100110010111111111110111111111001111011011011011100111111111100111110011001011101111111111000
11011110000110110110010111110110111100110010111111111110111111111001111011011011011100111111111100111110011001011101111111111000
11011110000110110110010111110110111100110010111111111110111111111001111011011011011100111111111100111110011000011101111111111000
11011110000110110110010111110110111100110010111111111110111111111001111011011011011100111111111100111110011000011101111111111000
11011110000110110110010111110110111100111010111111111110111111111001111011011011011100111111111100111110011000011101111111111000
11011110000110110110010111110110111100111010111111111110111111111001111011011011011100111111111100111110011000011101111111111000
11011110001110110110010111110110111100111010111111111110111111111001111011011011011100111111111100111110011000011101111111111000
11011110001110110110010111110110111100111010111111111110111111111001111011011011011101111111111100111110011000011101111111111000
11011110001110110110000111110110111100111000111111111110111111111001111011011011011101111111111100111110011000011101111111111000
11011110001110110110000111110110111100111000111111111110111111111001111011011011011101111111111100111110011000011101111111111000
11011110001110110110000111110110111100111000111111111110111111111000111011011011011101111111111100111110011000011000111111111000
11011110011110110110000111110110111101111000111111111110111111111000111011011011011101111111111100111110011100011000111111111000
11011110011110110110000111110110111101111000111111111110111111111000111011011011011101111111111100111110111100011000111111111000
11011110011110110110000111110110111101111000111111111110111111111000111011011011011101111111111100111110111100011000111111111000
11011110011110110110000111110110111101111000111111111110111111111000111011011011011101111111111100111110111100011000111111111000
11011110011110110110000111110110111101111000111111111110111111111000111011011011011101111111111100111110111100011000111111111000
11011110011110110110000111110110111101111000111111111110111111111000111011011011011101111111111100111110111100011000111111111100
11011110011110110110000111110110111101111000111111111110111111111000111011011011011101111111111100111110111100011000111111111100
11011110011110110110000111110110111101111000111111111100111111111000111011011011011101111111111100111110111100011000111100111100
11011110011110110110000111110110111101111000111111111100111111111000111011011011011101111111111100111110111100011000111100111100
11011110011110000110000111110110111101111000111110111100111111111000111011011011011101111110111100011110111100011000111000011100
11011110011110000110000111110110111101111000111110111100111111111000111011011011011101111110111100011110111100011000111000011100
11011110011110000110000111110110111101111000111000111100111000011000111011011011011101111100011100011110111100011000111000011100
11011110011110000110000111110100111101111000111000011100111000011000011011011011011101111100011100011110111100011000011000011100
11011110011110000110000111110100111101111000111000011100111000011000011011011011011101111100011100011110111100011000011000011100
11011110011110000110000111110100111101111000111000011100111000011000011011011011011100011100011100011110111100011000011000011100
11011110011110000110000111110100111101111000111000011100111000011100011011011011011100011100011100011110111100011000011000011100
11011110011110000110000111110100111001111000111000011101111000011100011011011011011100011100011100011110111100011000011000011100
11011110011110000110000111110000111001111000111000011101111000011100011011011011011100011000011100011110111100011000011000011100
11011110011110000110000111110000111001111000111000011101111000011110011011011011011100011100011100011110111100011000011000011110
11011110001110000110000111110000111001111000111000011101111000011110011011011011011100011000011000011110111100011000011000011110
11011111001110000110000111110000111001111000111000011101111000011110011011011011011100011000011000011110111100011000011000011110
11011111001110000110000111110000111001111000111000011101111000011110011011011011011100011000011000011110111100011000011000011110
11011111001110000110000111110000111001111000111000011101111000011110011011011011011100011000011000011110111100011000011000011110
11011111001110000110000111110000111001111000111000011101111000011110011011011011011100011100011001011110111100011000011000011110
11011111001110000110000111110000111001111000111000011101111000011110011011011011011100011100011001011100111000011000011000011110
11011111001110000110000111110000111001111000111000011101111000011110011011011011011100011100011001011100111000011000011000011110
11011111001110000110000111110000111001111000111000011101111000011111011011011011011100011100011001011100111000011001011000011110
11011111001110000110000111110000111001111000111000011101111000011111011011011011011100011100011001011100111000011001011000011110
11011111001110000110000111110000111001111000111000011101111000011111011011011011011100011100011001011100111000011011011000011110
11011111001110000110000111110000111001110000111000011101111000011111011011011011011100011100011001011100111000011011011000011110
11011111001110000110000111110000111011110010111000111101111000011111011011011011011100011110011001011100111000011011011111111110
11011111001110000110000111111000111011110010111111111101111111111111011011011011011000011111111001011101111000011011011111111110
11011111001110000110000111111000111011110010111111111101111111111111011011011011011000011111111001011101111000011011011111111110
11011111101110100110000111111000111011110010111111111101111111111111011011011011011000011111111001011101111001011011011111111110
11011111101110100110000111111000111011110010111111111101111111111111011011011011011000011111111001011101111001011011011111111110
11011111101110110110000111111000111011110010111111111101111111111111011011011011011000011111111001011101111001011011011111111110
11011111101110110110000111111001111011110010111111111101111111111111011011011011011000011111111001011101111001011011011111111110
11011111101110110110000111111001111011110010111111111101111111111111011011011011011000011111111001011101111001011011011111111110
11011111101110110110000111111001111011110010111111111101111111111111011011011011011000011111111011011101111011011011011111111110
11011111100110110110000111111001111011110010111111111101111111111111011011011011011000011111111011011101111011011011011111111110
11011111100110110110000111111001111011110010111111111101111111111111011011011011011000011111111011011101111011011011011111111110
11011111100110110110000111111001111011110010111111111101111111111111011011011011011000011111111011011101111011011011011111111110
11011111100110110110000111111001111011110010011111111101111111111111011011011011011000011111111001011101111011011011011111111110
11011111100110110110000111111001111011110010011111111101111111111111011011011011011000011111111001011101111011011011011111111110
11011111100110110110000111111001111011110010011111111101111111111111011011011011011000011111111001011101111011011011011111111110
11011111100110110110000111111001111011110010011111111101111111111111011011011011011000011111111001011101111011011011011111111110
11011111100110110110000111111001111011110010011111111101111111111111011011011011011000011111111001011101111011011011011111111110
11011110100110110110000111111001111011110010011111111101111111111111011011011011011000011111111001011101111011011011011111111110
11011110100110110110000111111001111011110010011111111101111111111111011011011011011000011111111001011101111011011011011111111110
11011110100110110110000111111001111011110010011111111101111111111111011011011011011000011111111001011101111011011011011111111110
11011110100110110110000111111001111011110010011111111101111111111111011011011011011000011111111001011101111011011011011111111110
11011110100110110110100111111001111011110010011111111101111111111111011011011011011000011111111001011101111011011011011111111110
11011110100110110110100111111001111011110010011111111101111111111111011011011001011000011111111001011101111011011011011111111110
11011110100110110110100111111001111011110010011111111101111111111111011011011001011100011111111001011101111011011011011111111110
11011110100110110110100111111001111011110010011111111101111111111110011001011001011100011111111001011101111001011001011111111110
11011110100110110110100111111001111011110010011111111101111111111110011001011001011100011111111001011101111001011001011111111110
11011110100110110110110111111001111011110010011111111101111111111110011001011001011100011111111001011101111001011001011111111110
11011110100110100110110111111001111011110010011111111101111111111110011001011001011100011111111001011101111001011000011111111110
11011110100110100110110111111001111011110010011111111101111111111110011001011001011110011111111101011101111001011000011111111110
11011110100110100110110111111001111011110010011111111101111111111110011001011001011110011111111101011101111000011000011111111110
11011110100110100110110111111001111011110010111111111101111111111110011001011101011110011111111101011101111000011000011111111110
10011110001110100110110111111001111011110010111111111101111111111110011001011101011111011111111101011101111000011000011111111110
10011110001110000110110111111001111011110010111111111101111111111110011001011101011111011111111100011101111000011000011111111110
10011110001110000110110111111001111011110010111111111101111111111110011001011101011111011111111100011101111000011000011111111110
10011110001110000110110111111001111011110000111111111101111111111100011000011100011111011111111100011101111000011000011111111110
10011110001110000110110111111011111011110000111111111101111111111100011000011100011111011111111100011101111000011100011111111110
10011110001110000110110111111011111011110000111111111101111111111100011000011100011111011111111100011101111000011100011111111110
10001110001110000110110111111011111011110000111111111101111111111100011000011100011111011111111100011101111000011100011111111110
10001110001110000110110111111011111011111000111111111101111111111100111100011100011111011111111100011101111100011100011111111110
10001110001110000110110111111011111011111000111111111101111111111100111100011100011111011111111100011101111100011100011111111110
10001110001110000110110111111011111011111000111111111101111111111100111100011100011111011111111100011101111100011100011111111110
10001110001110000110110111111011111011111000111111111101111111111000111100011100011111011111111100011101111100011100011111111110
10001110001110000110110111111011111011111000111111111101111111111000111100011100011111011111111100011101111100011100011111111110
10001110001110000110110111111011111011111000111111111101111111111000111100011100011111011111111100011101111100011100111111111110
10001110001110000110110111110011111011111000111111111101111111111000111100011100011111011111111100011101111100011100111111111110
10001110001110000110110111110011111011111000111111111101111111111000111100011100011111011111111100011101111100011100111111111110
10001110001110000110110111110011111011111000111111111101111111111000111100011100011111011111111100111101111100011100111111111110
10001110001110000110110111110011111011111000111111111101111111111000111100011100011111011111111100111101111100011100111111111110
10001110001110001110110111110011111011111000111111111101111111111001111100011100011111011111111100111101111100111100111111111110
10001110001110001110110111110011111011111000111111111101111111111001111100011100011111011111111100111101111100111100111111111110
10011111001110001111110111110011111011111000111111111101111111111001111100011100111111011111111110111111111100111110111111111111
10011111011110001111110111111111111011111101111111111111111111111101111100111110111111111111111110111111111110111111111111111111
10011111011110001111110111111111111011111101111111111111111111111101111100111110111111111111111110111111111110111111111111111111
11111111111111111111111111111111111111111101111111111111111111111111111111111111111111111111111111111111111111111111111111111111
11111111111111111111111111111111111111111101111111111111111111111111111111111111111111111111111111111111111111111111111111111111