11011110111100011110110111111111111111111111111111111111111111111111111111111111111111111111111111111111111111111111111111111111
11011110111100011110110111111111111111111111111111111111111111111111111111111111111111111111111111111111111111111111111111111111
10011110011100011110110111111111111111111111111111111000111111111000111001111111111110111111111111111111111111111111111111111111
10011110011100011110110111111111111111111111111111111000111111111000111001111111111110111111111111111111111111111111111111111111
10011110011100011110110111111101110000111101111111110000111111111000111000111000111110111111111111111111111101111000111111111111
10011110011100011110110111111101110000111101111111110000111111111000111000111000111110111111111111111011111101111000111111111111
10011100011100011110110111111001110000111001111111110000111111111000111000111000111110111111111101111000110000111000111111110000
10011100011100011110110111111001110000111000111111110000111111111000111000111000111110111111111101110000110000111000111111110000
10011100011100011110110111111001110000111000111111110000111111111000111000111000111111111111111101110000110000111000111111110000
10011100011100001110110111111001110000111000111111110000111111111000111000111000111101111111111001110000110000111000111111110000
10011100011100001110110111111001110000111000111111110000111111111000111000111000111101111111111001110000110000111000111111110000
10011100011100001110110111111001110000111000111111110000111111111000111000111000111101111111111001110000110000111000111111110000
10011100011100001110110111111000110000111000111111110000111111111000111000111000111101111111111000110000110000111000111111110000
10011100011100001110110111111000110000111000111111110000111111111000111000111000111101111111111000110000110000111000111111110000
10011100011100001110110111111000110000111000111111110000111111111000111000111000111101111111111000110000110000111000111111110000
10011100011101001110110111111000110000111000111111111000111111111000111000111000111101111111111000110000110000111000111111110000
10011100011101001110110111111000110000111000111111111000111111111000111000111000111101111111111000110000110000111000111111110000
11011101011101101110110111111000110000111000111111111000111111111000111000111000111101111111111000110000110000111000111111110000
11011101011101101110110111111000110000111000111111111000111111111000111000111000111101111111111000110000110000111000111111110000
11011101011101101110110111111000110000111000111111111000111111111000111000111000111101111111111000110000110000111000111111110000
11111101011101101110110111111000111110111010111111111110111111111011111110111110111101111111111000111110111110111000111111110000
11111101011101101110110111111000111110111010111111111110111111111011111110111110111101111111111000111110111110111000111111110000
11111101111101101110110111111010111110111010111111111110111111111011111110111110111101111111111010111110111110111011111111111110
11111101111101101110110111111010111110111010111111111110111111111011111110111110111101111111111010111110111110111011111111111110
11111101101101101110110111110010111110111010111111111110111111111011111110111110111101111111111010111110111110111011111111111110
11111101101101101110110111110110111110111010111111111110111111111011111110111110111101111111111010111110111110111111111111111110
11111101101101101110110111110110111110111010111111111110111111111011111110111110111101111111111010111110111110111111111111111110
11111101101101101110110111110110111110111010111111111110111111111011111110111110111101111111111010111110111110111111111111111110
11111101101101101110110111110110111110111010111111111110111111111011111110111110111101111111111010111110111110111111111111111110
11111101101101101110110111110110111110111010111111111110111111111011111110111110111101111111111010111110111110111111111111111110
11111101101101101110110111110110111110111010111111111110111111111011111110111110111111111111111110111110111110111111111111111110
11111101101101101110110111110110111110111010111111111110111111111011111110111110111111111111111110111110111110111111111111111110
11111101101101101110110111110110111110111010111111111110111111111011111110111110111111111111111110111110111110111111111111111110
11111101101101101110010111110110111110111010111111111110111111111011111110111110111011111111111110111100111110111111111111111110
11111101101101101110010111110110111110111010111111111110111111111011111110111110111011111111111110111101111110111111111111111110
11111101101101101110010111110110111110111010111111111110111111111011111100111101111011111111111110111101111110111111111111111111
11111101101101101110010111110110111110111010111111111110111111111011111100111101111011111111111110111101111110111111111111111101
11111101111101101110010111110110111110111010111111111110111111111011111101111101111011111111111110111101111110111111111111111101
11111101111101101110010111110110111110111010111111111110111111111011111101111101111011111111111110111101111110111111111111111101
11111101111101101110010111110110111110111010111111111110111111111011111101111101111011111111111110111101111110111111111111111101
11111101111101101110010111110110111110111010111111111110111111111011111101111101111011111111111010111101111111111011111111111101
11111101111101101110010111110110111110111010111111111110111111111011111101111101111011111111111010111101111101111011111111111101
11111101111101101110010111110110111110111010111111111110111111111011111101111101111011111111111010111101111101111011111111111101
11111101111101101110010111110110111110111010111111111110111111111001111101111101111011111111111010111101111101111011111111111101
11111101111101101110010111110110111111111010111111111110111111111001111101111101111011111111111010111101111101111011111111111101
11111101111101101110010111110110111101111010111111111100111111111001111101111101111011111111111010111101111101111011111111111101
11111101111101101110010111110110111101111010111111111101111111111001111101111101111011111111111010111101111101111011111111111101
11111101111101101110010111110110111101111010111111111101111111111001111101111101111011111111111010111101111101111001111111111101
11111101111101101110010111110110111101111000111111111101111111111001111101111101111011111111111010111101111101111001111111111101
11111101111101101110010111110110111101111000111111111101111111111001111101111101111011111111111010111101111101111001111111111101
11111100111101101110010111110110111101111000111111111101111111111001111101111101111001111111111000111101111101111001111111111101
11111100111101101110010111110110111101111000111111111101111111111001111101111101111001111111111000111101111101111001111111111101
11111100111101001110010111110110111101111000111000111101111001111000111101111101111001111111111000111101111101111001111111111101
11111100111100001110010111110110111101111000111000111101111000111000111100111100111000111000111000111101111101111001110011111101
11111100111100001110010111110110111101111000111000111101111000111000111100111100111000111000111001111101111101111001110011111101
11111100111100001110010111110110111101111000111000111101111000111000111100111100111000111000111001111101111101111001110000111101
11111100111100001110010111110110111101111001111000111101111000111000111100111100111000111000111001111101111101111001110000111101
11111100011100001110010111110110111101111001111000111101111000111000111100111100111000111000111001111101111101111001110000111101
11111110011100001110010111110110111101111001111000111101111000111000111100111100111000110000111001111101111101111001110000111101
11111110011100001110010111110110111101111001111000111101111000111110111100111100111000110000111001111100111101111000110000111111
11111110011100001110010111110010111101111001111000111101111000111110111100111100111000110000111001111100111101111100110000111111
11111110011100001110010111110010111101111001111000111101111000111110111100111100111000110000111001111100111101111100110000111111
11111110011100001110010111110010111101111001111000111101111000111110111100111100110000110000111001111100111101111100110000111011
11111110011100001110010111110010111101111001111000111101111000111110111100111100110010110000111001111100111101111100110000111011
11111110011100001110010111110010111101111000111000111101111000111110111100111110110010110000111001111100111101101110110000111011
11111110011100001110010111110000111101111000111000111101111000111110111100111110110010110000111000111100111101101110110000111011
11111110011100001110110111111000111101111000111000111101111000111110111110111110110010110000111000111110111101101110110000111011
11111110011100001110110111111000111101111000111000111101111000111110111110111110110010110000111000111110111101101110110000111011
11111111011100101110110111111000111101111000111001111101111111111110111110111110110010111000111000111110111111101110110000111011
11111111011101101110110111111000111101111010111111111101111111111110111110111110110010111111111000111110111111101110110001111011
11111111011101101110110111111000111101111010111111111101111111111110111110111110110010111111111000111110111111101110110001111011
11111111011101101110110111111000111111111010111111111101111111111110111110111110110110111111111010111110111111101110111111111011
11111111011101101110110111111000111111111010111111111101111111111110111110111110110110111111111010111110111111101110111111111011
11111111011101101110110111111000111111111010111111111111111111111110111110111110110110111111111010111110111111101110111111111011
11111111001101101110100111111000111111111010111111111111111111111110111110111110110110111111111010111110111011101110111111111011
11111111001101101110100111111000111111111010111111111111111111111110111111111111110110111111111010111110111011101110111111111011
11111111001101101110100111111000111111111010111111111111111111111110111111111111110110111111111010111110111011111110111111111011
11111111001101101110100111111000111111111010111111111111111111111110111111111111110110111111111010111110111011111110111111111011
11111111101101101110100111111000111111111010111111111111111111111110111111111111110111111111111010111110111011111110111111111011
11111111101101101110100111111000111111111010111111111111111111111110111111111111110111111111111010111110111011111110111111111011
11111111101101101110100111111000111111111010111111111111111111111110111111111111110111111111111010111110111011111110111111111011
11111111101101101110100111111100111111111110111111111111111111111110111111111111110111111111110110111110111011111110111111111011
11111111101101101110100111111100111011110110111111111111111111111110111111111111110111111111110110111110111011111110111111111011
11111111101101101110100111111100111011110110111111111111111111111110111111111111110111111111110110111110111011111110111111111011
11111111101101101110100111111100111011110110111111111011111111111110111111111111110111111111110110111110111011111110111111111011
11111111101101101110100111111100111011110110111111111011111111111110111111111111110111111111110110111110111011111110111111111011
11111111101101101110100111111100111011110110111111111011111111111110111111111111110111111111110110111110111011111110111111111011
11111111101101111110100111111100111011110111111111111011111111111110111111111111110111111111110110111110111011111110111111111011
11111111101101111110100111111100111011110111111111111011111111111110111111111111110111111111110110111110111011111110111111111011
11111111101101111110100111111100111011110111111111111011111111111110111111111111110111111111110110111110111011111110111111111011
11111111101101111110100111111100111011110111111111111011111111111110111111111111110111111111110110111110111011111110111111111011
11111111101101111110100111111100111011110111111111111011111111111110111111111111110110111111110110111110111011111110111111111011
11111111101101111110100111111101111011110111111111111011111111111110111111111111110110111111110110111110111011111110111111111011
11111111101101101110100111111101111011110111111111111011111111111110111111111111110110111111110110111110111011111110111111111011
11111101101101101110100111111101111011110111111111111011111111111110111111111111110110111111110110111110111011111110111111111011
11111101101101101110100111111101111011110111111111111011111111111110111111111111110110111111110110111110111011111110111111111011
11111101101101101110100111111101111011110111111111111011111111111110111111111110110110111111110110111110111011111110111111111011
11111101101101101110100111111101111011110111111111111011111111111110111111111110110110111111110110111110111011111110111111111011
11111101101101101110100111111101111011110111111111111011111111111110111110111110110110111111110110111110111011111110111111111011
11111101101101101110100111111101111011110110111111111011111111111110111110111110110110111111110110111110111011111110111111111011
11111101101101101110100111111101111011110110111111111011111111111110111110111110110110111111110110111110111011111110111111111011
11111101101101101110100111111101111011110110111111111011111111111110111110111110110110111111110110111110111011111110111111111011
11111101101101101110100111111101111011110110111111111011111111111110111110111110110110111111110110111110111011111110111111111011
11111101101101101110100111111101111011110110111111111011111111111110111110111110110010111111110110111110111011111100111111111011
11111101101101101110100111111101111011110110111111111011111111111110111110111110111010111111110110111110111011111100111111111011
11111101101101101110100111111101111011110010111111111011111111111100111110111110111010111111110110110110111011111101111111111011
11011101101101101110100111111101111011110010111111111011111111111100111110111110111010111111110110110110111011111101111111111011
11011101101101101110100111111101111011110010111111111011111111111100111110111110111010111111110110110110111011111101111111111011
11011101101101101110100111111101111011110010111111111011111111111100111000111100111010111111110010110100111011111101111111111011
11011101101101101110110111111101111011110010111111111011111111111100111000111100111010111111110010110100111011111101111111111011
10011101001100001110110111111101111011111010111111111011111111111001111000111000111000111111110010110000111011101001111111111011
10011100001100001110110111111101111011111000111111111011111111111001111000111000111000111111110010110000111011101001111111111011
10011100011100001110110111111101111011111000111111111011111111111001111000111000111000111111111010110000111011101001111111111011
10011100011100001110110111111001111011111000111111111011111111111001111000111000111000111111111000110000111011101001111111111011
10011100011100001110110111111011111011111000111111111011111111111001111000111000111000111111111000110000111011101001111111111011
10011100011100001110110111111011111011111000111111111011111111111001111000111000111000111111111000110000111011101001111111111011
10011100011100001110110111111011111011111000111111111011111111111001111000111000111000111111111000110000111011101001111111111011
10011100011100001110110111111011111011111000111111111011111111111001111000111000111000111111111000110001111011101001111111111011
10011100011100001110110111111011111011111000111111111011111111111001111000111000111000111111111000110001111011101001111111111011
10011100011100001110110111111011111011111000111111111011111111111001111000111001111001111111111000110001111011101011111111111011
10011100011100001110110111111011111011111000111111111011111111111001111000111001111001111111111000110001111011101011111111111011
10011100011100001110110111111011111011111000111111111111111111111011111001111001111001111111111000111001111011111011111111111011
10011110011100011110110111111011111011111000111111111111111111111011111001111001111101111111111000111001111011111011111111111011
10011110011100011110110111111011111011111000111111111111111111111011111001111001111101111111111000111001111011111011111111111011
10011110011100011110110111111011111011111001111111111111111111111011111101111001111111111111111001111001111111111011111111111111
10011110011100011110110111111011111011111001111111111111111111111011111101111001111111111111111001111001111111111011111111111111
10011110111101111111110111111011111111111101111111111111111111111111111111111111111111111111111101111111111111111111111111111111
10011110111101111111110111111011111111111101111111111111111111111111111111111111111111111111111101111111111111111111111111111111