11111111111111111111111111111111111111111111111111111111111111111111111111111111111111111111111111111111111111111111111111111011
11111111111111111111111111111111111111111111111111111111111111111111111111111111111111111111111111111111111111111111111111111011
11111111111111111111111111111111111111111111111111111111011111110111111111111100111111111111111111111010111111111111111111110011
11111111111011111111111111111111100111111111111101111110011111100111111111111100111111111111111111110000111111111111111111110011
11111111111011111111111111111111100111111111111101111110011111100111111111111100111111111111111111110000111111111111111111110011
11101111100011111101111111111111000111111111111101111110011111000111111111111100111111111111100111110000111111111111111111110011
11001111100001111001111111111111000111111111111001111110011111000111111111111100111111111111000111110000111111111111111111100001
11001111100001111001111111111111000111111111111001111110011111000111111111111100111111111111000111110000111111111111111111100001
11001111100001111001111111111111000111111111111000111110011111000011111111111100111111111111000011110000111111111111111111100001
11000111100001111001111111111111000111111111111000111110001111000011111111111000011111111111000011110000111110111111111111100001
11000111100001111001111111111111000111111111111000111110001111000011111111111000011111111111000011110000111110111111111111100001
11000111100001111000111111111111000111111111111000111100001111000011111111111000011111111111000011110000111110111111111111100001
11000111100001111000111111111111000111111111111000111100001111000011111111111000011111111111000011110000111110111111111111100001
11000111100001111000111111111111000111111111111000111111001111000011111111111000011111111111000011110000111110111111111111100001
11000111100001111000111111111111000111111111111000111111001111100011111111111010011111111111000111111000111110111111111111100001
10000111100001111000111111111111000111111111111000111111001111100011111111111010011111111111000111111000111110111111111111100001
10000111110001111000111111111111000111111111111000111111001111100011111111111010011111111111001111111000111110111111111111100001
10000111110001110000111111111111100111111111110100111111001111100011111111111010011111111111001111111000111110111111111111100001
10000111110001110000111111111111100111111111110100111111001111100011111011111010011111111111001111111000111110111111111111100001
10000111111001110000111111111111100111111111110100111111001111100011111111111010011111111111001111111100111110111111111111100001
10000111111001110000111111111111100111111111110100111111101111110011110111111110011111111111011111111100111110111111111111001001
10000111111001110000111111111111100111111111110100111111101111110011110111110110011111111111011111111100111110111111111111001001
10010111111001110000111111111111100111111111110110111111101111110011110111110111011111111111011111111100111110111111111111001101
10110111111001110100111111111111110111111111110110111111101111110011110111110111011111111111011111111100111110111111111111001101
10110111111001110100111111111111110111111111110110111111101111110011110111110111011111111111011111111100111100111111111111001101
10110111111001110110111111111111110111111111110110111111101111110011110111110111011111111111011111111100111100111111111111001101
10110111111011110110111111111111110111111111110110111111101111110111110111110111011111111111011111111100111100111111111111001100
10110111111011110110111111111111110111111111110110111111101111110111110111110111011111111111011111111100111100111111111111001100
10110111111011110110111111111111110111111111110110111111101111110111110111110111011111111111011111111100111100111111111111001100
10110111111111110110111111111111110111111111110110111011101111110111110111110111011111111111011111111100111100111111111111001100
10110111111111110110111111111111110111111111110110111011101111110111110111110111011111111111011111111100111100111111111111001100
10110111111111110110111111111111111111111111110110111011101111110111110111110111011111111111011111111100111100111111111111001100
10111111111111110111111111111111111111111111110110111011101111110111110111110111011111111111011111111100111100111111111111001100
10111111111111110111111111111111111111111111110010111011101111110111110111110111011111111111001111111100111100111111111111001100
10111111111111110111111111111111111111111111110010111011101111110111110111110111011111111111001111111100111100111111111111001100
10111111111111110111111111111111111111111111110010111011101111111111110111110111011111111111001111111100111100111111111111001100
10111111111111110011111111111111111111111111110010111011101111111111100111110111011111111111001111111100111100111111111111001100
10111111111111110011111111111111111111111111110010111011101111111111100111110111011111111111001111111101111100111111111111001100
10111111111111110001111111111111111111111111110010111011101111111111100011110111011111111111001111111101111100111111111111001100
10111111111111110001111111111111111111111111110000111011101111111111100011110111011111111111001111111101111100111111111111001100
10111111111111110001111111111111111111111111110000111011101111111111100011110111011111111111001111111101111100111111111111001100
10111111111111110000111111111111111111111111110000111011101111111111100011110111011111111111001111111101111100111111111111001100
10111111111111110000111111111111111111111111110000111011101111111111100011110111011111111111001111111101111100111111111111001100
10111111111111110000111111111111111111111111110000111011101111111111100011110111011111111111001111111101111100111111111111001100
10111111111111110000111111111111111111111111110000111011101111111111100011110111011111111111000111111101111100111111111111001100
10110011111111110000111111111111111111111111110000111011101111111111100011110111011111111111000111111101111000111111111111001100
10110011111111110000111111111111111111111111110000111011101111111111100011110111011111111111000111111101111000111111111111001100
10110011111111110000111111111111111111111111110000111011101111111111100011110111011111111111000111111101111000011111111111001100
10110011111111110000111111111111111111111111110000111011101111111111100011110011011111111111000111111101111000011111111111001100
10110111111111110000111111111111111111111111110000111011101111111111100011110011011111111111000111111101111000011111111111001100
10110111111111110000111111111111111111111111110000111011101111111111100011110011011111111111000111111111111000011111111111001100
10110111111111110000111111111111111111111011110000111011101111111111100011110011011111101111000111111111111000011110000111001100
10110111111111110000111111111111111111111011110000111011101111111111100011110011011111101111000111111111111000011110000111001100
10110111111111110000111111011111111111100011111000111011101111111111100001110011011100001111100111111111111000011110000111001100
10110111111111110000111100011111111111100011111000111011101111111111100001110011011100001111100111111011111000011110000111001100
10110111111111111000111100011111111111100011111000111011101111111111100001110011011100001111100111111011111000011110000111001100
10110111111111111000111100011111111111100011111000111011101111111111100001110011011100001111100011111011111000011110000111001100
10110111111111111000111100011111111111100011111000111011101111111111100001110010011100001111100011111011111000011110000111001000
10110111111111111000111100011111111111100011111000111011101111111111100001110010011100001111110011111011111000011110000111001000
10010111111111111000111100011111111111000001111000111011101111111111100001110010011100001111110011111011111000011110000111001000
10000111111111111000111100011111111111000001111000111011101111111111100001110000011100001111110011111011111000001110000111000000
10000111111111111000111100011111111111100001111000111011101111111111100001111000011100001111110011111011111000001110000111000000
10000111111111111000111100011111111111100001111000111011101111111111100001111000011100001111110011111011111000001110000111100001
10000111111111111000111100001111111111100001111000111011101111111111100001111000011100001111110011111011111000001110000111100001
10000111111111111000111100001111111111100001111000111011101111111111101001111000011100001111110011111011111001001110000111100001
10000111111111111000111100001111111111100001111000111011101111111111101101111000011100001111110011111011111001001110000111100001
10000111111111111000111100011111111111100001111000111011101111111111101101111000011100001111110011111011111001001110000111100001
10000111111111111000111100011111111111100001110000111011101111111111001101111000011110001111111011111011111001001110000111100001
11000111111111111000111100011111111111100001110100111011101111111111001101111000011110001111111011111011111011001110000111100001
11000111111111111000111100011111111111100011110100111011101111111111001101111000011111111111111011111011111011001110000111100001
11000111111111111000111100011111111111100011110100111011101111111111001101111000011111111111111011111011111011001110000111100001
11000111111111111000111111111111111111111111110110111011101111111111001101111000011111111111111011111011111011001111000111100001
11000111111111111100111111111111111111111111110110111011101111111111011100111000011111111111111011111011111011001111011111100001
11000111111111111100111111111111111111111111110110111011101111011111011100111000011111111111111011111011111011001111011111100001
11000111111111111110111111111111111111111111110110111011101111011111011100111000011111111111111011111011111011001111111111100001
11000111111111111110111111111111111111111111110110111011101111011111011100111100111111111111111011111011111011001111111111100001
11000111111111111110111111111111111111111111110110111011101111011111011100111100111111111111111011110011111011001111111111100001
11000111111111111110111111111111111111111111110110111011101111011111011100111100111111111111111011110011111011001111111111110001
11000111111111110110111111111111111111111111110110111011101111011111011100111100111111111111111011110011111011001111111111110001
11000111111111110110111111111111111111111111110110111011101111011111011100111100111111111111111011110011111011001111111111110001
11100111111111110110111111111111111111111111110110111011101111011111011100111100111111111111111011110111111011001111111111110001
11100111111111110110111111111111111111111111110110111011101111011111011100111100111111111111111011110111111011101111111111110001
11100111111111110110111111111111111111111111110110111011101111011111011100111100111111111111111011110111111011101111111111110001
11100111111111110110111111111111111111111111110110111011101111011111011100111100111111111111111011110111111011101111111111110001
11100111111111110110111111111111111111111111110110111011101111011111011100111100111111111111111011110111111011101111111111110001
11100111111111110110111111111111111111111111110110111011101111011111011100111100111111111111111011110111111011101111111111110001
11100111111111110110111111111111111111111111110110111011101111011111011100111100111111111111111011110111111011101111111111110001
11101111111111110110111111111111111111111111110110111011101111011111011100111100111111111111111011110111111011101111111111110001
11101111111111110110111111111111111111111111110110111011101111011111001100111100111111111111111011110111111011101111111111110001
11101111111111110110111111111111111111111111110110111011101111011111001101111100111111111111111011110111111011101111111111110001
11101111111111110110111111111111111111111111110110111011101111011111001101111100111111111111111011110111111011101111111111110011
11101111111111110110111111111111111111111111110110111011101111011111001101111100111111111111111011110111111011101111111111110011
11101111111111110110111111111111111111111111110110111011101111011111001101111100111111111111111011110111111011101111111111110011
11101111111111110110111111111111111111111111110110111011101111011111001101111100111111111111111011110111111011101111111111110011
11101111111111110110111111111111111111111111110110111001101111011111001101111100111111111111111011110111111011101111111111110011
11101111111111110110111111111111111111111111110110111001101111011111001101111101111111111111111011110111111011101111111111110011
11101111111111110110111111111111111111111111110110111001101111011111001101111101111111111111111011110111111011001111111111110011
11101111111111110110111111111111111111111111110110111001101111011111001101111101111111111111111011110111111011001111111111110011
11101111111111110110111111111111111111111111110110111001101111011111101101111101111111111111111011110111111011001111111111110011
11101111111111110110111111111111111111111111110110111001101111011111101101111101111111111111111011110111111011001111111111110011
11101111111111110110111111111111111111111111110110111001101111011111101101111101111111111111111011110111111011001111111111110011
11101111111111110110111111111111111111111111110110111001101111011111101101111101111111111111111011110111111011001111111111110011
11101111111111110110111111111111111111111111110110111001111111011111101101111101111111111111110011110111111001001111111111110011
11101111111111110110111111111111111111111111110110111001111111011111101101111101111111111111110011110111111001001111111111110011
11101111111111110110111111111111111111111111110110111001111111011111101101111101111111111111110111110111111001001111111111110011
11111111111111110010111111111111111111111111110010111101111111111111101101111101111111111111110111110111111001001111111111110011
11111111111111110000111111111111111111111111110010111101111111111111100101111101111111111111110111110111111001001111111111110011
11111111111111110000111111111111111111111111110010111101111111111111100101111101111111111111110111110111111001011111111111110111
11111111111111110000111111111111111111111111110000111100011111111111100111111111111111111111110111110111111000011111111111110111
11111111111111110000111111111111111111111111110000111100011111111111100111111111111111111111110111110111111000011111111111110111
11111111111111110000111111111111111111111111110000111100011111111111100111111111111111111111111111110111111000011111111111110111
11111111111111110000111111111111111111111111110000111100011111111111100011111111111111111111101111110111111000011111111111110111
11111111111111110000111111111111111111111111110000111100011111111111100011111111111111111111101111110111111000011111111111110111
11111111111111110000111111111111111111111111110001111100011111111111100011111111111111111111101111110111111000011111111111110111
11111111111111110000111111111111111111111111110001111100011111111111100011111111111111111111101111110111111000011111111111110111
11111111111111110000111111111111111111111111110001111100011111111111100011111111111111111111101111110111111000011111111111110111
11111111111111110000111111111111111111111111111001111100011111111111110011111111111111111111111111110111111100011111111111110111
11111111111111111001111111111111111111111111111001111100011111111111110011111111111111111111111111111111111100111111111111110111
11111111111111111001111111111111111111111111111001111100011111111111110011111111111111111111111111111111111100111111111111110111
11111111111111111001111111111111111111111111111001111110111111111111110011111111111111111111111111111111111100111111111111110111
11111111111111111001111111111111111111111111111001111110111111111111110111111111111111111111111111111111111100111111111111110111
11111111111111111001111111111111111111111111111001111110111111111111110111111111111111111111111111111111111100111111111111110111
11111111111111111101111111111111111111111111111111111111111111111111111111111111111111111111111111111111111100111111111111111111
11111111111111111111111111111111111111111111111111111111111111111111111111111111111111111111111111111111111110111111111111111111
11111111111111111111111111111111111111111111111111111111111111111111111111111111111111111111111111111111111110111111111111111111
11111111111111111111111111111111111111111111111111111111111111111111111111111111111111111111111111111111111110111111111111111111
11111111111111111111111111111111111111111111111111111111111111111111111111111111111111111111111111111111111111111111111111111111
11111111111111111111111111111111111111111111111111111111111111111111111111111111111111111111111111111111111111111111111111111111