11111111111111111111111111111111111111111111111111111111111111111111111111111111111111111111111111111111111111011111111111111111
11111111111111111111111111111111111111111111111111111111111111111111111111111111111111111111111111111111111111011111111111111111
11111111111111111111111111111111111111111111111111111111111111111111111111111111111111111111111111111111111110011111111111111111
11111111111111111111111111111111111111111111111111111111111111111111111111111111111111111111111111111111111110011111111111111111
11101111111111111100111111111111111111111111111111111111111111111111111111111111111111101111111111111111111110011111111111111111
11001111111111111100111111111111111111111111111111111111001111111111111111111111111111101111111111111111111110001111111111111011
11001111111111111100111111111111111111111111111111111111001111111111111111111111111111101111111111111111111110001111111111111011
11001111111001111100111111111111111111111111111110111111001111111111111111111111111111100111111011111111111110001111111111111001
11000111110001111100111111111111110011111111111100111111001111111111111111111111111111000111111011111111111110001111111111110001
11000111110001111100111111111111110011111111111100111111001111111111111111111111111111000111111011111111111110001111111111110001
11000111110001111100111111111111100011111111111100111111001111111111111111111111111111000111111011111101111110001111111111110001
11000111110001111000111111111111100011111111111100011111000111110111111111111111111111000111111011111101111110001111111111110001
11000111110001111000111111111111100011111111111100011111000111110111111111111111111111000111111011111101111110001111111111110001
11000111110001111000011111111111100011111111111100011111000111110011111101111111111111000011111011111101111110001111111111110001
10000111110001111000011111111111100011111111111100011111000111110011111101111111111111000011111011111101111100001111111111110001
10000111110001111000011111111111100011111111111100011111000111110011111101111111111111000011111011111101111100001111111111110001
10000111110001111000011111111111100011111111111100011111000111110011111101111111111111000011110011111101111100001111111111110001
10000111110001111000011111111111100011111111111100011111000111110011111101111111111111000011110011111101111100001111111111100001
10000111110001111000011111111111100011111111111100011111000111110011111101111111111111000011110011111101111100001111111111100001
10000111110001111000011111111111100011111111111100011111000111110011111101111111111111000011110011111101111100000111111111100001
10000111110001111000011111111111100011111111111100011111000111110011111101111111111111000011110011111101111100000111111111100001
10000111110001111000011111111111110011111111111100011111000111110011111101111111111111000011110011111101111100000111111111100001
10000011110001111000011111111111110011111111111100011111000111110011111101111111111110000011110011111101111100000111111111100001
10010011110001111000011111111111110011111111111100011111100111110011111101111111111110000011110011111101111100000111111111100001
10010011111001111000011111111111110011111111111100111111100111110011111101111111111110000011110011111101111100100111111111100001
10010011111001111000011111111111110011111111111100111111100111110011111101111111111110000011110011111101111100100111111111100001
10010011111001111000011111111111110011111111111100111111100111110011111101111111111110010011110011111101111100100111111111100001
10010011111001111000011111111111110011111111111100111111110111110011111101111111111110010011110011111101111100100111111111100011
10010011111001111000011111111111110011111111111000111111110111110011111001111111111110010011110011111101111100100111111111100011
10110011111001111000011111111111110011111111111000111111110111110011111001111111111110010011110011111101111100100111111111100011
10110011111001111000011111111111110011111111111000111111110011110011111001111111111110010011110011111101111100100111111111100011
10110011111001111000011111111111110011111111111000111111110011110011111001111111111110010011110011111101111100100111111111100011
10111011111001111000011111111111110011111111111000111111110011110011111001111111111110011011110011111101111100100111111111100011
10111011111001111000011111111111110011111111111000111111110011110011111001111111111110111011110111111101111101100111111111100011
10111011111001111000011111111111110011111111111000111111110011110011111001111111111110111011110111111101111101100111111111100011
10111011111001111000011111111111110011111111111000111111110011110011111001111111111110111011110111111101111101100111111111100011
10111011111001111000011111111111110011111111111000111111110011110011111001111111111110111011110111111101111101100111111111100011
10111011111001111000011111111111110011111111111100111111110011110011111001111111111110111011110111111101111101100111111111100011
10111011111001111000011111111111110011111111111100111111110011110011111001111111111110111011110111111101111101100111111111100011
10111011111001111000011111111111110011111111111100111111110011110011111001111111111110111011110111111101111101100111111111100011
10111011111001111000011111111111110011111111111100111111110011110011111001111111111110111011110111111101111101100111111111100011
10111011111001111000011111111111110011111111111100111111110011110011111001111111111110111011110111111001111101110111111111100011
10111011111001111000011111111111110011111111111100111111110011110011111001111111111110111011110111111001111101110111111111100011
10111011111001111000011111111111110011111111111100111111110011110011111001111111111110111011110111111001111101110111111111100011
10111011111001111000011111111111110011111111111100111111110111110011111001111111111110111011110111111001111101110111111111100011
10111011111001111000011111111111110011111111111100111111110111110011111001111111111110111011110111111001111101110111111111100011
10111011111001111000011111111111110011111111111100111111110111110011111001111111111110111011110111111001111101110111111111100011
10111011111001111000011111111111110011111111111100111111110111111011111000111111111110111011110111111001111101110111110111100001
10111011111001111000011111001111110011111001111100111111100111111011111000111111011110111011110111111001111101110111100111100001
10111011111011111000011111001111110111111001111100111111100111111011111000111111011110111011110111111001111101110111100111100001
10110011111011111000011110001111110111111001111100011111100111111011110000111110011110111011110111111001111101110111000011100001
10110011111011111000011110001111110111110001111100011111100111111011110000111100001110111011110111111001111101110111000011100001
10110011111011111000011110001111110111110001111100011111100111111011110000111100001110111011110111111001111101110111000011100001
10010011111011111000011110001111110111110000111100011111100111111011110000111100001110111011110111111001111101110111000011110001
10010011111011111000011110001111110111110000111100011111100111111011110000111100001110111011100111111001111101110111000011110001
10010011111011111000011110001111110111110000111100011111100111111011110000111100001110111011100111111001111101110111000011110001
10010011111011111000011110001111110111110000111100011111100111111011110000111100001110111011100111111001111101110111000011110001
10010011111011111000011110001111110111110000111100011111100111111011110000111100001110111011100111111001111101110111000011110001
10010011111011111000011110001111110111110000111110011111100111111011110000111100001110111011100011111000111101110111000011110001
10000011111011111000011110001111110111110000111110011111100111111011110000111100001110111011100011111000111101110111000011110001
10000011111011111000011110001111110111110000111110011111100111111011110000111100001110111011100011111000111101110111000011110001
10000011111011111000011110001111110111110000111110011111100111111011110000111100001110111011100011111000111101110111000011111000
10000011111011111000011110001111110111110000111110011111000111111011110000011100001110111011100011111000111101110111000011111000
10000011111011111000011110001111110111110000111110011111000111111011110000011100001110111011100011111000111101110111000011111000
10000011111011111000011110001111110111110000111110011111001111111011110000011100001110111011100001111000111101110111000011111000
10000011111011111000011110001111110111110000111110011111001111111011110000011100001110111011100001111000111101110111000011111000
11000011111011111000011110001111110111110000111111011111001111111011110000011100001110111011100001111000111101110111000011111000
11000011110011111000011110001111110111110000111111011111001111111011110000011100001110111011100001111000011101110111000011111000
11000011110011111000011110001111110111110000111111011111001111111011110000011100001110111011100001111000011101110111000011111000
11000011110011111000011110001111110111110000111111011111001111111011110000011100001110111011100001111000011101110111000011111100
11000011110111111000011110001111111111110001111111001111001111111011110000011100001110111011100001111000011101110111000011111100
11000011110111111000011110001111101111110001111111001111001111111011110000011100001110111011100001110000011101110111000011111100
11000011110111111000011110001111101111111001111111001111001111111011110010011100001110111011100001110000011101110111000011111100
11000011110111111000011110001111101111111001111111001111001111111011110010011100001110111011100001110000011101110111000011111100
11000011110111111000011111111111101111111011111111001111001111111011110010011110001110111011100001110000011101110111000011111100
11000111110111111010011111111111101111111111111111001111001111111011110010011110001110111011100001110000011101110111100011111100
11000111110111111010011111111111101111111111111111001111001111111011110010011110001110111011100001110000011101110111100011111100
11000111110111111010011111111111101111111111111111001111001111111011110010011111111110111011100001110000011101110111100011111100
11000111110111111011011111111111101111111111111111001111011111111011110010011111111110111011100001110000011101110111111111111100
11000111110111111011011111111111101111111111111111001110011111111011110010011111111110111011100001110000011101110111111111111100
11000111110111111011011111111111101111111111111111001110011111111011110010011111111110111011100001110000011101110111111111111100
11000111110111111011011111111111101111111111111111001110011111111011110010011111111110111011100000110000011101110111111111111100
11000111110111111011011111111111101111111111111111001110011111111011110010011111111110111011100000110000011101110111111111111100
11000111110111111011011111111111101111111111111111001110011111111011110010011111111110111011100000110000011101110111111111111100
11000111110111111011011111111111101111111111111111001110011111111011110011011111111110111011100000110000011101110111111111111100
11000111110111111011011111111111101111111111111111001110011111111011110011011111111110111011100000110000011101110111111111111100
11100111110111111011011111111111101111111111111111001110011111111011110011011111111110111011100000110000011101110111111111111100
11100111110111111011011111111111101111111111111111001110011111111011110111011111111110111011100000111000011101110111111111111100
11100111110111111011011111111111101111111111111111001110011111111011110111011111111110011011100000111000011101110111111111111100
11100111110111111011011111111111101111111111111111001110011111111011110111011111111110011011100000111000011101110111111111111100
11100111110111111011011111111111101111111111111111001110011111111011110111011111111110011011100000111000011101100111111111111100
11100111110111111011011111111111101111111111111111001110011111111011110111011111111110011011100000111000011101100111111111111100
11100111110111111011011111111111101111111111111111001110011111111011110111011111111110011011100000111000011101100111111111111100
11100111110111111011011111111111101111111111111111001110011111111011110111011111111110011011100000111000011101100111111111111100
11100111110111111011011111111111101111111111111111011110011111111011110110011111111110011011100000111000011101100111111111111100
11100111110111111011011111111111101111111111111111011110011111111011110010011111111110011011110000111000011101100111111111111100
11100111110111111011011111111111101111111111111111011110011111111011110010011111111110011011110000111000011100100111111111111100
11101111110111111011011111111111101111111111111111011110011111111011110010011111111110011011110000111000011100100111111111111100
11101111110111111011011111111111101111111111111111011110011111111011110010011111111110010011111000111100011100100111111111111100
11101111110111111011011111111111101111111111111111011110011111111011110010011111111110010011111000111100011100100111111111111100
11101111110111111011011111111111101111111111111111011110011111111011110010011111111110010011111000111100011100100111111111111100
11101111110111111010011111111111101111111111111110011110011111111011110010011111111110010011111001111100011100100111111111111100
11101111110111111010011111111111101111111111111110011110011111111011110010011111111110000011111001111100011100000111111111111000
11101111111111111010011111111111101111111111111110011110011111111011110010011111111110000011111001111110011100000111111111111001
11101111111111111000011111111111101111111111111110011110011111111011110000011111111110000011111001111110011100000111111111111001
11101111111111111000011111111111101111111111111110011110001111111011110000011111111110000011111001111110011100000111111111111001
11101111111111111000011111111111101111111111111110011110001111111011110000011111111110000011111001111110011100000111111111111001
11101111111111111000011111111111101111111111111110011110001111111011110000011111111110000011111001111110011100000111111111110001
11101111111111111000011111111111101111111111111110011110001111111011111000011111111110000011111001111110011100000111111111110001
11101111111111111000011111111111101111111111111110011110001111111011111000011111111111000011111001111110011100000111111111110001
11101111111111111000011111111111101111111111111110011110001111111011111000011111111111000011111001111110011100000111111111110001
11111111111111111000011111111111111111111111111110011110001111111011111000011111111111000011111001111110011100000111111111110001
11111111111111111000011111111111111111111111111110011110001111111011111000111111111111000011111001111110111100000111111111110001
11111111111111111000011111111111111111111111111110011110001111111011111000111111111111000011111001111110111100000111111111110001
11111111111111111000011111111111111111111111111110111110001111111111111000111111111111000011111101111110111100000111111111110001
11111111111111111100011111111111111111111111111110111110001111111111111000111111111111000011111101111110111100001111111111110001
11111111111111111100011111111111111111111111111110111110001111111111111000111111111111000011111101111110111100001111111111110001
11111111111111111100111111111111111111111111111110111111001111111111111000111111111111000011111101111110111110001111111111110011
11111111111111111100111111111111111111111111111110111111001111111111111000111111111111000111111111111110111110001111111111110011
11111111111111111100111111111111111111111111111110111111001111111111111000111111111111000111111111111110111110001111111111110011
11111111111111111100111111111111111111111111111110111111001111111111111000111111111111000111111111111111111110001111111111110011
11111111111111111101111111111111111111111111111111111111001111111111111100111111111111000111111111111111111110001111111111110011
11111111111111111101111111111111111111111111111111111111001111111111111100111111111111000111111111111111111110001111111111110011
11111111111111111111111111111111111111111111111111111111001111111111111101111111111111100111111111111111111110001111111111110011
11111111111111111111111111111111111111111111111111111111101111111111111101111111111111100111111111111111111110001111111111110111
11111111111111111111111111111111111111111111111111111111101111111111111101111111111111100111111111111111111110001111111111110111
11111111111111111111111111111111111111111111111111111111111111111111111111111111111111110111111111111111111111011111111111111111
11111111111111111111111111111111111111111111111111111111111111111111111111111111111111110111111111111111111111011111111111111111