11111111111111111111111111111111111111011111111111111111111111111111011111111111111111111111111110111111111111111111111111111111
11111111111111111111111111111111111111011111111111111111111111111111011111111111111111111111111110111111111111111111111111111111
11111111111111111111111111111111111110000011111111111000111111011110011111111111111111110000111100011111111111111111111111111111
11111111111111111111111111111111111110000011111111110000111111011110001111111111111111110000111100011111111111110111111111111111
11111111111111111111111111111111111110000011111111110000111111011110001111111111111111110000111100011111111111110111111111111111
11111111111111111111111111111111111110000011111111110000111111011110001111111111111111110000111100011111001111110111111111111101
11111111111111111111111111111111111110000011111111110000111111011110001111100111111111110000011100011111001111100111111111111100
11111111111111111111111111111111111110000011111111110000111111011110001111100111111111110000011100011111001111100111111111111100
11111111111111111111111111111111111110000011111111110000111110011110001111100111111111110000011100001111001111100111111111111100
11101111110111111111111111111111111110000011111111110000111110011100001111100111111111100000011000001111001111100111111111111100
11101111110111111111111111111111111110000011111111110000111110011100001111100111111111100000011000001111001111100111111111111100
11001111100111100011111111111111111110000011111111110000111110011100001111100111111111100000011000001111001111100111111111111100
10000111100111100001111111111111111110000011111111110000111110011100000111100111111111100000011000001111001111100111111111111100
10000111100011100001110011111111111110000011111111110000111110011100000111100111111111100000011000001111001111100111111111111100
10000111100011100001110011111111111110000011111111110000111110011100000111100111111111100000011000001111001111100111111111111100
10000111100011100001110011011111111110000011111111110000111110011100000111100111111111110000011000001111001111100111111111111000
10000111100011100001110011011111111110000011111111110000111110011100000111100111111111110000011000001111001111100111111111111000
10000111100011100001110011011111111110000011111111110000111110011100000111101111111111110000011000001111001111100111111111111000
10000111100011100001110011001111111110000011111111110000111110111100000111101111111111110000011000001111001111000111111111111000
10000111100011100000110011001111111110000011111111110000111110111100000111101111111111110000011000001111001111000111111111111000
10000111100011100000110011001111111110000011111111110000111110111100000111101111111111110000011000001111011111000111111111111000
10000111000011100000110011001111111111110011111111110000111110111100100111101111111111110000011001001111011111000111111111111000
10000111000011100000110011001111111111110011111111110000111100111100100111101111111111110000011001001111011111000111111111111000
10000111000011100000110011001111111111110011111111110011111100111101100111101111111111111100011001001111011111000111111111111000
10000111000011100000110011001111111111110011111111110111111100111101100111101111111111111100111011101111011111000111111111111000
10001111000001100000110011001111111111110011111111110111111100111101100111101111111111111100111011101111011111000111111111111000
10001111000001100000110011001111111111110011111111110111111100111101100111101111111111111100111011101111011111000111111111111000
11001111000001100000110011001111111111110011111111110111111100111111100111101111111111111100111011101111011111000111111111111000
11001111001001100000110011001111111111110011111111110111111100111111100111101111111111111100111011101111011111000111111111110000
11001111001001100000110011001111111111110011111111110111111100111111100111001111111111111100111011101110011111000111111111110000
11001111001001100100110011001111111111110011111111110111111100111111110111001111111111111100111011101110011111000111111111110000
11001111001001101100110011001111111111110011111111110111111100111111110111001111111111111100111011101110011111000111111111110000
11001111001001101100110011001111111111110011111111110111111100111111110111001111111111111100111011101110011111000111111111110000
11001111011001101110110011001111111111110011111111110111111100111111110111001111111111111100111011101110011111000111111111110000
11001111011001101110110001001111111111110011111111110111111100111111110111001111111111111100111011101110011111000111111111110000
11001111011001101110110001001111111111110011111111110111111101111111110111001111111111111100111011101110011111000111111111110000
11001111011001101110110001001111111111110011111111110111111101111111110111001111111111111100111011101110011111000111111111110010
11001111011101101110110001001111111111110011111111110111111101111111110111001111111111111100111011101110011111010111111111110110
11001111011111101110110001001111111111110011111111110111111101111111110111001111111111111100111011101110011111010111111111110110
11001111011111101110110001001111111111110011111111110111111001111111110111001111111111111100111011101110011111010111111111110110
11001111011111101110110001001111111111110111111111110111111001111111110111001111111111111101111011101110011111010111111111110110
11001111011111101110110001001111111111110111111111110011111001111111110111001111111111111001111011101110011111010111111111110110
11001111011111101110110001001111111111110111111111110011111001111111100111001111111111111001111011101110011111010111111111110110
11001111011111101110110001001111111111110111111111110011111001111111100111001111111111111001111011101110011111010111111111110110
11001111011111101110110001001111111111100111111111110001111001111111100111001111111111111001111011101110011111110111111111111110
11001111011111101110110001001111111111100111111111110001111000111111100111001111111111111001111011101110011111110111111111111110
11001111011111101110110001001111111111100111111111110001111000111111100111001111111111111001111011101110011111110111111111111110
11001111001111101110110001001111111111100111111111110001111000111111100111001111111111111001111011101110011111110111111111111110
11001111001111101110110001001111111111100111111111110001111000011111100111001111111111111001111011101110111111110111111111111110
11001111001111101110110001001111111111100111111111110001111000011111100111001111111111111001111011101110111111110111111111111110
11001111001111101110110001001111111111100111111111110001111000011111100111011111111111111001111011101110111111110111111111111110
11001111001111101110110001001111111111100111111111110000111000011111100111011111111111111001111011101110111111110111111111111110
11001111001111101110110001001111111111100111111111110000111000011111100111011111111111111001111011101110111111110111111111111110
11001111001111101110110001001111111111100111111111110000111000011111100111011111111111111001111011101110111111110111111111111110
11001111001111101100110001001111111111100111111111110000111000011111100111011111111111111000111011101110111111110111111111111110
11001111001111100100110001001111111111100111111111110000111000011111100111011111111111111000111011101110111111110111111111111110
11001111001111100100110001001111111111100111111111110000111000011111100111011111111111111000111011101110111111110111111111111110
11001111000111100000110001001111111111100111111111110000111000011111000111011111111111111000111011101110111111110111111111111110
11001111000111100000110001001111111111101111100111110000111000011111001111010111100001111000111011101110101111110111100000111110
11001111000111100000110001001111111111101111000001110000111000001111001111010111100000111000111011101110101111110111100000111110
11001111100111100000110001001111111111101111000001110000111000001111001111010111100000111000111011101110101111110111100000111110
11001111100111100000110001001111111111101111000001111100111000001111001111010111000000111000111011101100100111110111100000111110
11001111100111100000110000001111111111101111000000111100111000001111001111010011000000111000111011101100100111110111000000111110
11001111100111100000110000001111111111101111000000111100111000001111001111010011000000111000111011101100100111110111000000111110
11001111100111100000110000001111111111101111000000111100110000001111001110010011000000111000011011101100100111110111000000111110
11001111100011100000110000001111111111101111000000111100110000001111001110010011000000111000011011101100100111110111000000111110
11001111100011100000110000001111111111101111000000111110110001001111001110010011000000111100011011101100100111110111000000111110
11001111100011100000110100001111111111101111000000111110110001001111001110010011000000111110011011101100100111110111000000111110
11001111100011100000110100001111111111001111000000111110110001001110001110010011000000111110011011101100100111110111000000111110
11001111100011100000110100001111111111001111000000111110110011001110001110010011000000111110011011101100100111110111000000111110
11001111110011100000110100001111111111001111000000111110110011001110001110010011000000111110011011101100100111110111000000111110
11001111110011100000110100001111111111001111000000111110110011001110011110010011000000111110011011101100100111110111000000111110
11001111110011100000110100001111111111001111000000111110010011001110011110010011000000111110011011101100100111110111000000111110
11001111110011100100110100001111111111001111000000111110010011001110011110010011000000111110011011101100100111110111000000111110
11001111110011100100110110001111111111001111000000111110010011001110011110010011000000111110011011101100100111110111100000111110
11001111110011100100110110001111111111001111000000111110010011001110011110010011000000111110011011101100100111110111100000111110
11001111110011101100110110001111111111001111000001111110010011001110011110010011000000111110011011101100100111110111100000111110
11001111111011101110110110001111111111001111000001111110010011101110011110010011100001111110011011101100100111110111111111111110
11001111111001101110110110001111111111001111000001111110010011101110011110010011100001111110011011101100100111110111111111111110
11001111111001101110110110001111111111001111111111111110010011101110011110010011111111111110011011101100100111110111111111111110
11001111111001101110110110001111111111001111111111111110010011101110011110000011111111111110011011101100000111110111111111111110
11001111111001101110110110001111111111011111111111111110010011101100111110000011111111111110011011101100000111110111111111111110
11001111111001101110010110001111111111011111111111111110010011101100111110000011111111111110011011101100000111110111111111111110
11001111111001101110010110001111111111011111111111111110010011101100111110000011111111111110011011101100000111110111111111111110
11001111111001101110010110001111111111011111111111111110010011101100111110000011111111111110011011101100000111110111111111111110
11001111111001101110010110001111111111011111111111111110010011101100111110000001111111111110011011101100000111110111111111111110
11001111111001101110010110001111111111011111111111111110010011101100111110000001111111111110011011101100000111110111111111111110
11001111111001101110010110001111111111011111111111111110010011101100111110000001111111111111011011101100000111110111111111111110
11001111111001101110010110001111111111011111111111111110010011101100111110000001111111111111011011101100000111110111111111111110
11001111111001101110010110001111111111011111111111111110010011101100111110000001111111111111011011101100000111110111111111111110
11001111111001101110010110001111111111011111111111111110110011101100111110000001111111111110011011101100000111110111111111111110
11001111111001101110010110001111111111011111111111111110110011101100111110000001111111111110011011101100000111110111111111111110
11001111111001101110010110001111111111011111111111111110110011101100111110000001111111111110011011101100000111110111111111111110
11001111111001101110010110001111111111011111111111111110110011101100111110000001111111111110011011101100000111110111111111111110
11001111011001101110010110001111111111011111111111111110110011101100111110000001111111111110011011101100000111110111111111111110
11001111011001101110010110001111111111011111111111111110110011101100111110000001111111111110011011101100000111110111111111111110
11001111011001101110110110001111111111011111111111111110110011101100111110000011111111111110011011101100000111110111111111111110
11001111011001101110110110001111111111011111111111111110110011001101111110000011111111111110011011101100000111110111111111111110
11001111011001101110110110001111111111011111111111111100110011001101111110000011111111111110011011101100000111110111111111111110
11001111011001101110110110001111111111011111111111111100110011001101111111000011111111111110011011101100000111110111111111111110
11001111011001101110110110001111111111011111111111111100110011001101111111100011111111111110011011101111000111110111111111111110
11001111011001101110110110001111111111011111111111111100110011001101111111100011111111111110011011101111000111110111111111111110
11001111011001101110110110001111111111011111111111111100110011001101111111110011111111111110011011101111100111110111111111111110
11001111011001101110110110001111111111011111111111111100111011001100111111110011111111111110011011101111100111110111111111111110
11001111001001101110110110001111111111011111111111111100111001001100111111110011111111111110011001101111100111110111111111111110
11001111001001100100110110001111111111011111111111111100111001001100011111110011111111110100011001001111100111110111111111111110
11001111001001100100110110001111111111011111111111111100111001001100011111110011111111110100011001001111100111110111111111111110
10000111000001100000110111001111111111011111111111111000111000001100000111110011111111100100011000001111100111110111111111111110
10000111000001100000110111001111111111011111111111110000111000001100000111110011111111100000011000001111100111110111111111111110
10000111000001100000110111001111111111011111111111110000111000001100000111110011111111100000011000001111100111110111111111111110
10000111000011100000110111001111111111011111111111110000111000001100000111110011111111100000011000001111100111110111111111111110
10000111000011100000110111001111111111011111111111110000111000001100000111110011111111100000011000001111100111110111111111111110
10000111000011100000110111001111111111011111111111110000111000001100000111110011111111100000111000001111100111110111111111111110
10000111000011100000110111001111111111011111111111110001111000001100000111110011111111100000111000001111100111110111111111111110
10000111000011100000110111001111111111011111111111110001111000001100000111110011111111100000111000001111100111110111111111111110
10000111000011100000110111001111111111011111111111110001111000011100000111110011111111100000111000001111100111110111111111111110
10000111000011100000110111001111111111011111111111110001111000011100000111110011111111100000111000001111100111110111111111111110
10000111100011100000110111011111111111011111111111110001111000011100000111110111111111110000111000001111100111110111111111111110
10000111100011100000110111011111111111011111111111110001111000011100000111110111111111110000111000001111100111110111111111111110
10000111100011100001110111011111111111011111111111110001111000011100000111110111111111110000111100001111100111110111111111111110
10000111100011100001110111011111111111011111111111110001111100011100000111110111111111110000111100011111101111110111111111111110
10000111100011100001110111011111111111011111111111110001111100011100000111110111111111110000111100011111101111110111111111111110
10000111100111100001111111011111111111011111111111110011111100011100000111110111111111110000111100011111101111110111111111111111
11001111100111100001111111111111111111011111111111110011111100011100000111110111111111110001111100011111101111110111111111111111
11001111100111100001111111111111111111011111111111110011111100011100000111110111111111110001111100011111101111110111111111111111
11111111110111110011111111111111111111111111111111110011111100111110000111110111111111111001111100011111111111111111111111111111
11111111111111111111111111111111111111111111111111110111111110111111111111111111111111111011111110011111111111111111111111111111
11111111111111111111111111111111111111111111111111110111111110111111111111111111111111111011111110011111111111111111111111111111