11111111111111111101111111111111111111111111111111111111111111111111111111111111111111111111111111111111111111111111111111111111
11111111111111111101111111111111111111111111111111111111111111111111111111111111111111111111111111111111111111111111111111111111
11101111110001111001111111111111111111111111111111111111111111111111111111111111111111111111111111111111111111111111111111111111
11101111110001111001111111111111111111111111111111111111111111111111111111111111111111111111111111111111111111111111111111111111
11001111100001111001111111111110000111111111111011111110111111111111100111111111111011011111111111111111111111111111111111111111
11001111100001111001111111111110000111111111110001111110111111111111100111111111111000011111111111101111111111111111111111011111
11001111100001111001111111111110000111111111110001111110111111111111100111111111111000011111111111101111111111111111111111011111
11000111100001111000111111111110000111111111110001111110111111111111100111111111111000011111111111001111110011111111111111011111
11000111100001111000111111111110000111111111110001111110111111111111100111111111111000011111111111000111110011111111111111011111
11000111100001111000111111111110000111111111110001111110111111111111100111111111111000011111111111000111110011111111111111011111
11000111100001111000111111111110000111111111110001111110111111011111000111111111111000011111011111000111110011111111111111011111
11000111100001111000111111111110000111111111110001111110111111011111000111111111111000011111011111000111110011111111111111011111
10000111100001110000111111111110000111111111110001111110111111011111000011111111111000011111011111000111110011111111111111011111
10000111100001110000111111111110000111111111110001111110111111011111000011111111111000011111011111000111100001111111111111011111
10000111100001110010111111111111110111111111110001111110111111011111000011111111111110011111011111000111100001111111111111011111
10010111111001110010111111111111110111111111110011111110111111011111001011111111111111011111011111010111100001111111111111011111
10010111111001110010111111111111110111111111110011111110111111011111001011111111111111011111011111010111100001111111111110011111
10010111111001110010111111111111110111111111110011111110111111011111011011111111111111011111011111010111100101111111111110011111
10010111111001110010111111111111110111111111110111111110111111011111011011111111111111011111011111010011100101111111111110111111
10010111111001110010111111111111110111111111110111111110111111011111011011111111111111011111011111010011100101111111111110111111
10010111111001110010111111111111110111111111110111111110111111011111011011111111111111011111011111010011101101111111111110111111
10010111111001110010111111111111110111111111110111111110111111011111011011111111111111011111011111010011101101111111111110111111
10110111111001110110111111111111110111111111110111111110111111011111011011111111111111011111011111011011101101111111111110111111
10110111111001110110111111111111110111111111110111111110111111011111111011111111111111011111011110011011101101111111111110111111
10110111111001110110111111111111110111111111110111111110111111011111111011111111111111011111011110011011101101111111111110111111
10110111111001110110111111111111110111111111110111111110111111011111111011111111111111011111011110011011101101111111111110111111
10110011111001110110111111111111110111111111110111111100111111011111111011111111111111011111011110011011101101111111111110111111
10110011111001110110111111111111110111111111110111111100111111011111111011111111111111011110011110011011101101111111111110111111
10110011111001110110111111111111110111111111110111111101111111011111111011111111111111011110011110011011101101111111111110111111
10110011111001110110111111111111110111111111110111111101111111011111111011111111111111011110011110011011101101111111111110111111
10111011111001110110111111111111110111111111110111111101111111011111111011111111111111011110011110111011101101111111111110111111
10111011111011110110111111111111110111111111110111111101111111011111111011111111111111011110011110111011101101111111111110111111
10111011111011110110111111111111110111111111110111111101111111011111111011111111111110011110011110111011101101111111111110111111
10111011111011110110111111111111110111111111110111111101111111011111111011111111111110011110011110111011101101111111111110111111
10111011111011110110111111111111110111111111110111111101111111011111111011111111111110011110111110111011101101111111111110111111
10111011111011110110111111111111100111111111110111111101111111011111111011111111111110011110111110111011101101111111111100111111
10111011111011110110111111111111100111111111110111111101111111011111111011111111111110011110111110111011101101111111111100111111
10111011111011110110111111111111100111111111110111111101111111011111111011111111111110111110111110111011101101111111111100111111
10111011111011110110111111111111100111111111110111111101111111011111111011111111111110111110111110111011101101111111111100111111
10111011111011110110111111111111100111111111110111111101111111011111111011111111111110111110111110111011101101111111111100111111
10111011111011110110111111111111100111111111110111111101111111011111111011111111111110111110111110111011101101111111111100111111
10111011111011110110111111111111101111111111110111111101111111011111111011111111111110111110111110111011101101111111111100111111
10111011111011111010111111111111101111111111110111111101111111011111111011111111111110111110111110111011101001111111111100111111
10111011111011111010111111111111101111111111110111111101111110011111111011111111111110111110111110111011101001111111111100111111
10111011111011111010111111111111101111111111110111111101111110011111111011111111111110111110111110111011101001111111111100111111
10110011111011111000111111111111101111111111110011111101111110111111111011111111111110111110111110111011101001111111111100111111
10110011111011111000111111111111101111111111110011111101111110111111111011111111111110111110111110111011100001111111111100111111
10110011111011111000111111111111101111111111110011111101111110111111111011111111111110111110111110111011100001111111111100111111
10110011111011111000111111111111101111111111110001111101111110111111111011111111111110111110011110111011100001111111111100111111
10110011111011111000111111111111101111111111110001111101111110111111111011111111111110111110011110111011100001111111111100111111
10110011111011111000111111111111101111111111110001111101111110111111111011111111111110111110011110111011100001111111111100111111
10110011110011111000111111111111101111111111110001111101111110111111111011111111111110111100011110111011100001111111111100111111
10110011110011111000111111111111101111111111110001111101111110111111111011111111111110111100011110111011100001111111111100111111
10110011110011111000111111111111101111111111110001111101111110111111111011111111111110111100011110011011100001111111111100111111
10110011110011111000111101001111101111110111110001111101111110111111110011111111111110111100001110011011100001111111111100011111
10110011110011111000111101001111101111110111110001111101111110111111110011111111111110111100001110011011100001111111111100011111
10110011110111111000111100001111101111100011110001111101111110111111110011110011111110111100001110011011100001111111111100011111
10110011110111111000111100001111101111100001110001111101111110111111110011110000111110111100001110011011100001111111111100011111
10110011110111111000111100001111101111100001111101111101111110111111110011110000111110111100001111011011100001111111111100011111
10110011110111111000111100001111101111000001111101111101011110111111110011110000111100111100001111010011100001111000111100011111
10110111110111111000111100001111101111000001111101111101011110111111110011110000111100111100001111010011100001111000111100011111
10010111110111111000111100001111001111000001111101111101011110101111110011110000111101111100001111010011100001110000111100011111
10010111110111111000111100001111001111000001111100111101011110101111110011110000111101111100001111010011100001110000111100011111
10010111110111111000111100001111001111000001111100111101011110101111110111110000111101111100001111010011100001110000111100011111
10000111110111111000111000001111011111000001111110111001011110101111110111110000111101111100101111010011100001110000111000011111
10000111110111110000111000001111011111000001111110111001011110101111110111110000111101111100101111000011100001110000111000001111
10000111110111110000111000001111011111000011111110111001011110101111110111110000111101111100101111000011100001110000111001001111
10000111110111110010111000001111011111000011111110111001011110101111100111110000111101111100101111000011100001110000111001001111
10000111110111110010111100001111011111000011111110111001011110101111100111110000111101111100101111000011100001110000111001101111
10000111110111110010111100001111011111100011111110111011011110101111100111110001111101111100101111000011100001110000111001101111
10000111110111110010111100001111011111100011111110111011011110101111100111110001111101111100101111000011100001110000111001101111
11000111110111110010111111111111011111100111111110111011011110101111100111110001111101111101101111000011100001110000111001101111
11000111110111110010111111111111011111111111111110111011011110101111100111111111111101111101100111000011100101111000111001101111
11000111110111110010111111111111011111111111111110111011011110101111100111111111111101111101100111000011100101111000111001101111
11000111110111110110111111111111011111111111111110111011011110101111100111111111111101111101110111000011101101111111111001101111
11000111110111110110111111111111011111111111111110111011011110101111101111111111111101111101110111100111101101111111111001101111
11000111110111110110111111111111011111111111111110111011011110101111101111111111111101111101110111100111101101111111111001101111
11000111110111110110111111111111011111111111111110111011011110101111101111111111111101111101110111100111101101111111111001101111
11000111110111110110111111111111011111111111111110111011011110101111101111111111111101111101110111100111101101111111111001101111
11000111110111110110111111111111011111111111111110111010011110101111101111111111111101111101110111100111101101111111111001101111
11100111110111110110111111111111011111111111111110111010011110101111101111111111111101111101110111100111101101111111111001101111
11100111110111110110111111111111011111111111111110111010011110101111101111111111111101111101110111100111101101111111111001101111
11100111110111110110111111111111011111111111111110111010011110101111101111111111111101111101110111100111101101111111111001101111
11100111110111110110011111111111011111111111111110111000011110101111101111111111111101111101110111100111101101111111111001101111
11100111110111110110011111111111011111111111111110111000011110101111001111111111111101111101110111100111101101111111111001101111
11100111110111110110011111111111011111111111111110111000011110101111001111111111111101111101110111110111101101111111111001101111
11100111110111110110011111111111011111111111111110111000011110000111001111111111111101111101110111110111101101111111111001101111
11100111110111110110011111111111011111111111111110111000011110000111001111111111111101111101110111110111101101111111111001101111
11100111110111110110011111111111011111111111111110111000011110000111001111111111111101111101110111110111101101111111111001101111
11100111110111110110011111111111011111111111111110111000011110000111001111111111111101111101110111110111101101111111111001101111
11100111110111110110011111111111011111111111111110111000011110000111001111111111111101111101110111110111101101111111111001101111
11100111100111110110011111111111011111111111111110111000011110000111001111111111111101111101110111110111101101111111111001101111
11100111100111110110011111111111011111111111111110111000011110000111001111111111111101111101110111110111101101111111111001101111
11101111101111110110011111111111011111111111111110111000011110000111011111111111111101111101110111110111101101111111111001101111
11101111101111110110011111111111011111111111111110111000011110000111011111111111111101111101110111100111101101111111111001101111
11101111101111110110011111111111011111111111111110111000011110000111011111111111111101111101100111100111101101111111111001101111
11101111101111110110011111111111011111111111111110111000011110000111011111111111111101111101100111100111101101111111111001101111
11101111101111110110011111111111011111111111111110111000011110100111011111111111111101111101100111100111101101111111111001101111
11101111101111110110011111111111011111111111111100111000011110100111011111111111111101111101100111100111101101111111111001101111
11101111101111110110011111111111011111111111111100111111011111100111011111111111111101111101100111100111101101111111111001101111
11101111101111110110011111111111011111111111111100111111011111100111011111111111111101111101100111100111101101111111111001101111
11101111101111110110011111111111011111111111111100111111011111100111011111111111111101111101100111100111101101111111111101101111
11101111101111110110111111111111011111111111111100111111011111100111011111111111111101111101101111100111101101111111111101101111
11101111101111110110111111111111011111111111111100111111011111100111011111111111111101111101101111100111101101111111111101101111
11101111101111110110111111111111011111111111111100111111011111101111011111111111111101111101101111101111101101111111111101101111
11101111101111110110111111111111011111111111111100111111011111101111011111111111111101111101101111101111101101111111111101101111
11101111101111110110111111111111011111111111111100111111011111101111011111111111111101111101101111101111101101111111111101101111
11101111101111110110111111111111011111111111111101111111011111101111011111111111111101111101101111101111101101111111111101101111
11001111101111110110111111111111011111111111111101111111011111101111011111111111111101111101101111101111101101111111111101101111
11001111101111110110111111111111011111111111111101111111011111101111011111111111111101111101101111101111101101111111111101001111
11001111101111110110111111111111011111111111111101111111011111101111011111111111111101111100101111101111101101111111111101001111
11001111101111110110111111111111011111111111111001111111011111101111011111111111111101111100101111101111101101111111111101001111
11001111101111110110111111111111011111111111111001111111011111101111011111111111111101111100101111101111101101111111111101001111
11001111101111110000111111111111011111111111111001111111011111101111000111111111111101111110001111101111101101111111111101011111
11001111101111110000111111111111011111111111111001111111011111101111000011111111111101111110001111101111101001111111111101011111
11011111101111110000111111111111011111111111111001111111011111101111000011111111111101111110001111101111101001111111111101011111
11011111101111110000111111111111011111111111110001111111011111101111000011111111111101111110001111101111100001111111111101011111
11011111101111110000111111111111011111111111110001111111011111101111000011111111111101111110001111101111100001111111111100011111
11011111101111110000111111111111011111111111110001111111011111101111000011111111111101111110001111101111100001111111111100011111
11011111101111110000111111111111011111111111110001111111011111101111000011111111111101111110001111101111100001111111111100011111
11011111101111111000111111111111011111111111110001111111011111101111000011111111111111111110001111101111100001111111111100011111
11011111101111111000111111111111111111111111110011111111011111101111000011111111111111111110001111111111100001111111111110011111
11011111101111111000111111111111111111111111110011111111011111101111000011111111111111111110001111011111100001111111111110011111
11011111101111111001111111111111111111111111110011111111011111101111000011111111111111111110011111111111110011111111111110011111
11011111111111111001111111111111111111111111110011111111111111101111000011111111111111111111011111111111110011111111111110011111
11011111111111111001111111111111111111111111110011111111111111101111000011111111111111111111011111111111110011111111111110011111
11011111111111111101111111111111111111111111110111111111111111111111011111111111111111111111011111111111110011111111111110111111
11011111111111111101111111111111111111111111110111111111111111111111011111111111111111111111011111111111110011111111111110111111