11111111111111111111111111111111111111111101111111111111111111111111111111111101111111111111111011111111111101111111111111111111
11111111111111111111111111111111111111111101111111111111111111111111111111111101111111111111111011111111111101111111111111111111
11111111111111111111111111111101111111111101111111111111111111111001111001111001111011111111111001111001111101111111111111111011
11111111111111111111111111111101111111111101111111111111111111111001111001111001111011111111111001111001111101111111111111111011
11111111111111111111111111111100111000111100111111111000111111111001111000111001111001111111111001111001111101111001111111111001
11111111111111111111111111111100111000011100111111110000111111111000111000111001110001111111111001111001111101110000111111111001
11111111111111111111111111111100111000011100111111110000111111111000111000111001110001111111111001111001111101110000111111111001
11111111111111111111111111111100111000011100111111110000111111111000111000111001110001111111111001110001111101110000111111111001
11111111111111111111111111111100111000011100111111110000111111111000111000111001110001111111111001110001111101110000111111111001
11111111111111111111111111111100111000011000111111110000111111111000111000111001110001111111110001110001111101110000111111111001
11111111111111111111111111111100111000011000111111110000111111111000111000111001110001111111110001110001111101110000111111110001
11111111111111111111111111111100111000011000111111111000111111111000111000111001110001111111110001110001111101110000111111110001
11111110111111111111011111111100111000011000111111111000111111111000111000110000110001111111110001110001111101110000111111110001
11111110111111111111011111111100111000011000111111111000111111111000111000110000110001111111110001110001111101110000111111110001
11111110111110111111011111111100111000011000111111111000111111111000111000110000110001111111110001110001111101110001111111110001
10011110011100111111011111111000111000011000111111111000111111111000111000110000110001111111110000110001111101110001111111110001
10011110011100111111011111111000111000011010111111111110111111111001111000110110110001111111110000110001111101110001111111110001
10011110011100111011011111111000111000011010111111111110111111111001111000110110110001111111110000110001111101110001111111110000
10011110011100111011011111111010111110011010111111111110111111111011111011110110110101111111110000110001111101110011111111110000
10011110011100011011011111111011011111011010111111111110111111111111111111110110110101111111110110110100111011110111111111110100
10011110011100011001011111111011011111011010111111111110111111111111111111110110110101111111110110110100111011110111111111110100
10011110011100011001011111111011011111111010111111111110111111111111111111110110110111111111110110110100111011110111111111110110
10011110011100011001011111111011011111111010111111111110111111111111111111110110110110111111110110111100111011110111111111110110
10011110011100011001011111111011011111111010111111111110111111111111111111110110110110111111110110111110111011110111111111110110
10011110011100011001011111111011011111111010111111111110111111111111111111110110111110111111110110111110111011110111111111110110
10011100011100011001011111111011011111111010111111111110111111111111111111110110111110111111110110111110111011110111111111110110
10011100011100011001011111111011011111111010111111111110111111111111111111110110111110111111110110111110111011110111111111110110
10011100011101011101011111111011011110111010111111111110111111111111111111110110111110111111110110111110111011110111111111110110
10011100011101011101011111111011011110111010111111111110111111111111111111110110111110111111110110111110111011110111111111110110
10011101011101011101011111111011011110111010111111111110111111111111111111110110111110111111110110111110111011110111111111110110
10011101011101011101011111111011011110111010111111111110111111111111111111110110111110111111110110111110111011110111111111110110
10011101011111011101011111111011011110111010111111111110111111111111111111110110111110111111110110111110111011110111111111110110
10011101011111011101011111111011011110111010111111111110111111111111111111110110111110111111110110111110111011110111111111110110
10011101111111011101011111111011011110111010111111111110111111111111111111110110111110111111110110111110111011110111111111110110
11011101111111011101011111111011011110111010111111111110111111111111111111110110111110111111110110111110111011110111111111110110
11011101111111011101011111111011011110111010111111111110111111111111111111110110111110111111110110111110111011110111111111110110
11011101111111011101011111111011011110111010111111111110111111111111111111110110111110111111110110111110111011110111111111110110
11111101111111111101011111111011011110111010111111111110111111111111110111110110111110111111110110111110111011110111111111110110
11111101111111111101011111111011011110111010111111111110111111111111110011110110111110111111110110111110111011110111111111110110
11111101111111111101011111111011011110111010111111111110111111111111110011110110111110111111110110111110111011110111111111110110
11111101111111111101011111111011011110111010111111111110111111111011110011110110111110111111110110111110111011110111111111110110
11111101111111111101011111111011011110111010111111111110111111111011110011110110111110111111110110111110111011110111111111110110
11111101111111111101011111111011011110111010111111111101111111111011110011110110111110111111110110111110111011110011111111110110
11111101111111111101011111111011011110111010111111111101111111111011110011110110111110111111110110111110111011110011111111110110
11111101111111111101011111111011011110111010111111111101111111111011110011110110111110111111110110111100111011110011111111110110
11111101111111111101011111111011011110111010111111111101111111111011110001110110111110111111110110111100110011110011111111110110
11111101111111111101011111111011011110111000111111111101111111111001110001110110111110111111110110111100110011110001111111110110
11111101111111111101011111111011011110111000111111111101111111111001110001110110111110111111110110111100110011110001111111110110
11111101111111111101011111111011011110111000111111111101111111111001110001110110111100111111110110111100110001110001111111110110
11111101111111111101011111111011011110111000111111111101111111111001110001110110111100111111110110111100110001110001111111110110
11111101111111111101011111111011011110111100111111111101111111111001110001110110111100111111110110111100110001110001111111110110
11111101111111111101011111111011011110111100111111111101111111111001110001110110111100111111110110111100110001110001111111110110
11111101111111111101011111111011011110111100111111111101111111111001110001110110111101111111110110111100110001110001111111110110
11111101111111011101011111111011011110111100111001111101110101111001110001110110111101110001110110111100110001110001110001110110
11111101111111011101011111111011011111111100111001111101110101111001110001110110111101110001110110111101110001110001110001110110
11111100111111011111011111111011011101111100111000111101110000111001111001110110111101110001110110111101110001110001110001110110
11111100111111011111011111111011011101111100111000111101110000111001111001110110111101110000110110111101110001110001110000110110
11111100111111011111011111111011011101111100111000111101110000111101111101110110111101110000110110111101110001111001110000110110
11111100111101011110011111111011011101111100111000111101110000111101111101110110111101110000110110111101110001111001110000110110
11111110111101011110011111111011011101111100111000111101110000111101111101110110111101110000110110111101110001111001110000110110
11111110111100011110011111111011011101111100111000111101110000111101111101110110111101110000110110111101110001111101110000110110
11111110111100011110011111111000011101111000111000111101110000111101111101110110111101110000110010111101110000111101110000110010
11111110111100011110011111111000011101111000111000111101110000111111111101110110111101110000110010111101110000111101110000110010
11111110111100011110011111111000011101111000111000111101110000111111111101110110111001110000110000111001110000111101110000110000
11111110111100011110011111111000011101111000111000111101110000111110111110110110111001110000110000111001110100111101110000110000
11111110111100011110011111111100011101111000111000111101110000111110111110110110111001110000110000111001110110111101110000110000
11111110011100011110011111111100011101111000111000111101110000111110111110110110111001110000110000111001110110111101110000110000
11111110011100011110011111111100011101111010111000111101110000111110111110110110111001110000110000111001110110111111110000110000
11111110011100011110011111111100011101111010111000111101110000111110111110110110111001110000110000111001110110111111110000110000
11111110011100011110011111111100011101111010111000111101110000111110111110110110111001110000110000111001110110111110110000110000
11111110011100011110011111111100011101111010111000111111111000111110111110110110111001110000111000111001110110111110110000110000
11111110011100011110011111111100011101111010111000111111111000111110111110110110111001110000111000111001110110111110110000110000
11111110011100011110011111111100111101111010111101111111111010111110111110110110111011110011111000111011110110111110111000111000
11111111011111011110011111111100111101111010111111111111111111111110111110110110111011111111111000111011110110111110111010111000
11111111011111011110011111111100111101111010111111111111111111111110111110110110111011111111111000111011110110111110111010111000
11111111011111011110011111111100111101111010111111111111111111111110111110110110111011111111111001111011110110111110111111111000
11111111011111011110011111111100111101111010111111111111111111111110111110110110111011111111111001111011110110111110111111111000
11111111011111011110011111111100111101111010111111111111111111111110111110110110111011111111111001111011110110111110111111111000
11111111011111011110011111111100111101111010111111111011111111111110111110110110111011111111111001111011110110111110111111111000
11111111011111011110011111111100111101111010111111111011111111111110111110110110111011111111111001111011110110111110111111111000
11111111011111011110011111111110111101111011111111111011111111111110111110110110111011111111111101111011110110111110111111111001
11111111011111011110011111111110111101111011111111111011111111111110111110110110111011111111111101110011110110111110111111111001
11111111011111111110011111111110111101111011111111111011111111111110111110110110111011111111111101110011110110111110111111111101
11111111011111111110011111111110111101111011111111111011111111111110111110110110111011111111111101110011110110111110111111111101
11111111011111111110011111111110111101111011111111111011111111111110111110110110110011111111111101110011110110111110111111111101
11111111011111111110011111111110111101111111111111111011111111111110111110110110110011111111111101110111110110111110111111111101
11111111011111111110011111111110111101111111011111111011111111111110111110110110110111111111111101110111110110111110111111111101
11111111011111111010011111111110111101111111011111111011111111111110111110110110110111111111111101110111110110111110111111111101
11111111111111111010011111111110111101111111011111111011111111111110111110110110110111111111111101110111110110111110111111111101
11111111111111111010011111111110111101111111011111111011111111111110111110110110110111111111111101110111110110111110111111111101
11111111111111111010011111111110111101111111011111111011111111111110111110110110110111111111111101110111110110111110111111111101
11111111111111111011011111111110111101111111011111111011111111111110111110110110110111111111111101110111110110111110111111111101
11111111111111111011011111111110111101111111011111111011111111111110111110110110110111111111111101110111110110111110111111111101
11111111111111111011011111111110111101111111011111111011111111111110111110110110110111111111111101110111110110111110111111111101
11111111111111111011011111111110111101111111011111111011111111111110111110110110110111111111111101110111110110111110111111111101
11111111111111111011011111111110111111111111011111111011111111111110111110110110110111111111111101110111110110111110111111111101
11111101111111111011011111111110111111111011011111111011111111111110111110110110110111111111111101110111110110111100111111111101
11111101111111111011011111111110111111111011011111111011111111111110111110110110110111111111111101110111110110111100111111111101
11111101111111111011011111111110111111111011011111111011111111111110111110110110110111111111111101110111110110111100111111111101
11111101111111111011011111111110111111111011011111111011111111111110111100110110110111111111111101110111110110111100111111111101
11111101111111111011011111111111111111111011111111111011111111111110111100110110110111111111111101110111110110111101111111111101
11111101111111011011011111111111111111111011111111111011111111111110111101110110110111111111111101110111110110111101111111111101
11111101111111011011011111111101111111111011111111111011111111111100111101110110110111111111111001110111110110111101111111111101
11111101111111011011011111111101111111111011111111111011111111111100111101110110110111111111111011110111110110111101111111111101
11111101111111011011011111111101111111111011111111111011111111111100111101110110110111111111111011110111110110111101111111111001
11111101011111011011011111111101111111111010111111111011111111111101111101110110110111111111111011110111110110111101111111111001
11111101011101011011011111111101111111111010111111111011111111111101111101110110110111111111111011110111110110111101111111111001
11111101011101011011011111111101111111111010111111111011111111111101111101110110110111111111111011110111110100111001111111111001
11111101011101011011011111111101111111111010111111111011111111111101111101110110110111111111111011110111110100111001111111111011
10011101011100011011011111111101111111111010111111111011111111111001111001110110110001111111111011110011110000111001111111111011
10011101011100011011011111111101111111111000111111111011111111111001111001110100110001111111111011110001110000111001111111111011
10011101011100011011011111111101111111111000111111111011111111111001111001110100110001111111111011110001110001111001111111111011
10011100011100011011011111111101111111111000111111111011111111111001111001110000110000111111111011110000110001110001111111111011
10011100011100011011011111111101111111111000111111111011111111111001111001110000110000111111111011110000110001110001111111111011
10011100011100011011011111111101111111111000111111111011111111111001110001110000110000111111111011110000110001110001111111111011
10011100011100011011011111111101111111111000111111111011111111111001110001111000110000111111111011110000110001110001111111111011
10011110011100011011011111111101111111111000111111111011111111111001110001111000110000111111111011110000111001110001111111111011
10011110011100011011011111111101111111111000111111111011111111111001110001111000110000111111111011110000111001110001111111111011
10011110011100011011011111111101111111111000111111111011111111111001110001111001110000111111111011110000111001110011111111111011
10011110011100011011011111111101111111111000111111111011111111111011110011111001110000111111111011110000111001110011111111111011
10011110011100011011011111111101111111111000111111111011111111111011110011111001110000111111111011110000111001110011111111111011
10011110011100011011011111111101111111111100111111111011111111111011110011111001110000111111111011110000111001110011111111111011
10011110011100011011011111111101111111111100111111111011111111111011110011111001110000111111111011110000111001110011111111111011
10011110111111111011011111111101111111111101111111111111111111111011110011111001111001111111111011111111111001110011111111111011
11111110111111111111011111111111111111111101111111111111111111111111110111111001111111111111111111111111111011110111111111111011
11111110111111111111011111111111111111111101111111111111111111111111110111111001111111111111111111111111111011110111111111111011
11111110111111111111111111111111111111111111111111111111111111111111111111111111111111111111111111111111111111110111111111111111
11111110111111111111111111111111111111111111111111111111111111111111111111111111111111111111111111111111111111110111111111111111