11111111111111111111111111111111111111111111111111111111111111111111111111111111111111011111110111111111111111111111111111111111
11111111111111111111111111111111111111111111111111111111111111111111111111111111111111011111110111111111111111111111111111111111
11111111111111111111111111111111111111111111111111111100101111110111111101111111111111001111110011111001111111011111111111111111
11111111111111111111111111111111111011111111111000111100001111000011111001111111111111001111100011111001111111011111111111111011
11111111111111111111111111111111111011111111111000111100001111000011111001111111111111001111100011111001111111011111111111111011
11111111111111111101111111111110000011111111111000111100001111000011111001111111111111001111100011111000111111011111111111111011
11101111111111111001111111111110000011111111111000111100001111000011111001111111111110001111100011110000111111011111111111111011
11101111111111111001111111111110000011111111111000111100001111000011111001111111111110001111100011110000111111011111111111111011
11101111100001111001111111111110000011111111111000111100001111000011111001111111111110001111100011110000111111011111111111111011
11001111000001111000111111111110000011111111111000011100001111000011111001111111111110000111100011110000111110011111111111111011
11001111000001111000111111111110000011111111111000011100001111000011111001111111111110000111100011110000111110011111111111111011
11001111000001111000111111111110000011111111111000011100001111000011111001111111111110000111100011110000111110011111111111111011
11000111000001111000111111111110000011111111111000011100001111000011111001111111111110000111100011110000111110011111111111111011
11000111000001110000111111111110000011111111111000011100001111000011110001111111111110000111100011110000111110011111111111111011
11000111000001110000111111111110000011111111111000011100001111000011110001111111111110000111100001110000111110011111111111111011
11000111000001110000111111111110000011111111111000011100001111000011110001111111111110000111100001110000111110011111111111111011
11000111000001110000111111111110000011111111111000011100001111000011110001111111111110000111101001110000111110011111111111111011
11000111000001110000111111111110000011111111111000111100001111000011110001111111111110010111101001110010111110011111111111111011
10000111000001110000111111111111000011111111111000111100001111000111110001111111111110110111101001110110111110011111111111111011
10000111000001110000111111111111000011111111111000111100001111000111110001111111111110110111101001110110111110011111111111111011
10000111100001110000111111111111110011111111111011111111001111011111110001111111111110110111101001110110111110111111111111111011
10000111100001110010111111111111110011111111111011111111001111011111110001111111111100110111101001110110011110111111111111111011
10000111100001110010111111111111110011111111110011111111001111011111110001111111111100110111101001110110011110111111111111111011
10010111110001110110111111111111110011111111110011111111001111011111110001111111111100110111101001110110011110111111111111111011
10010111111001110110111111111111110011111111110011111111001111011111110001111111111100110111101001110110011110111111111111111011
10010011111001110110111111111111110011111111110011111111001111011111110001111111111100110111101001110110011110111111111111110011
10010011111101110110111111111111110011111111110011111111001111011111110001111111111100110111101001110110011110111111111111110011
10110011111101110110111111111111110011111111110011111111001111011111110001111111111100110111101001110110011110111111111111110011
10110011111101110110111111111111110011111111110011111111001111011111110001111111111100110111001001110110011110111111111111110011
10110011111101110110111111111111110111111111110011111111001111011111110001111111111100110111001001110110011110111111111111110011
10110011111001110110111111111111110111111111110011111111001111011111110001111111111100110111101001110110011110111111111111110011
10110011111001110110111111111111110111111111110011111111001111011111110001111111111100110111101001110110011110111111111111110011
10110011111001110110111111111111110111111111110011111111001111011111110001111111111100110111101101110110011110111111111111110011
10111011111001110110111111111111110111111111110011111111011111011111110101111111111100110111101101110111011110111111111111110011
10111011111001110110111111111111110111111111110011111111011111011111100101111111111100110111111101110111011110111111111111110011
10111011111001110110111111111111110111111111110011111111011111011111100101111111111100110111111101110111011110111111111111110011
10111011111001110110111111111111110111111111110011111111011111011111101101111111111101110111111101110111011110111111111111110111
10111011111001110110111111111111110111111111110011111111011111011111101101111111111101110011101001110111011110111111111111110111
10111011111001110110111111111111110111111111110011111111011111011111101101111111111101110011101001110111011110111111111111110111
10111011111001110110111111111111110111111111110011111111011111011111101101111111111101110011101001110111011110111111111111110111
10111011111011110110111111111111110111111111110011111111011111001111111101111111111101110011101001110111011110111111111111110111
10111011111011110110111111111111110111111111110011111110011111001111111101111111111101110011101001110111011110111111111111110111
10111011111011110110111111111111110111111111110011111110011111001111111101111111111101110011101001110111011110111111111111110111
10111011111011110110111111111111100111111111110001111110011111001111111101111111111101110011100001110111011110111111111111110111
10111011111011110110111111111111100111111111110001111110011111001111111101111111111100110011100001110111011100111111111111110111
10111011111011110110111111111111100111111111110001111110011111001111111101111111111100110011100001110111011100111111111111110111
10111011111011110010111111111111100111111111110001111110011111000111111101111111111100110011100011110111011100111111111111110111
10111011111011110010111111111111100111111111110001111110011111000111111101111111111100110011100011110111011100111111111111110111
10111011111011110000111111111111100111111111110000111110011111000111111101111111111100110011100011110111011100111111111111110111
10111011111011110000111111111111101111111111110000111110011111000111111101111111111100110111100011110111011100111111111111110111
10111011111011110000111111111111101111111111110000111110011111000111111101111000111110110111100011110111011100111111111111110111
10111011111011110000111111111111101111111111110000111110011111000111111101111000011110110111100011110111011100111111111111110111
10111011111011111000111111111111101111111111110000111110011111000111111101111000011110110111100011110111011100111111111111110111
10111011111011111000111111111111101111100001110000111110011111000111111101111000001110110111100011110111011101111111111111110111
10111011110011111000111100011111101111100001110000111110001111000011111101111000001110110111100011110111011101111111000011110111
10111011110011111000111100011111101111100001110000111110001111000011111101111000001110110111100011110111011101111111000011110111
10111011110011111000111000001111101111000001110000111110001111100011111101111000001110110111100011110111011101111110000011100111
10110011110011111000111000001111101111000001110000111110001111100011111101111000001110110111100011110111011101111110000011100111
10110011110011111000111000001111101111000001111000111110001111110011111101111000001110110111100011110111011101111110000011100111
10110011110011111000111000001111101111000001111100111110001111110011111101111000001110010111100011110111011101111110000011100111
10110011110011111000111000001111101111000001111100111110001111110011111101111000001110010111100011110111011101111110000011100111
10110011110011111000111000001111101111000001111100111110001111110011111101111000001110010111100011110111011101111110000011101111
10010011110111111000111000001111101111000001111110111110001111111011111101111000001110000111100011110111011101101110000011101111
10010011110111111000111000001111101111000001111110011110001111111011111101111000001110000111100011110111011101101110000011101101
10010011110111111000111000001111001111000001111110011111001111111011111101111000001110000111100011110111011101101110000011101101
10010011110111111000111000001111001111000001111110011111001111111011111101111000001110000111100011110111011101101110000011101101
10010011110111111000111000001111001111000001111110011111101111111011111101111000001110000111100011110111011101101110000011101101
10000011110111110000111000001111001111000001111110011111101111111011111101111000001110000111100011110111011101101110000011101101
10000011110111110000111000001111001111000001111110011111101111111011111101111000001110000111100011110111011101101110000011101101
10000011110111110000111000001111001111000001111110011111101111111011111101111000011110000111001001110111011101101111000011101101
10000011110111110000111000001111001111000001111110011111101111111011111101111000011110000111001001110111011101101111000011101101
10000011110111110010111000001111001111000001111110011111101111111011111101111000111110000111001001110111011101101111000011101101
11000011110111110110111000001111011111100111111110011111101111111011111101111111111110000111001001110111011101101111000011101101
11000011110111110110111000001111011111100111111110011111101111111011111101111111111110000111001001110111011101001111000011101101
11000011110111110110111000011111011111111111111110011111101111111011111101111111111111000111001101110111011101001111100011101101
11000111110111110110111111111111011111111111111110011111101111111011111101111111111111000111001101110111011101001111111011101101
11000111110111110110111111111111011111111111111110011111101111111011111101111111111111000111001101110111011101001111111011101101
11000111110111110110111111111111011111111111111110011111101111111011111101111111111111000111001101110111011101001111111111101101
11000111110111110110011111111111011111111111111110011111101111111011111101111111111111000111001101110111011100001111111111101101
11000111110111110110011111111111011111111111111110011111100111111011111101111111111111000111001101110111011100001111111111101101
11000111110111110110011111111111011111111111111110011111100111111011111101111111111111100111011101110111011100001111111111100000
11000111110111110110011111111111011111111111111110011111100111111011111101111111111111100111011101110111011100001111111111100000
11000111110111110110011111111111011111111111111110011111100111111011111101111111111111100111011101110111011100001111111111100000
11000111100111110110011111111111011111111111111110011111100111111011111001111111111111100111011101110111011100001111111111100000
11100111100111110110011111111111011111111111111110011111100111111011111001111111111111100111011101110111011100001111111111100000
11100111100111110110011111111111011111111111111110011111100111111011111001111111111111100111011101110111011100001111111111100000
11100111100111110110011111111111011111111111111110011111100111111011111001111111111111100111011101110111011100000111111111100000
11100111100111110110011111111111011111111111111110011111100111111011111101111111111111101111011101110111011100000111111111100000
11100111100111110110011111111111011111111111111110011111100111111011111101111111111111101111011101110111011100000111111111100000
11100111100111110110011111111111011111111111111110011111100111111011111101111111111111101111011101110111011100000111111111100000
11100111100111110110011111111111011111111111111110011111100111111011111101111111111111101111011101110111011100000111111111100000
11100111100111110110011111111111011111111111111110011111100111111011111101111111111111101111011101110111011100000111111111100000
11100111100111110110011111111111011111111111111110011111100111111011111101111111111111101111011101110111011100000111111111100000
11100111100111110110011111111111011111111111111110011111100111111011111101111111111111101111011101110111011100000111111111100000
11100111100111110110011111111111011111111111111110011111100111111011111101111111111111101111011101110111011100001111111111100000
11100111100111110110011111111111011111111111111110011111100111111011111101111111111111101111011101110111011100001111111111100000
11100111100111110110011111111111011111111111111110011111101111110011111101111111111111101111011101110110011100001111111111100000
11100111100111110110011111111111011111111111111110111111101111110011111101111111111111101111011101110110011100001111111111100000
11100111100111110110011111111111011111111111111110111111101111110011111101111111111111001111011101110110011111001111111111110001
11100111100111110110011111111111011111111111111110111111101111110011111101111111111111001111011101110110011111001111111111110001
11101111100111110110011111111111011111111111111110111111101111110011111101111111111111001111011101110110011111001111111111111001
11101111100111110110011111111111011111111111111110111111101111110011111101111111111111001111011101110110011111101111111111111101
11101111100111110110011111111111011111111111111100111111101111110011111001111111111111001111011101110110011111101111111111111101
11101111100111110110011111111111011111111111111100111111101111110011111001111111111111001111011101110110011111101111111111111101
11101111100111110110011111111111011111111111111100111111101111110011111001111111111111001111001101110110011111101111111111111101
11101111100111110110011111111111011111111111111100111111001111110011111001111111111111001111001101110010011111101111111111111101
11101111100111110110011111111111011111111111111100111111001111110011111001111111111111001111001101110010011111101111111111111101
11101111100111110110011111111111011111111111111100111101001111100111111101111111111111011111001001110010011111101111111111111101
11101111100111110110011111111111011111111111111000111101001111100111111101111111111111011111000001110010011111101111111111111101
11101111100111110110011111111111011111111111111000111100001111100111111101111111111111011111000001110010011111101111111111111101
11001111100111110110011111111111011111111111111000111100001111000111111101111111111111011111000001110000011111101111111111111101
11001111100111110000011111111111011111111111111000111100001111000111111101111111111111011111000001110000011111101111111111111101
11001111100111110000111111111111011111111111110000111100001111000111111101111111111111011111000001110000011111101111111111111101
11001111100111110000111111111111011111111111110000111100001111000111111101111111111111011111000001110000111111101111111111111101
11001111100111110000111111111111011111111111110000111100001111000111111101111111111111011111000001110000111111101111111111111101
11001111100111110000111111111111011111111111110000111100001111000111111101111111111111011111000001110000111111101111111111111101
11011111101111110000111111111111011111111111110001111100001111000111111101111111111111011111100001111000111111101111111111111101
11011111101111110000111111111111011111111111110001111100011111000111111101111011111111011111100001111000111111101111111111111101
11011111101111110000111111111111011111111111110001111100011111000111111101111011111111011111100001111000111111101111111111111101
11011111101111110000111111111111011111111111110001111100011111001111111101111111111111011111100011111000111111111111111111111101
11011111101111111000111111111111011111111111110001111100011111001111111101111111111110011111100011111000111111111111111111111101
11011111101111111000111111111111011111111111110001111100011111001111111101111111111110011111100011111000111111111111111111111101
11011111101111111000111111111111011111111111110001111100011111001111111111111111111110011111100011111000111111111111111111111101
11011111101111111000111111111111011111111111111011111110111111011111111111111111111111111111100011111000111111111111111111111101
11011111101111111000111111111111011111111111111011111110111111011111111111111111111111111111100011111000111111111111111111111101
11011111101111111001111111111111111111111111111111111110111111111111111111111111111111111111110111111100111111111111111111111101
11011111111111111001111111111111111111111111111111111111111111111111111111111111111111111111111111111101111111111111111111111111
11011111111111111001111111111111111111111111111111111111111111111111111111111111111111111111111111111101111111111111111111111111