11111111111111111111111111111111111111111111111111111111111111111111111111111111111111111111111111111111111111111111111111111011
11111111111111111111111111111111111111111111111111111111111111111111111111111111111111111111111111111111111111111111111111111011
11111111111111111111111111111111111111111111111111111111111111111111111111111111111111111111111111111111111111111111111111111011
11111111111111111111111111111111111111111111111111111111111111111111111111111111111111111111111111111111111111111111111111111011
11111111111111111111111111111111111111111111111111111111111111111111111111111111111111111111111111111011111111111011111111110001
11111111111111111111111111111111111111111111111111111111111111111111111111111111111111111111111111110011110011111011111111110001
11111111111111111111111111111111111111111111111111111111111111111111111111111111111111111111111111110011110011111011111111110001
11111111111111111111111111111111100011101111111111100111111111100111100111100111110111111111111011100011110011111011111111110001
11111111111111111111111111111111100011101111111111100111111111100111100111100111110111111111111011100011110011111011111111110001
11111111111111111111111111101111000011100111111111000011111111000111100111100111110111111111111011100011110011110011111111110001
11111111111111111111111111100111000011100111111111000011111111000111100111100111110111111111110011100011100011110011111111110001
11111111111111111111111111100111000011100111111111000011111111000111100111100111110111111111110011100011100011110011111111110001
11111111111111111111111111100111000011000111111111000011111111000011100111100011110111111111110011100011100011110011111111110001
11111111111111111111111111100111000011000111111111000011111111000011100111100011110111111111110011100011100011110011111111110001
11111111111111111111111111100111000011000111111111000011111111000011000111100011110111111111110011100011100011110011111111110001
11111111111111111111111111000111000011000111111111000011111111000011000011100011110111111111110011100011100001110011111111110001
11111111111111111111111111000111000011000111111111000011111111000011000011100011110111111111110011100011100001110011111111110001
11111111111111111111111111000111000011000111111111000011111111000011000011000011110111111111110011100011100001110011111111100001
11111111111111111111111111000111000011000111111111000011111111000011000011000011110111111111110111100011100001110011111111100001
11011111011110011101111111000111000011000111111111000011111111000111000011000011110111111111110111100011100001110011111111100000
10001110011100011101101111000111000011000111111111000011111111000111000011000011110111111111110111100011100001110011111111100000
10001110011100011101101111000111000011000111111111000011111111000111000011000011110111111111110111110011100001110011111111100000
10001110011100011101101111000111000011000111111111100011111111001111000011000011110111111111110111110011100001110011111111100000
10001110011100011101101111000111100011000011111111100011111111001111000011000011100111111111110111110011100001110011111111100000
10001110011100011101101111000111110011000011111111110011111111001111000011001011100111111111110111110011101001110011111111100000
10001110011100011101101111000011110011000011111111110011111111001111000011001011100111111111110111110011101001100011111111100000
10001110011100011101101111010011110011010011111111110011111111001111011011011011100111111111110111110011101001100011111111100000
10001110011100011101101111010011110011010011111111110011111111001111011011011011100111111111110111110011101001100011111111100000
10001110011100001101101111010011110011010011111111110011111111001111011011011011100111111111110111110011101001100011111111100100
10001110011100001101101111010011110011010011111111110011111111011111011011011011100111111111110111110011101001100011111111100100
10001110001100001100101111010011110011010011111111110011111111011111011011011011100111111111100111110011101001100011111111100100
10001110001100001100101111010011110011010011111111110011111111011111011011011011101111111111100111110011101001100011111111100100
10001110001100001100101111011011110011010011111111110111111111011111011011011011101111111111100111110011101001100011111111100100
10001110001100001100101111011011110011010011111111110111111111011111011011011011101111111111100111110011101001100011111111100100
10001110001100001100101111011011110111010011111111110111111111011111011011011011101111111111100111110011101001100011111111100100
10001110001100001100101111011011110111010011111111110111111111011111011011011011101111111111100111110011101001100011111111100100
10011110001100001100101111011011110111010011111111110111111111011111011011011011101111111111100111110011101001100011111111100100
11011110001101001100101111011011110111010011111111110111111111011111011011011011101111111111100111110011101001100011111111100100
11011100001101001100101111011011110111010011111111110111111111011111011011011011101111111111100111110011101001100011111111100000
11011100001101001100101111011011110111010011111111110111111111011111011011011011101111111111100111110011101001100011111111100000
11011100001101001100101111011011110111010011111111110111111111011111011011011011101111111111100111110011101001100011111111100000
11011100001101101100101111011011110111010011111111110111111111011111011011011011101111111111100111110011101001100011111111100000
11011100001101101100101111011011110111010011111111110111111111011111011011011011101111111111100111110111101001101011111111100000
11011100001101101100101111011011110111010011111111110111111111001111011011011011101111111111100111110111101001101011111111100000
11011100101101101100101111011011110111010011111111110111111111001111011011011011101111111111100111110111101001101011111111110000
11011100101101101100101111011011110111010111111111110111111111001111011011011011101111111111100111110111100001101011111111110001
11011100101101101100101111011011110111010111111111110111111111001111011011011011101111111111100111110111100001101011111111110001
11011100101101101100101111011011110111010111111111110111111111001111011011011011101111111111100111110111100001101011111111110001
11011100101101101100101111011011110111000111111111110111111111001111011011011011101111111111100111110111100001101011111111110001
11011100111101101100101111011011110111000111111111110111111111001111011011011011101111111111100111110111100001111011111111110001
11011100111101101100101111011011110111000111111111110111111111000111011011011011101111111111100111110111100011111011111111110001
11011100111101101100101111011011100111000111111111110111111111000111011011011011101111111111100111110011100011111011111011110001
11011100111101101100101111011011100111000111111111110111111111000111011011011011101111111111100111110011100011111011111011110001
11011100111101101100001111011011100111000111111111100111111111000111011011011011101111111111100011100011100011111011110001110001
11011100111101101100001111011011100111000111111111100111111111000111011011011011101111111111100011100011100011111011110001110001
11011100111101101100001111011011100111000111111111100111111111000111011011011011101111111111100011100011100011111011100001110001
11011100111101001100001111011011100111000111000111100111000111000111011011011011101111100011100011100011100011111011100001110001
11011100111101001100001111011011100111000111000111100111000111000111011011011011101111100011100011100011100011111011100001110001
11011100111101001100001111010011100111000111000011100111000011000111011011011011101111100011100011100011100011111011100001110001
11011110111101001100001111010011101111000111000011100111000011000111011011011011101111100011100011110011100011111011100001110001
11011110111100001100001111010011101111000111000011101111000011000111011011011011101111100011100011110011100011111011100001110001
11011110111100001100001111010011101111000111000011101111000011000111011011011011101111100011100011110011100011111011100000110001
11011110111100001100001111010011101111000111000011101111000011010111011011011011101111100011100011110011100011111011100000110001
11011110011100001100001111010011101111000111000011101111000011010111011011011011101111100011100011110011100011111011100000110001
11011110011100001100001111010011101111000111000011101111000011110011011011011011101011100011100011110011100001111011100000110001
11011110011100001100001111010011101111000111000011101111000011110011011011011011101011100011100011110011100001111011100000110001
11011110011100001100001111000011101111000111000011101111000011110011011011011011000011100011000011110011100001111011100000110000
11011110011100001100001111000011101111000111000011101111000011110011011011011011000011100011001011111011100001111011100000110000
11011110011100001100001111000111101111000111000011101111000011110011011011011011000011100011001011111011100001111011100000100000
11011110011100001100001111000111101111000111000011101111000011110011011011011011000011100011001011111011100001111011100000100000
11011110011100001100001111000111101111000111000011101111000011110011011011011011000011100011001011111011100001111011100001100000
11011110011100001100001111000111101111000111000011101111000011110011011011011011000011100011001011111001100001111011100001100000
11011110011100001100001111000111101111000111000011101111000011110011011011011011000011100011001011111001100001111011100001100000
11011110011100001100001111000111101111000111000011101111000011111011011011011011000011100011001011111001100001111011100001100000
11011110011100001100001111000111101111000011000011101111000011111011011011011011000011100011001011111001100001111011100001100000
11011110011100001100001111000111101111010011000011101111000011111011011011011011010011111111001011111001101001111011110001100000
11011110011100001100001111000111101111010011000011101111000011111011011011011011010011111111001001111001101001111011110001100000
11011110011100001100001111100111101111010011010111101111111111111011011011011011010011111111001001111001101001111011111011100100
11011111011100001100001111100111101111010011111111101111111111111011011011011011010011111111001001111001101001111011111111100100
11011111011100001100001111100111101111010011111111101111111111111011011011011011010011111111001001111001101001111011111111100100
11011111011101001100001111100111101111010011111111101111111111111011011011011011010011111111001001111001101101111011111111100100
11011111001101001100001111100111101111010011111111101111111111111011011011011011000011111111001001111001101101111011111111100100
11011111001101001100001111100111101111010011111111101111111111111011011011011011000011111111011001111001101101111011111111100100
11011111001101101100001111100111101111010011111111101111111111111011011011011011000011111111011001111001101101111011111111100100
11011111001101101100001111100111101111010011111111101111111111111011011011011011000011111111011001111001101101111011111111100100
11011111001101101100001111100111101111011011111111101111111111111011011011011011000011111111011001111001101101111011111111100100
11011111001101101100001111100111101111011011111111101111111111111011011011011011000011111111011001111001101101111011111111100100
11011111001101101100001111110111101111011011111111101111111111111011011011011011000011111111011001111001101101111011111111100100
11011111101101101100001111110111101111011011111111101111111111111011011011011011000011111111011001111001101101111011111111100100
11011111101101101100001111110111101111011011111111101111111111111011011011011011000011111111011001111001101101111011111111100100
11011111101101101100001111110111101111011011111111101111111111111011011011011011000011111111011001111001101101111011111111100100
11011111101101101100001111110111101111011011111111101111111111111011011011011011000011111111011001111001101101111011111111100100
11011111101101101101001111110111101111011011111111101111111111111011011011011011000011111111011001111001101101111011111111100100
11011111101101101101001111110111101111011011111111101111111111111011011011011011000011111111011001111001101101111011111111100100
11011111101101101101001111110111101111011011111111101111111111111011011011011011000011111111001001111001101101111011111111100100
11011111101101101101001111110111101111011011111111101111111111111011011011011011000011111111001001111001101101111011111111100100
11011101101101101101001111100111101111011011111111101111111111110011011011011011000011111111001001111001101101111011111111100100
11011101101101101101001111100111101111011011111111101111111111110011011011011011000011111111001001111001101101111011111111100100
11011101101101101101001111100111101111011011111111101111111111110011011011011011000011111111001001111001101101111011111111100100
11011101101101101101001111100111101111011011111111101111111111110011011011011011000011111111001001111001101101111011111111100100
11011101101101101101001111100111101111011011111111101111111111110011011011011011100011111111101011111011101101111011111111100100
11011101101101101101001111100111101111010011111111101111111111110011011011011011110011111111101011111011101101111011111111100100
11011100101101101101001111100111101111010011111111101111111111110011011011011011110011111111101011111011101001111011111111100100
11011100101101101101001111100111101111010011111111101111111111110111011011011011110011111111101011111011101001111011111111100100
11011100101101101101001111100111101111010011111111101111111111110111011011011011110011111111101011111011101001111011111111100000
11011100001101101101001111101111101111010011111111101111111111110111011011011011110011111111101011111011101001111011111111100000
11011100001101001101001111101111101111010011111111101111111111110111011011011011111011111111101011111011101001111011111111100000
11011100001101001101001111101111101111010011111111101111111111100111011011001011111011111111101011101011100001111011111111100000
11011100001101001101001111101111101111010011111111101111111111100111011011001011111011111111101011101011100001111011111111100000
10011100001101001101001111101111101111010011111111101111111111100111010011000011111011111111100011100011100001111011111111100000
10011100001100001101001111101111101111000011111111101111111111100111000011000011111011111111100011100011100001111011111111100000
10011100001100001101001111101111101111000111111111101111111111100111000011000011111011111111100011100011100001111011111111100000
10011100001100001101001111101111101111000111111111101111111111000111000011000011111011111111100011100011100001111011111111100000
10011100011100001101001111101111101111000111111111101111111111000111000011000011111011111111100011100011100001111011111111110000
10011100011100001101001111101111101111000111111111101111111111000111000011100011111011111111100011100011100001111011111111110001
10011100011100001101001111101111101111000111111111101111111111000111000011100011111011111111100011100011100001111011111111110001
10011110011100011101001111101111101111000111111111101111111111000111000011100011111011111111100011100011100001111011111111110001
10011110011100011101001111101111101111000111111111101111111111000111000011100011111011111111100011100011100001111011111111110001
10011110011100011101001111101111111111000111111111101111111111000111000111100011111011111111100011100011100001111011111111110001
10011110011100011101001111101111111111000111111111101111111111001111100111100011111011111111100011100011100011111011111111110001
10011110011100011101001111101111111111000111111111101111111111001111100111100011111011111111100011100011100011111011111111110001
10011110011100011101001111101111111111000111111111101111111111001111100111100111111011111111100011100011110011111011111111110001
10011110011100011101001111101111111111000111111111101111111111001111100111100111111011111111100011100011110011111011111111110001
10011110011100011101011111101111111111000111111111111111111111001111100111100111111111111111110111100111110011111011111111110001
10011110011100011101111111111111111111100111111111111111111111001111100111100111111111111111110111100111110011111011111111111001
10011110011100011101111111111111111111100111111111111111111111001111100111100111111111111111110111100111110011111011111111111001
10011110011100111111111111111111111111101111111111111111111111011111100111111111111111111111110111100111110011111011111111111011
10011110011100111111111111111111111111101111111111111111111111011111100111111111111111111111110111100111110011111011111111111011