11111111111111111111111111111101111111111101111111111111111111111111111111111111111111111111110111111111111111111111111111101111
11111111111111111111111111111101111111111101111111111111111111111111111111111111111111111111110111111111111111111111111111101111
11111111111111111111111111111101111101111001111111111110111111110011110011111111111111111111100111111111111111101111111111101111
11111111111111111111111111111100110000011001111111110000111111110011110011111111111111110111100111111111111111101111111111101111
11111111111111111111111111111100110000011001111111110000111111110011110011111111111111110111100111111111111111101111111111101111
11111111111111111111111111111100110000011001111111110000111111110011110011111111111111110111100111111111101111101111111111101111
11111111111111111111111111111000110000011001111111110000111111110011110011111111111111110111100011110111101111101111111111101111
11111111111111111111111111111000110000011001111111110000111111110011110011111111111111110111100011110111100111101111111111101111
11111111111111111111111111111000110000011001111111110000111111110011110011111111111111110111100011110111100111101111111111101111
10011110011110111111111111111000110000011000111111110000111111100011100011111111111111110111100011110111100111101111111111101111
10011110011100111011111111111000110000011000111111110000111111100001100001111111111111110111000011110111100111101111111111101111
10001110011100011011111111111000110000011000111111110000111111100001100001110111111111110111000011110111100111001111111111101111
10001110011100011011111111111000110000011000111111110000111111100001100001110111111111110111000011110111100111001111111111101111
10001110011100011011111111111000110000011000111111110000111111100001100001110111111111110111000011100111100111001111111111101111
10001110011100011011111111111000110000010000111111110000111111100001100001110111111111100111000011100111100111001111111111001111
10001110011100011011111111111000111000010000111111110000111111100001100001110111111111100111000011100111100111001111111111001111
10001110011100011011111111111010111000010010111111110000111111100001100001110111111111100111000011100111100111001111111111001111
10001110011100011011111111111010011110010010111111111000111111100001101101110111111111100111000011100111000111001111111111001111
10001110011100011001111111111010011110010010111111111000111111100001101101110111111111100111000011100111000111001111111111001111
10001110011100011001111111111011011110010010111111111100111111100101101101110111111111100111000011100111000111001111111111001111
10001110011100011001111111111011011110010110111111111100111111101101101101110111111111100111000011100111000111001111111111001111
10001100001100011001111111111011011110010110111111111100111111101101101101110111111111100111001011100111000111001111111111001111
10001100001100011001111111111011011110010110111111111100111111101101101101110111111111100111001011100111000111001111111111001111
10011100001100011001111111111011011110110110111111111110111111101101101101110111111111100111011011101111000111001111111111001111
11011100101101011001111111111011011110110110111111111110111111101101101101110111111111100111011011101111000111001111111111001111
11011101101101011001111111111011011110110110111111111110111111111101101101110111111111100111011011101111000111001111111111001111
11011101101101001001111111111011011110110110111111111110111111111101101101110111111111100111011011101111000111001111111111001111
11011101101101001001111111111111011110110110111111111110111111111101101101110111111111100111011011101111000111001111111111011111
11011101101101101001111111111111011110110110111111111100111111111101101101110111111111100111011011101111000111001111111111011111
11011101101101101001111111111111011110110110111111111100111111111101101101110111111111100111011011101111000110001111111111011111
11011101101101101001111111111111011110110110111111111100111111111101101101110111111111000111011011101111000110001111111111011111
11011101101101101001111111111111011110110110111111111101111111111101101101110111111111000111011011101111000110001111111111011111
11011101101101101001111111111111011110110110111111111101111111111101101101110111111111000111011011101111000110001111111111011111
11011101101101101001111111111111011110110110111111111101111111111101101101110111111111000111011011101111000110001111111110011111
11011101101101101001111111111111011110110110111111111101111111111101101101110111111111000111011011101111000110001111111110011111
11011101101101101001111111111111011110110110111111111101111111111101101101110111111111000111011011101111000110001111111110011111
11011101111111101001111111111111011110110110111111111101111111111101101101110111111111000111011011101111000110001111111110011111
11011101111111101001111111111111011110110110111111111101111111111101101101110111111111000111011011101111000110001111111110011111
11011101111111101001111111111111011110110110111111111101111111111101101101110111111111000111011011101111000110001111111110011111
11011101111111101001111111111111011110110010111111111101111111111101101101110111111111010111011011101111000110001111111110011111
11011101111111101001111111111111011110110010111111111101111111111101101101110111111111010111011011101111000110101111111110011111
11011101111111101001111111111111011110110010111111111101111111111101101101110111111111010111011011101111000110101111111110011111
11011101111111101001111111111111011110111010111111111101111111111101101101110111111111110111011011101111000110101111111110011111
11011101111011101001111111111111011110111010111111111101111111111101101101110111111111110111011011101111000110101111111110011111
11011101111011101001111111111111011101111000111111111101111111111101101101100111111111110111011011101111000111101111111110001111
11011101111011101001111111111011011101111000111111111101111111111101101101100111111111110111011011101111000111101111111110001111
11011101111011101001111111111011011101111000111111111101111111111101101101101111111111110111011011101111100111101111111110001111
11011101111101101011111111111011011101111000111111111101111111111101101101101111111111110111011011101111100111101111111110001111
11011100111101101011111111111011011101111000111111111101111111111101101101101111111111110111011011101111100111101111111110001111
11011100111101101011111111111011011101111000111111111101111111111101101101101111111111110111011011001111100111101111111110001111
11011100111101101011111111111011011101111001111111111101111111111101101101101111111111110111011011001111100111101111111110001111
11011110111101011011111111111011011101111001111111111001111111111101101101101111111111110111011011001111100111101111111110001111
11011110111101011010111111111011011101111001111111111001111111111001101101101111111111110111011011001111100111101111111110001111
11011110111101011010111111111011011101111001111111111011111111111001101101101111111111110111011011001111100111101111111110001111
11011110111101011010111111111011011101111001111111111011111111111001101101101111111111110111011011001111100111101111111110001111
11011110111100011010111111111011011101111001111111111011110111111001101101101011111111110111011011000111100111101111110110001111
11011110011100011010111111111011011101111001111001111011100111111001101101101011111111110111011011000111100111101111000110001111
11011110011100011010111111111011011101111001111001111011100111111001101101101011111111110111011011000111100111101111000110001111
11011110011100011010111111111010011101111000110000111011100000111001101101101011111111110111011011000111100111101110000110000111
11011110011100011010111111111010011101111000110000111011100000111001101101101011000001110111011011000111100111101110000110000111
11011110011100011010111111111000011101111000110000111011100000111001101101101011000001110111011011000111100111101110000100000111
11011110011100011010111111111000011101111000110000111011100000111011101101101011000001110111011011010111100111101110000100000111
11011110011100011010111111111000011101111000110000111011100000111011101101101011000001110111011001010111100111101110000100000111
11011110011100011010111111111000011101111000110000111011100000110011101101101011000001110111011001010111100111101110000000000111
11011110011100011010111111111000011101111000110000111011100000110011101101101011000001110111011001010111100111101110000100000111
11011111011100011010111111111000011101111000110000111011100000110011101101101011000001110111011001010111100111101110000100000111
11011111011100011010111111111000011101110010110000111011100000110011101101101011000001110111011001000111100111101110000100000111
11011111011000001010111111111000011101110010110000111011100000110011101101101011000001110111011001000111100111101110000100000111
11011111011001001010111111111000011101110010110000111011100000110011101101101011000001110111011001010111100111101110000100100111
11011111011011001010111111111000011101110010110000111011100000110011101101101011000001110111011001010111100111101110000100100111
11011111001011001010111111111100111101110110110000111011100000110011101101101011000001110111011001010111100111101110000000100111
11011111001011001010111111111100111101110110110000111011100000110011101101101011000001110111011001010111100111101110000000100111
11011111001011101010111111111100111111110110110000111011100000110011101101101011000001110111011001010111100111101110000100110111
11011111001011101010111111111100111111110110110000111011100000110011101101101011000001110111011001010111100111101110000100110111
11011111001011101010111111111100111111110110111111111011101100110111101101101011000001110111011001010111100111101110000100110111
11011111001011101010111111111100111111110110111111111011111100110111101101101011000001110111011001010111100111101110000100110111
11011111101011101010111111111110111111110110111111111011111111110111101101101011100001110111011001010111100111101110000100110111
11011111101011101010011111111110111111110110111111111011111111110111101101101011101001110111011001010011100111101111000100110111
11011111101011101010011111111110111111110110111111111011111111110111101101101001111111110111011001000011100111101111110100110111
11011111101011101010011111111110111111110110111111111011111111110111101101100001111111110111011001000011100111101111111100110111
11011111101011101010011111111110111111110110111111111011111111110111101101100001111111110111011001000011100111101111111100110111
11011111101011101010011111111110111011110110111111111011111111100111101101100001111111110111011001000011100111101111111100110111
11011111101011101010011111111110111011110110111111111011111111100111101101100001111111110111011001000011100111101111111100110111
11011111101011101011011111111110111011110110111111111011111111100111101101100001111111110111011001000011100111101111111100110111
11011111101011101011011111111110111011110110111111111011111111100111101101100001111111110111011011000011100111101111111100110111
11011111101011101011011111111110111011110110111111111011111111100111101101100001111111110111011011000011100111101111111100110111
11011111101011101011011111111110111011110110111111111011111111100111101101100001111111110111011011000011100111101111111100110111
11011111101011101011011111111110111011110110111111111111111111100111101101100001111111110111011011000011100111101111111100110111
11011111101011101011011111111110111011110110111111111111111111101111101101100001111111110111011011000011100111101111111100110111
11011101101011101011011111111110111011110110111111111111111111101111101101100001111111110111011011000011100111101111111100110111
11011101101011101011011111111110111011110110111111111111111111101111101101100001111111110111011011000011100111101111111100110111
11011101101011101011011111111110111011110110111111111111111111101111101101100001111111110111011011000011100111101111111100110111
11011101101011101011011111111110111011110110111111111111111111101111101101100001111111110111011011000011100111101111111100110111
11011101101011101011011111111100111011110110111111111111111111101111101101100001111111110111011011000011100111101111111100110111
11011101101011101011011111111100111011110110111111111111111111101111101101100001111111110111011011000011100111101111111100110111
11011101101011101011011111111100111011110110111111111111111111101111101101100001111111110111011011000011100111101111111100110111
11011101101011101011011111111101111011110110111111111111111111101111101101100001111111110111011011000011100111101111111100110111
11011101101011101011011111111101111011110110111111111111111111101111101101100001111111110111011011000011100111101111111100100111
11011101101011101011011111111101111011110110111111111111111111101111101101100011111111110111011011000011100111101111111100100111
11011101101001101011011111111101111011110110111111110111111111101111101101111011111111110111011011000011100111101111111100100111
11011101101001001011011111111101111011110110111111110111111111101111101101111011111111110111011011110011100111101111111110100111
10011101001001001011011111111101111011110110111111110111111111101111101101111011111111110111011011110011100111101111111110000111
10011101001001001011011111111101111011110110111111110111111111101111101101111011111111110111011011110011100111101111111110000111
10011101001000001011011111111101111011110010111111110111111111101111101101111011111111110111011011110011100111101111111110000111
10001100001000001011011111111101111011110010111111110111111111101111101101111011111111110111011011110111100111101111111110000111
10001100001000001011011111111101111011110000111111110111111111100011101001111011111111110111001011110111100111101111111110000111
10001100001000011011011111111101111011110000111111110111111111100011101001111011111111110111001011110111100111101111111110000111
10001100011100011011011111111101111011110000111111110111111111100001100001111011111111110111000011110111100111101111111110000111
10001110011100011011011111111101111011110000111111110111111111100001100001111011111111110111000011110111100111101111111110000111
10001110011100011011011111111101111011110000111111110111111111100001100001111011111111110111000011110111100111101111111110000111
10001110011100011011011111111101111011110000111111110111111111100001100001111011111111110111000011110111100111101111111110000111
10001110011100011011011111111001111011111000111111110111111111100001100001111011111111110111000011110111100111101111111110000111
10001110011100011011011111111001111011111000111111110111111111100001100001111011111111110111000011110111100111101111111110000111
10001110011100011011011111111001111011111000111111110111111111100001100001111011111111110111000011110111100111101111111110000111
10001110011100011011011111111011111011111000111111110111111111100001100001111011111111110111000011110111100111101111111110001111
10001110011100011011011111111011111011111001111111110111111111100001100001111011111111110111000011110111100111101111111110001111
10001110011100011011011111111011111011111001111111110111111111100001100001111011111111110111000011110111100111101111111110001111
11011110011111111011111111111011111011111001111111111111111111100001110001111011111111110111100011110111100111101111111110001111
11111111111111111111111111111111111111111001111111111111111111100001110001111011111111110111100011110111110111101111111110001111
11111111111111111111111111111111111111111001111111111111111111100001110011111011111111110111100011110111110111101111111111001111
11111111111111111111111111111111111111111001111111111111111111100001110011111011111111110111100011110111110111101111111111001111
11111111111111111111111111111111111111111111111111111111111111100001110011111011111111110111100011110111110111101111111111001111
11111111111111111111111111111111111111111111111111111111111111110101110011111111111111110111100111110111111111111111111111001111
11111111111111111111111111111111111111111111111111111111111111111111111111111111111111111111100111111111111111111111111111001111
11111111111111111111111111111111111111111111111111111111111111111111111111111111111111111111100111111111111111111111111111001111
11111111111111111111111111111111111111111111111111111111111111111111111111111111111111111111110111111111111111111111111111001111
11111111111111111111111111111111111111111111111111111111111111111111111111111111111111111111111111111111111111111111111111111111
11111111111111111111111111111111111111111111111111111111111111111111111111111111111111111111111111111111111111111111111111111111