11111111111111111111111111111111111111111111111111111111111111111111111111111111111111111111111111111111111111111111111111111111
11111111111111111111111111111111111111111111111111111111111111111111111111111111111111111111111111111111111111111111111111111111
11111111111111111111111111111111111111111111111111111111111111111111111111111111111111101111110011111101111111011111111111111011
11111111111111111111111111111111111111111111111111111111111111111111111111111111111111101111110011111101111111011111111111111011
11111111111111111111111111111111111111111111111111111111111111111111111111111111111111100111110011111100111110011111111111111001
11101111111111111101111111111111111011111111111101111111111111100111111111111111111111000111110011111100111110001111111111110001
11101111111111111101111111111111111011111111111101111111111111100111111111111111111111010111110011111100111110001111111111110001
11001111111001111100111111111111110011111111111101111111111111100111111111111111111111010111110011111000111110001111111111110001
11001111111001111100111111111111110011111111111101111111001111100111111111111111111111010111110001111000111110001111111111110001
11001111111001111100111111111111110011111111111101111111001111101111111111111111111111010111110001111000111110001111111111110001
11001111111001111100111111111111110011111111111001111111001111101111111111111111111111010111101001111010111101001111111111110001
11001111111001111100111111111111110011111111111001111111001111101111111111111111111111010111101101111010111101101111111111110001
11101111111001111110111111111111110011111111111011111111001111101111111111111111111111110111101101111010111101101111111111110101
11100111111001111110111111111111110011111111111011111111001111101111111111111111111111110111101101111010111101101111111111110101
11100111111001111110111111111111110011111111111011111111001111101111111111111111111111110111101101111010111101101111111111111101
11110111111001111110111111111111110011111111111011111111001111101111111111111111111110110111101101111011111101101111111111111101
11110111111001111110111111111111110011111111111011111111001111101111111111111111111110110111101101111011111101101111111111101101
11110111111001111110111111111111111011111111111011111111001111111111111111111111111110110111101101111011111101101111111111101101
11110111111001111110111111111111111011111111111011111111001111111111111111111111111110111111101101111111011101101111111111101111
11110111111001111110111111111111111011111111111011111111001111111111111111111111111110111111101101111111011101101111111111101111
11110111111101111110111111111111111011111111111011111111001111111111111111111111111110111111101101111111011101101111111111101111
11110111111101111110111111111111111011111111111011111110001111111111111111111111111110111111101101111111011101101111111111101111
11110111111101111110111111111111111011111111111011111110001111111111111011111111111110111111101101111111011101101111111111101111
11110111111111111110111111111111111011111111111011111110001111111111111011111111111110111111101101111111011101111111111111101111
11110111111111111110111111111111111011111111111011111110001111111111111011111111111110111011101101111111011101111111111111101111
11110111111111111110111111111111111011111111111011111110001111111111111011111111111110111011101101110111011101111111111111101111
11110111111111111110111111111111111111111111111011111110001111111111111011111111111110111011101101110111011101111111111111101111
11110111111111111110111111111111111111111111111011111110001111111111111011111111111110111011101101110111011101111111111111101111
11110111111111111110111111111111111111111111111011111110001111111111111011111111111110111011111101110111011101111111111111101111
11110111111111111110111111111111111111111111111011111111001111111111111011111111111110111011111101110111011101111111111111101111
11110111111111111110111111111111111111111111111011111111001111111111111011111111111110111011111101110111011101111111111111101111
11111111111111111111111111111111111111111111111011111111101111111111111011111111111110111011111101110111011101111111111111101111
11111111111111111111111111111111111111111111111011111111101111111111111011111111111110111011111101110111011101111111111111101111
11111111111111111111111111111111111111111111111011111111101111111111111011111111111110111011111101110111011101111111111111101111
11111111111111111111111111111111111111111111111011111111101111111111111011111111111110111011111111110111011101111111111111101111
11111111111111111111111111111111111111111111111011111111101111101111111011111111111110111011111111110111011101111111111111101111
11111111111111111111111111111111111111111111111011111111101111101111111011111111111110111011111111110111011101111111111111101111
11111111111111111111111111111111111111111111111011111111101111101111111011111111111110111011111111110111011101111111111111101111
11111111111111111111111111111111111111111111111011111111101111101111111011111111111110111011111111110111011101111111111111101111
11111111111111111111111111111111111111111111111011111111101111101111111011111111111110111011111111110111011101111111111111101111
11111111111111111111111111111111111111111111111011111111101111101111111011111111111110111011111111110111011101111111111111101111
11111111111111111111111111111111111111111111111001111111101111101111111011111111111110111011111111110111011101111111111111101111
11111111111111111111111111111111111111111111111001111111101111101111111011111111111110111011111111110111011101111111111111101111
11111111111111111111111111111111111111111111111001111111101111101111111111111111111110111011111111110111011111111111111111101111
11111111111111111011111111111111111111111111111001111111101111101111111111111111111110111011111111110111011111111111111111101111
11111111111111111011111111111111111111111111111001111111101111101111111111111111111110111011111111110111011111111111111111101111
11111111111111111011111111111111111111111111111001111111101111100111111111111111111110111011111111110111011111111111111111101110
11111111111111111011111111111111111111111111111001111111101111100111111111111111111110111011111101110111011111111111111111101110
11111111111111111011111111111111111111111111111001111111101111100111111111111111111110111011111101110111011111111111111111101110
11111111111111111001111111111111111111111111111000111111101111100111111111111111111110111011101101110111011111111111111111101110
11111111111111111000111111111111111111111111111000111111101111100111111111111111111110111011101101110111011111111111111111101110
11111111111111111000111111111111111111111111111100111111101111100111111111111111111110111011101101110111011111111111111111101110
11111111111111111000111111111111111111111111111100111111101111100011111111111111111110111011101101110111011111111111111111101110
11111111111111111000111111111111111111111111111100111111101111110011111111111111111110111011101101110111011111111111111111101110
11110111111111111000111111111111111111111111111110111111101111111011111111111111111110111011101101110111011111111111111111101110
11110111111111111000111111111111111111111111111110111111101111111011111111111111111110111011101101110111011111110111111111101110
11110111111111111000111111111111111111111111111110111111101111111011111111111111111110111011101101110111011111110111111111101110
10110111111111111000111111111111111111111111111110111111101111111011110111111101101110111011101101111111011111110111100011101110
10110111111111111000111110111111111111110001111110011111101111111011110111111100001110111011101101111111011111110111000011101110
10110111111111111000111110111111111111110001111110011111101111111011110111111100001110111011101101111111011111110111000011101110
10110111111111111000111100001111111111110001111111011111101111111011110111111100001110111011101101111111011111110111000011101110
10110111111111111000111100001111111111110001111111011111101111111011110111111100001110111011101101111010011111110111000011101110
10110111111111111000111100001111111111110001111111011111101111111011110111111100001110111011101101111010011111110111000011101110
10110111111111111000111100001111101111110001111111011111101111111011110111111100001110111011101101111010011111110111000011101110
10110111111111111000111100001111101111110001111111011111101111111011110111111100001110111011101101111010011111110111000011101110
10110111111111111000111100001111111111110001111111011111101111111011110111111100001110111011101101111010011111110111000011101110
10110111111111111000111100001111111111110001111111011111101111111011110111111100001110111011101101111010011111110111000011101110
10110111111111111000111100001111111111110001111111011111101111111011110111111100001110111011101001111010011111110111000011101110
10100111111111111110111110001111111111110101111111011111101111111011110111111111111110111011100001111010011111110111000011101110
10000111111111111110111110001111111111110101111111011111101111111011110111111111111110111011100001111000011111110111000011101110
10000111111111111110111111111111111111111111111111011111101111111011110111111111111110111011100001111000011111110111111111101110
11000111111111111110111111111111111111111111111111011111101111111011110110111111111110111011110001111000011111110111111111101110
11000111111111111110111111111111111111111111111111011111101111111011110110111111111110111011110001111000011111110111111111101110
11000111111111111110111111111111111111111111111111011111101111111011110110111111111110111011110001111000111111110111111111101110
11000111111111111110111111111111111111111111111111011111101111111111110110111111111110111011110001111100111111110111111111101110
11000111111111111110111111111111111111111111111111011111101111111111110110111111111110111011110001111100111111110111111111101110
11000111111111111110111111111111111111111111111111011111101111111111110110111111111110111011111001111100111111110111111111101110
11000111111111111110111111111111111111111111111111011111101111111111110110111111111110111011111001111100111111110111111111101110
11000111111111111110111111111111111111111111111111011111101111111111110110111111111110111011111001111100111111110111111111101110
11100111111111111110111111111111111111111111111111011111101111111111110110111111111110111011111001111100111101110111111111101110
11100111111111111110111111111111111111111111111111011111101111111111110100111111111110111011111001111100111101110111111111101110
11101111111111111111111111111111111111111111111111011111101111111111110100111111111110111011111001111110111101110111111111101110
11101111111111111111111111111111111111111111111111011111101111111111110100111111111110111011111001111110111101110111111111101110
11101111111111111111011111111111111111111111111111011111101111111111110100111111111110111011111001111110111101110111111111101110
11101111111111111111011111111111111111111111111111011111101111111111110100111111111110111011111001111110111101110111111111101110
11101111111111110111011111111111111111111111111111011111101111111111110000111111111110111011111011111110111101110111111111101110
11101111111111110111011111111111111111111111111111011111101111111111110000111111111110111011111011111110111101110111111111101110
11101111111111110111011111111111111111111111111111011111101111111111110000111111111110111011111011111110111101110111111111101110
11101111111111110111011111111111111111111111111111011111101111111111110000111111111110111011111011111110111101111111111111101110
11101111111111110111011111111111111111111111111111011111101111111111110000111111111110111011111011111110111101111111111111101110
11101111111111110111011111111111111111111111111111011111101111111111110000111111111110111011111011111110111101111111111111101110
11101111111111110111011111111111111111111111111111011111101111111111110000111111111110111011111011111110111101111111111111101110
11101111111111110111011111111111111111111111111111011111101111111111110000111111111110111011111011111110111101111111111111101111
11101111111111110111011111111111111111111111111111011111101111111111110000111111111110111011111011111110111101111111111111101111
11101111111111110111011111111111111111111111111111011111101111111111110000111111111110111011111011111110111101111111111111101111
11101111111111110111011111111111111111111111111111011111101111111111111100111111111110111011111011111110111101111111111111101111
11101111111111110111011111111111111111111111111111011111101111111011111100111111111110111011111011111110111101111111111111101111
11101111111111110111011111111111111111111111111111011111101111111011111100111111111110111011111011111110111101111111111111101111
11111111111111110111011111111111111111111111111111011111101111111011111100111111111110111011111011111110111101111111111111101111
11111111111111110111011111111111111111111111111111011111101111111011111100111111111110111011111011111111111101111111111111101111
11111111111111110111011111111111111111111111111111011111101111111011111100111111111110111011111011111111111101111111111111101111
11111111111111110111011111111111111111111111111111011111101111111011111100111111111110111011111011111111111101111111111111101111
11111111111111110111011111111111111111111111111111011111101111111011111100111111111110111011111011111101111101111111111111101111
11111111111111110111011111111111111111111111111111011111101111111011111100111111111110111011111011111101111101111111111111101111
11111111111111110111011111111111111111111111111111011111101111111011111100111111111110111011111011111101111101111111111111101111
11111111111111110111011111111111111111111111111111011111101111111011111100111111111110111011111011111101111101111111111111101111
11111111111111110111111111111111111111111111111111011111101111111011111110111111111110111111111011111101111101111111111111101111
11111111111111110111111111111111111111111111111111111111101111111011111111111111111110111111111011111101111101101111111111101111
11111111111111110111111111111111111111111111111111111111101111111011111111111111111110111111111011111101111101101111111111101101
11111111111111110111111111111111111111111111111111111111101111111011111111111111111110111111111111111101111101101111111111101101
11111111111111110111111111111111111111111111111111111111101111111111111111111111111110111111110111111101111101101111111111101101
11111111111111110111111111111111111111111111111111111111101111111111111111111111111110110111110111111101111101101111111111101101
11111111111111110111111111111111111111111111111111111111101111111111111111111111111110110111110111111101111101101111111111101101
11111111111111110111111111111111111111111111111111111111101111110111111111111111111110110111110111111101111101101111111111101101
11111111111111110111111111111111111111111111111111111111101111110111111111111111111110110111110111111101111101101111111111101101
11111111111111110111111111111111111111111111111111111111101111110111111111111111111110110111110111111101111101101111111111101101
11111111111111110010111111111111111111111111111111111111101111110111111111111111111110010111110111111101111101101111111111101101
11111111111111111010111111111111111111111111111111111111101111110111111111111111111111010111110111111101111101101111111111101101
11111111111111111011111111111111111111111111111111111111101111110111111111111111111111010111110111111111111101101111111111111101
11111111111111111011111111111111111111111111111111111111101111110111111111111111111111000111110111111111111100001111111111110001
11111111111111111011111111111111111111111111111111111111111111111111111111111111111111000111110111111111111110001111111111110001
11111111111111111001111111111111111111111111111111111111111111111111111111111111111111000111110111111111111110001111111111110001
11111111111111111001111111111111111111111111111111111111111111111111111111111111111111000111110111111111111110001111111111110001
11111111111111111001111111111111111111111111111111111111111111111111111111111111111111001111111111111111111110001111111111110001
11111111111111111001111111111111111111111111111111111111111111111111111111111111111111111111111111111111111110011111111111111011
11111111111111111001111111111111111111111111111111111111111111111111111111111111111111111111111111111111111110011111111111111011
11111111111111111011111111111111111111111111111111111111111111111111111111111111111111111111111111111111111111111111111111111011
11111111111111111011111111111111111111111111111111111111111111111111111111111111111111111111111111111111111111111111111111111011