00000000000010111111111011111111111111111111111111111111111111111111111111111111111111111111111111111111111111111111111111111111
00000000000110111111111011111111111111111111111111111111111111111111111111111111111111111111111111111111111111111111111111111111
00000000000110011110110001111111011111111110011111111111111111111111011110111110111111111111111001111111111001111011111111111111
00000000000110001110110001111110001110000110011111111100001111111100001100111100111111111111111001110000111001111001111111111011
00000000000110001110110001111110001110000110011111111100001111111100001100111100111111111111111001110000111001111001111111111011
00000011000110001110110001111110001100000110011111111000001111111100001100011100111100111111111001100000110001110001111111111011
00000011000000001110110001111110001100000110011111111000001111111100001100011100011100111111111001100000110001110001111111111011
00000111000000001110110001111110001100000110011111111000001111111100001100011100011100111111111001100000110001110001111111111011
00000111000100000110110001111110001100000110011111111000001111111100001100011100011100111111111001100000110001110001111111111011
00000110000100000100110001111110001100000100011111111000001111111100001100011100011100111111111000100000110001110001111111111011
00000110000100000100110001111110001100000100011111111000001111111100001100011100011100111111111000100000110001110001111111111011
10000110000100000100010001111110001100000100001111111000001111111100001100011100011100111111110000100000110001110001111111111011
10000110000100000100010001111110001100000100001111111000001111111100001100011000011100111111110000100000110001110001111111111011
10000110000100000100010001111110001100000100001111111000001111111100001100011000011100111111110000100000110001110001111111111011
10000110000100000100010001111110001100000100001111111000001111111100001100011000011100111111110000100000110001110001111111111011
10000110000100000100010001111110001100000100001111111000001111111100001100011000011100111111110000100000110000110001111111111011
10000110000100000100010001111110001100000100001111111000001111111100001000011000011100111111110000100000110000100001111111110011
10000110000100000100010001111110001100000101001111111000001111111100001001011000011100111111110000110000110000100001111111110011
10000110000100000110010011111110101101000101101111111101001111111100001001001001011100111111110010110000110100100001111111110011
10000110000100000010010011111100100101000101101111111101001111111100001001001001011100111111110010110000110100100001111111110011
11000110000110010010011011111100100111100101101111111101001111111101111001001001011100111111110010111100110100100101111111110011
11001110110110010010011011111100100111100101101111111111001111111101111001001011011100111111110110111100100100100100111111110011
11001110110110010010011011111100100111100101101111111111001111111101111001001011011100111111110110111100100100100100111111110011
11001110110110010010011011111100100111101101101111111111001111111101111001001011011000111111110110111100100100100100111111110011
11001110110110110010011011111100110111101101101111111111001111111101111011001011011000111111110110111110100100100100111111110011
11001110110110110010011011111100110111101101101111111111001111111101111011001011011000111111110110111110100100101100111111110011
11001110110110110010011011111100110111101101101111111111001111111101111011001011011000111111110110111110100100101100111111110011
11101110110110110010011011111101110111101101101111111111001111111101111011001011011000111111110110111110100100101100111111110011
11101110110110110010011011111101110111101101101111111111001111111101111011001011011000111111110110111110100110101100111111110011
11101110110110110010011011111101110111101101101111111111001111111101111011001011001000111111110110111110100110101100111111110011
11101110110110110010011011111101110111101101101111111111001111111101111011001011001000111111110110111110100110101100111111110011
11101110110110110010011011111101110111101101101111111111001111111101111011001011001000111111110110111100100110101100111111100011
11101110110110110010011011111101110111101101101111111111001111111101111011001011001000111111110110111100100110101100111111100011
11101110110110110010011011111101110111101101101111111111001111111101111011001011001000111111110111111100100110101100111111100011
11101110110110110010011011111101110111101101101111111111011111111101111011001011001000111111110111111100100110101100111111100011
11101110110110110010011011111101110111101101101111111111011111111101111011001011000000111111110111111100100110101100111111100011
11101110110110110010001011111101110111101101101111111111011111111101111011001011000000111111110111111100100110101100111111100011
11101110110110110010001011111101110111101101101111111111011111111101111111001111000000111111110111111100100110111100111111100011
11101110110110110010001011111101110111101101101111111111011111111101111111001111000000111111110111111101100110111100111111100011
11101110110110110010001011111101110111101101101111111111011111111101111111001111000000111111110111111101100110111100111111100011
11101110110110110010001011111101110111101101101111111111011111111101111111001111000000111111110111111101100110111100111111100011
11101110110110110010001011111101110111101101101111111111011111111101111111001111000000111111110111111101100110111100111111100011
11101110110110010010001011111101110111101101101111111111011111111101111111001111000000111111110111111101100110111100111111100011
11101110110110010010001011111101110111101101101111111111011111111101111111001111000100111111110111111101100110111100111111100011
11101110110110000010001011111101110111101101101111111111011111111101111111001111010100111111100111111101100100111100111111101011
11101110110110000010001011111101110111101101101111111111011111111101111111001111010100111111100111111101100100111100111111101011
11101110111110000010001011111101110111001101101111111111011111111101111111001111010100111111100111111101100100111100111111101011
11101110111110000010001011111101110111001101101111111111011111111100011111011111010100111111100101111101110100111100111111101011
11101110011110000010101011111101110111001101001111111111011111111100011111011111010100111111100001111101110100111100111111101011
11101110011110000010101011111101110111001100001111111111011111111100011111011111010100111111100001111101110100111100111111101011
11101110011110000110101011111101110111001100001111111111011111111100011111011111011100111111100001111101110100111100111111111011
11101110001110000110101011111101110111001100001111111111011111111100011111011111011100111111100000111101110000111101111111111011
11101110001110000110101011111101110111001100001111111111011111111100011111011111011100111111100000111101110000111101111111111011
11101110001110000110101011111101110111001100001111111111011111111100011111011111011100111111100000111101110000111101111111111011
11101110001110000110101011111101110111011100001111111111011111111100011110011111011100111111100000111101110001111101111111111011
11101110000110000110101011111101110111011100001111111111011111111100001110011111011100111111100000111101110001111101111111111011
11101110000110000110101011111101110111011100001111111111011111111100001110011111011100111111100000111101110001111101111111111011
11101110000110000110101011111101110111011100001111111111011100011100001110011111011100110111100000111101110001111101111111111011
11101110000110000110101011111100110111011100001100001111011000001100001110011111011100100001100000111101110001111101110001111011
11101110000110000010101011111100100111011100001100001110011000001100001100011111011100100000100000111101110001111101100001111011
11101110000110000010101011111100100111011100001100001110011000001100001100011111011100100000100000111101110001111101100001111011
11101111000110000010100011111100100111011100001100001110011000001101001100011110011100100000100000111101110001111101100000111011
11101111000110000010100011111100100111011100001100001110011000001101001100011110011100100000100000111001110001111101100000111011
11101111000110000010100011111100100111011100001100001110011000001101001100011110011100100000100000111001110001111101100000111011
11101111000110010010100011111100100111011100001100001110011000001101001100011110011100100000100110111001110001111101100000111011
11101111000110010010100011111100100111011100001100001110011000001101001100011110011100100000100110111001110001111001100000111011
11101111000110010010100011111100100111011100001100001110111000001101101110011110011100100000100110111001110001111001100000111011
11101111100110110010100011111110000111011100001100001110111000001101101110011110011100100000100110111001110001111001100000111011
11101111100110110010100011111110000111011100001100001110111000001101101110011110011100100000100110111001110000111001100000111011
11101111100110110010110011111110000111011100001100001110111000001111101110011110111100100000100110111001110000111001100000111011
11101111100110111010110011111110000111011100001100001110111000011111101110011110111100100000100110111001110000111001100000111011
11101111110110111010110011111110000111011101101100001110111001111111101111011110111100110000100110111011100000111011100001111011
11101111110110111010110011111110000111011101101100001110111001111111101111001110111100110000100110111011100000111011100001111011
11101111110110111010110011111110000111011101101101011110111111111111101111001110111100111111100110111011100100111011110001111011
11101111110110111010110011111110000111011101101111111110111111111111101111001110111100111111100110111011100100111011111111111011
11101111110110111010110011111110000111011101101111111110111111111111101111001100111100111111100110111011100100111011111111111011
11101111110110111010110011111110010111011101101111111110111111111111101111001100111100111111100110111011100100111011111111111011
11101101110110111010110011111110010111011101101111111110111111111111101111001100111100111111100110111011100100110011111111111011
11101101110110111010110011111110010111011101101111111110111111111111101111001100111100111111100110011011100100110011111111111011
11101101110110111010110011111110010111011101101111111110111111111111101111001100111100111111100110011011100100110011111111111011
11101101110110111010110011111110010111011101101111111110111111111111101111001100111100111111100110011011101110110011111111111011
11101101110110111010110011111111110111011101101111111110111111111111101111001100111100111111100110011011101110110011111111111011
11101101110110111010110011111111110111011101101111111110111111111111101111101100111100111111100110011011101110110011111111111011
11101101110110111010110011111111110111011101101111111110111111111111101111101100111100111111100110111011101110110011111111111011
11101100110110111010110011111111110111011101101111111110111111111111101111101101111100111111100110111011101110110011111111111011
11101100110110111010110011111111110111011101101111111110111111111111101111101101111100111111100110111011101110110011111111111011
11101100110110111010110011111111110111011101101111111110111111111111101111101101111100111111100110111011101110110011111111111011
11001100110110111010110011111111110110011101101111111110111111111111101111101101111100111111100110011011101110110111111111111011
11001100110110111010110011111111110110011101101111111110111111111111101111101101111100111111100110011011101110110111111111111011
11001100110110111010110011111111110110011101101111111110111111111111101111101101111100111111100110011011101110110111111111111011
11001100110110010010010011111111110110011101100111111110111111111111101111101101111100111111100110011011101110110111111111111011
11001100110110010010010011111111110110011101100111111110111111111011101111101101111100111111100110011011101110110111111111111011
11001100110110010010010011111111110110011101100111111110111111111011101111101001111100111111100110011011101110110111111111111011
11001100110110010010010011111111110110011101100111111110111111111011101011101001111100111111100110111011101110110111111111111011
10001100110110000010010011111111110110011101100111111110111111111011101011101001111100111111100110111011101110110111111111111011
10000100110110000010010011111111110110011101100111111110111111111011101011101001111100111111100110111011101110110111111111111011
10000110110110000010010011111111110110011101101111111110111111111011101011101001111100111111100110111011101110110111111111111011
10000110000100000010010011111111110110111101101111111110111111111011101011101001111100111111110110111011101110100111111111111011
10000110000100000000010011111101110110111101101111111110111111111001101011101001111100111111110110111011101110100111111111111011
10000110000100000100011011111101110110111101101111111110111111111001101011101001111100111111110110111011101110100111111111111011
10000110000100000100011011111101110110111101101111111110111111111001101011101011111100111111110110111011101110100111111111111011
10000110000100000100011011111101100110111101101111111110111111111001101011001011111100111111110110111011101110100111111111111011
10000110000100000100011011111101100110111101101111111110111111111001101011001011111100111111110110111011101110100111111111111011
10000110000100000100011011111100100110111101101111111110111111111001101011001011111100111111110110111011100110100111111111111011
10000100000100000100011011111100100110111101101111111110111111111001101011001011111101111111110110111011100110100111111111111011
10000100000100000100011011111100100110111101101111111110111111111001101001001011111101111111110110111011100100100111111111111011
10000100000100000100011011111100100110111101101111111110111111111001101001001011111101111111110110111011100100100111111111111011
10000100000100000100011011111100101110111101101111111110111111111101001001001011111101111111110110111011100100100111111111111011
10000100000100000100011011111100101110111101101111111110111111111101001001001001011101111111110010111011100100100111111111111011
10000100001110001110011011111110101110111101101111111110111111111101001001001001011101111111110010111011100100100111111111111011
10000100001110001111111011111110101110111100101111111110111111111101001001001000011101111111110000111011100100100001111111111011
10000100001110001111111011111110101110111100001111111110111111111100001000001000011101111111110000111011100000100001111111111011
11000100001111111111111011111110101110111100001111111110111111111100001000011000011101111111110000111011100000100001111111111011
11111110001111111111111111111110001110111100001111111110111111111100001000011000011101111111110000110011110000100001111111111011
11111110001111111111111111111110001110111100001111111110111111111100001000011000011101111111110000110011110000100000111111111011
11111111111111111111111111111110001110111100001111111110111111111100001100011000011101111111110000110011110000100000111111111011
11111111111111111111111111111110001110111100001111111110111111111100001100011000011101111111110000110011110001100000111111111011
11111111111111111111111111111110001110111100001111111110111111111100011100011000011101111111110000110011110001100000111111111011
11111111111111111111111111111110001110111100001111111110111111111100011100011000011101111111110000110011110001100000111111111011
11111111111111111111111111111110001110111100001111111110111111111100011100011000011101111111111001110011110001100000111111111011
11111111111111111111111111111110001110111110001111111110111111111100011100011000011101111111111001111011110001100001111111111011
11111111111111111111111111111110001110111110001111111110111111111100011100011000011101111111111001111011110001100001111111111011
11111111111111111111111111111110001110111110011111111111111111111100011100011000011101111111111001111011110001100001111111111011
11111111111111111111111111111110011110111110011111111111111111111110011100111000011111111111111001111011110001100001111111111111
11111111111111111111111111111110011110111110011111111111111111111110011100111000011111111111111001111011110001100001111111111111
11111111111111111111111111111111011111111111111111111111111111111110111100111110111111111111111001111111111011100001111111111111
11111111111111111111111111111111111111111111111111111111111111111110111110111111111111111111111011111111111011111111111111111111
11111111111111111111111111111111111111111111111111111111111111111110111110111111111111111111111011111111111011111111111111111111