11111111111111111111111111111110011111111111111111111111111111111111111110111110111110111111111111111111111111111111111111111111
11111111111111111111111111111110011111111111111111111111111111111111111110111110111110111111111111111111111111111111111111111111
11111111111111111111111111111110011100001110011111111100001111111100011100111110111110111111111100011000011000011110111111111011
11111111111111111111111111111110011100001110011111111100001111111100011100111110111110111111111100011000011000011110111111111011
11111111111111111111111111111110011100001110011111111000001111111100011100011100111110111111111100011000011000011110111111111001
11111111111111111111111111111110011100001110011111111000001111111100011100011100011100111111111100011000011000011110111111111001
11111111111111111111111111111110011100001110011111111000001111111100011100011100011100111111111100011000011000011110111111111001
11111111111111111111111111111110011100001110011111111000001111111100011100011100011100011111111100011000011000011110111111111001
11111111111111111111111111111110011100001110011111111000001111111100011100011100011100011111111100011000011000011110111111111001
11111111011111111111111111111110001100001100011111111000001111111100011100011100011100011111111100011000011000011100111111110001
10011111011111111111111111111100001100001100011111111000001111111100011100011100011100011111111100011000011000011100111111110001
10011111011111111111111111111100001100001100011111111000001111111100011100011100011100011111111100011000011000011100111111110001
10001111011110011100111111111100001100001100011111111000001111111100011100011100011100011111111100011000011000011101111111110001
10001110011100001100111111111100001100001100011111111000001111111100011100011100011100011111111100011000011000011101111111110000
10001110011100001100111111111100001100001100011111111000001111111100011101011100011100011111111100011000011000011101111111110000
10001110001100001100110111111100001100001100001111111000001111111100011101011100011100011111111100011000011000011101111111110000
10001110001100001100111111111100001100001100001111111100001111111101011101011101011101011111111100011000011000011101111111110000
10001110001100001100111111111101101111101101001111111111101111111101111101011101011101011111111111111111011110011101111111110100
10001110001100001100111111111101101111101101001111111111101111111101111101011001011101011111111111111111011110011101111111110100
10001110001100001100111111111101101111101101101111111111101111111111111111011001011101011111111111111111011110011101111111110110
10001110001100001100111111111101101111101101101111111111101111111111111011011001011101011111111111111111011110011101111111110110
10001110001100001100111111111101101111101101101111111111101111111111111011011001011101011111111111111111011111011101111111110110
10001110001100001100111111111101101111101101101111111111111111111111111011011011011101011111111111111111011111011101111111110110
10001110001100001100111111111101101111101101101111111111111111111111111011011011011101011111111111111111011111011101111111110110
10001110001100001100111111111101101111101101101111111111111111111111111011011011011111011111111111111111011111011101111111111110
10001110101100001100111111111101101111101101101111111111011111111111111011011011011111011111111111111111011110011101111111111110
10001110101100001100111111111101101111101101101111111111011111111111111011011011011111011111111111111111011110011101111111111110
11011110101101101100111111111101101111101101101111111111011111111111111011011011011111011111111111111111011110011101111111111110
11011110101101101100111111111101101111101101101111111111011111111111111011011011011111011111111011111111011110011101111111111110
11011110101101101100111111111101101111101101101111111111011111111111111011011011011111011111111011111111011110111101111111111110
11011110101101100100111111111101101111101101101111111111011111111111111011011011111111011111111011111111111110111101111111111110
11011110101101100100111111111101101111101101101111111111011111111111111011011011111111011111111011111111111110111001111111111110
11011110101101110110111111111101101111101101101111111111011111111111111011011011111111011111111011111111111110111011111111111110
11011110101101110110111111111101101111001101101111111111011111111111111011011011111111011111111011111110111110111011111111111110
11011110101101110110111111111101101111001101101111111111011111111111111011011011111111011111111011111110111110111011111111111110
11011110101101110110111111111101101111011101101111111111011111111111111011111011111111011111111011111110111110111011111111111110
11011110101101110110111111111101101111011101101111111111011111111111111011111011111101011111111011111110111110111011111111111110
11011110101101110110111111111101101111011101101111111111011111111111111011111011111101011111111011111110111110111011111111111110
11011110101101110110111111111101101111011101101111111111011111111111111011111011111101011111111011111110111110011011111111111110
11011110111101110110110111111101101111011101101111111111011111111111111011011011111101011111111011111110111110011011111111111110
11011110111101110110110111111101101111011101101111111111011111111111111011011011111101011111111011111110111110011011111111111110
11011110111101110110110111111101101111011101001111111111011111111101111011011011111101011111111011111110111110011011111111111110
11011110111101110110110111111101101111011101001111111111011111111101111011111011111101011111111011111110111110011011111111111110
11011110111101110110110111111101101111011101011111111111011111111101111011111011111101011111111001111110111110011011111111111110
11011110111101110110110111111101101111011101011111111111011111111100111011111011111101011111111001111110111110011011111111111110
11011110111101110110110111111101101111011101011111111111011111111100111011111011111101011111111001111110111110011011111111111110
11011110111101110110110111111101101111011100011111111111011111111100111011111011111100011111111000111110111110011001111111111110
11011110111101110110110111111101101111011100011111111111011111111100111011111011111100011111111000111110111110011001111111111110
11011110111101110110110111111101101111011100011111111111011111111100111011111011111100011111111000111110111110011001111111111110
11011110111101110110010111111101101111011100011111111110011111111000111011111011111100011111111000111110111100011001111111111100
11011110111101110111010111111101101111011110011111111110111111111000111011111011111100011111111000111110111101111001111111111100
11011110111101110111010111111101101111011110011111111110111111111000111011111011111100011111111000111110111101111001111111111100
11011110111101110111010111111101101111011110011111111110111111111000111011111011011100011111111000111110111101111000111111111100
11011110111101110111010111111101101111011110011111111110111111111000111011111011011100111111111000111110111101111000111111111100
11011110111101100111010111111101101111011110011110101110111111111000011011111011011100111100011000111110111101111000111100111100
11011110111101100111010111111101101111011110011110101110111111111000011011111011011100111100011000111110111101111000111100111101
11011110111101100111010111111101101111011110011100001110111000011000011011111011011100111000011000111110111101111000110000111101
11011110011100100111010111111101101111011110011100001110111000001000011011111011011100111000011000111110111101111000110000111101
11011110011100101111010111111101101111011110011100001110111000001110011011111011011100111000011110111111111101111000110000111101
11011110011100001111010111111101101110111110011100001110111000001110011011111001011100111000011110011101111101111000110000111101
11011110011100001111010111111101101110111110011100001110111000001110011011111001011100111000011110011101111101111000110000111101
11011110011100001111010111111101101110111110011100001110111000001110011011111101011100111000011110011101111101111000110000111101
11011110011100001111010111111101101110111110011100001110111000001110011011111101011100011000011110011101111101110000110000111101
11011110011100001111010111111101101110111110011100001110111000001111011011111101011100011000011110011101111101110000110000111101
11011110011100001111010111111100001110111100011100001110111000001111011011111101011100011000011111011101111101110010110000111101
11011110011100001111010111111100001110111100011100001110111000001111011011111100011100011000011111011101111101110010110000111001
11011110011100001111010111111100001110111100011100001110111000001111011011111100011100011000011111011101111101110010110000111001
11011110001100001111010111111100001110111100011100001110111000001111011011111100011100011000011111011101111101110010110000111001
11011111001100001111010111111100001110111100011100001110111000011111011011111100011101011000011111011101111101110010110000111001
11011111001100001111011111111100001110111100001100001110111000011111011011111100011101011000011111011101111101110110110000111001
11011111001100001111011111111100001110111100001100001110111000011111011011111100011101011000011111011101111101110110110000111001
11011111001100001111011111111110001110111101001100001110111000011111011011111100011101011000011111011101111101110110110000111001
11011111001100001111011111111110001110111101001100001110111100011111011011111100011001011111111111011101111101110110110011111011
11011111001100000111010111111110001110111101001100001110111100011111011011111100011001011111111111011101111101110110110011111011
11011111001100000111011111111110001110111101001111111110111111111111011011111100011001011111111111011101111101110110111111111011
11011111001100000111011111111110001110111101001111111110111111111111011011111100011001011111111111011101111101110110111111111011
11011111001101100111011111111110001110111101101111111110111111111111011011111100011011011111111111011101111101110111111111111011
11011111101101100111010111111110001110111101101111111110111111111111011011111100011011011111111111011101111101110111111111111011
11011111101101100111010111111110001110111101101111111110111111111111011011111100011011011111111111011101111101110111111111111011
11011111101101110111010111111110001110111101101111111110111111111111011011111110011011011111111111011101111101110111111111111011
11011111101101110111010111111110001110111101101111111110111111111111011011111110011011011111111111011101111101110111111111111011
11011111101101110111010111111111001110111101101111111111111111111111011011111111011011011111111111011101111101110111111111111011
11011111101101110111010111111111001110111101101111111111111111111111011011111111011011011111111111011101111101110111111111111011
11011111101101110111010111111111001110111101101111111111111111111111011011111111011011011111111111011101111101110111111111110011
11011111101101110111010111111111001110111101101111111111111111111111011011111111011011111111111111011101111111110111111111110011
11011111101101110111011111111111011110111101101111111111111111111111011011111111011011111111111111011101111111110111111111110011
11011111101101110111001111111111011110111101101111111111111111111111011011011111011011111111111111011101111011110111111111110011
11011111101101110111101111111111011110111101101111111111111111111111011011011111011011111111111111011101111011110111111111110111
11011111101101110111101111111111011110111101101111111111111111111111011011011110011011111111111111011101111011110111111111110111
11011111101101110111101111111111011110111101101111111111111111111111011011011110011011111111111111011101111011110111111111110111
11011111101101110111101111111111011110111101101111111111111111111111011011011110111011111111111111011101111011110111111111110111
11011111101101110111101111111111011110111101101111111111111111111111011011011110111011111111111111011101111011110111111111110111
11011111101101110111101111111111011110111101101111111111111111111111011011011110111011111111111111011101111011110111111111110111
11011111101101110111101111111111011110111101101111111101111111111111011011011110111011111111111111011101111011110111111111110111
11011111101101110111100111111111011110111101101111111101111111111111011011011110111011111111111111011101111011110111111111110111
11011111101101110111100111111111011110111101101111111101111111111111011011011110111011111111111111011101111011110111111111110111
11011111101101110111100111111111011110111101101111111101111111111111011011011110111011111111111111011101111011110111111111110111
11011111101101110111100111111111011110111101101111111101111111111111011011011110111011111111111111011101111011110110111111110111
11011111101101110111100111111111011110111101101111111101111111111111011011011110111011011111111111011101111011110110111111110111
11011110101101110111100111111111011110111101101111111101111111111111011011011110111011011111111111011101111011110110111111110111
11011110101101110111100111111111011110111101101111111101111111111111011011011110111011011111111111011101111011110110111111110111
11011110101101110111100111111111011110111101101111111101111111111111011011011110111011011111111110011101111011110110111111110111
11011110101101110111100111111111011110111101101111111101111111111111011011011110111011011111111110011101111011110110111111110111
11011110101101110111100111111111011110111101101111111101111111111111011011011110111011011111111110011101111011110110111111110111
11011110101101110111100111111111011110111101101111111101111111111110011011011110111011011111111110011101111011110110111111110111
11011110101101110111100111111111011110111101101111111101111111111110011011011110111011011111111110111101111011110110111111110111
11011110101111110111100111111111011110111101101111111101111111111110011011011110111011011111111110111101111011111010111111110111
11011110101111100111100111111110011110111101101111111101111111111110011011011110111001011111111110111101111011111010111111110111
11011110101111100111100111111110011110111101101111111101111111111110011111011110111001011111111110111101111011111010111111110111
10011110101111100111100111111110011110111101101111111101111111111110011111011110111001011111111110111101111011111010111111110111
10011110101111100111100111111110011110111101101111111101111111111110111111011110111001011111111110111101111011111010111111110111
10001110101110000111100111111110111110111101001111111101111111111100111101011100111001011111111100111101111011111000111111110001
10001110001110000111100111111110111110111100001111111101111111111100111100011100111000011111111100111101111011111000111111110000
10001110001110000111100111111110111110111100001111111101111111111100111100011101111100011111111100111101111011111000111111110000
10001110001110000111100111111110111110111100001111111101111111111100111100011101111100011111111000111101111011111000111111110000
10001110001110001111100111111110111110111100001111111101111111111100111100011101111100011111111000111101111011111000111111110000
10001110001110001111100111111110111110111100001111111101111111111000111100011101111100011111111000111101111011111000111111110000
10001110001100001111100111111110111110111100001111111101111111111000111100011101111100011111111000111101111011111000111111110000
10001110001100001111100111111110111110111100001111111101111111111000111100011101111100011111111000111101111011111000111111110000
10001110001100001111100111111110111110111100001111111101111111111000111100011101111100011111111001111101111011111000111111110000
10001110001100001111100111111110111110111100001111111101111111111000111100011101111100011111111001111101111011111000111111110000
10001110001100001111101111111110111110111100011111111101111111111000111100011101111100011111111001111101111011111001111111110000
10001110001100001111101111111110111110111100011111111101111111111000111100011101111100011111111001111101111011111001111111110000
10001110001110001111101111111110111110111110011111111101111111111001111100111101111100111111111001111101111011111001111111110001
10001111011110001111111111111110111110111110011111111101111111111001111100111101111100111111111001111111111011111001111111110001
10001111011110001111111111111110111110111110011111111101111111111001111100111101111100111111111001111111111011111001111111110001
10001111011110011111111111111110111110111110011111111101111111111101111110111101111110111111111011111111111111111101111111111111
10001111011110011111111111111110111110111110011111111101111111111101111110111101111110111111111011111111111111111101111111111111