11111111111111111111111111111111111110111111111111111111111111111111111111111111111111111111111111110111111111111111111111111111
11111111111111111111111111111111111110111111111111111111111111111111111111111111111111111111111111110111111111111111111111111111
11111111111111111111111111111111111110111111111111111111111111111101111111111111111111111111111111110011110111111111111111010111
11111111111111111111111111111111111110111111111111111111111111111101111111111111111111111111111111110011110111111111111111010111
11111111111111111111111111111110111110011111111111111100111111111001111111111111111011111111110011110011110111110111111111000111
11111111111111111111111111111110111100011110111111111000111111111001111111111111111001111111110011110011110011110111111111000111
11111111111111111111111111111110111100011110111111111000111111111001111111111111111001111111110011110011110011100111111111000111
11111111111111111111111111111110111100011100111111111000111111111001111111111001111001111111110011110011110011100111111111000111
10111111111111111111111111111100111100011100111111111000111111111001111111111001110001111111110011110011110011100011111111000111
10111111111111111111111111111100111100011100111111111000111111111001111111111001110001111111110011100011110011100011111111000111
10111111111111111111111111111100111100011100111111111000111111111001111111110001110001111111110011100011100011100011111111000111
10011110011101111111111111111100111100011100111111111000111111111001111001110001110001111111110011100011100011100011111111000111
10011110011101111111111111111100111100011100111111111000111111111001111001110001110001111111110011100011100011100011111111000111
10011110011101111111111111111100011100011100111111111000111111111001111001110001110001111111110001100011100011100011111111000111
10011110011100111111111111111100011100011100111111111000111111111001111001110001110001111111110001100011100011100011111111000111
10011110011100111111111111111100011100011100111111111000111111111001111001110001110001111111110001100011100011100011111111000111
10011110011100011101111111111100011100011100111111111000111111111001111001110001110001111111110001100011100011100011111111000111
10011110011100011101111111111100011100011000111111111000111111111001111001110001110001111111100001100011100011100011111111000111
10011110011100011101111111111100011100011000111111111000111111111001111001110001110001111111100001100011100011100011111111000111
10011110011100011101111111111100011100011000111111111000111111111001111001110001110001111111100001100011100011100011111111000011
10011110011100011101111111111100011100011000111111111000111111111001111001110001110001111111100001100011100011100011111111000011
10011110011100011101111111111100011110011000111111111100111111111001111001110001110001111111100001100011100011100011111111000011
10011110011100011101111111111000011110011000111111111100111111111011111001110100110101111111100001100111100001101011111111100111
10011100011100011101111111111000011110011000111111111100111111111011111001110100110101111111100001100111100001101011111111100111
10011100011100011101111111111001011110011000111111111100111111111011111001110100110101111111100101100111100001101011111111100111
10011100011100011101101111111001011110011000111111111100111111111011111001110100110101111111100101100111101001101011111111100111
10011100011100011101101111111001011110011000011111111100111111111011111001110100110101111111100101100111101001101011111111100111
10011100011100011101101111111001011110011000011111111110111111111011111001110100110101111111101101100111101001101011111111100111
10011100011100001101101111111001011110011000011111111110111111111011111001110100110101111111101101100111101001001011111111100111
10011100011100001101101111111001011110011000011111111110111111110011111001110100110101111111101101100111101001001011111111100111
10011100011101001101101111111001011110011000011111111110111111110011111001110100110101111111101101100111101001001011111111100111
10011100011101001101101111111001011110011000011111111110111111110011111001110100110101111111101101100111101001001011111111100111
10011100011101001101101111111001011110011000011111111110111111110011111001110100110101111111101101100111101001001011111111100111
10011100111101001101101111111001011110011000011111111110111111110011111001110110110101111111101101100111101101001011111111100111
10011100111101001101101111111011011110011000011111111110111111110011111001110110110100111111101101100111101101001011111111100111
10011100111101001101101111111011011110011000011111111110111111110011111001110110110100111111101101100111101101001001111111100111
10011100111101001101101111111011011110011000011111111110111111110011111001110110110100111111101101100111101101001001111111100111
10011100111101001101101111111011011110011000011111111110111111110011111001110110110100111111101101100111101101001001111111100111
10011100111101001101101111111011011110011000011111111110111111110011111001110110110100111111101101100111101101001001111111100111
10111100111101001101101111111011011110011000011111111110111111110011111001110110110100111111101101100111101101001001111111100111
10111100111101001101101111111011011110111000011111111110111111110011111001110110110100111111101101100111101101001001111111100111
10111100111101001100101111111011011110111000011111111110111111110011111001110110110100111111101101100111101101001001111111100111
10111100111101001100101111111011011110111000011111111110111111110011111001110110110100111111101101100111101101001001111111100111
10111100111101001100001111111011011110111000011111111110111111110011111001110110110110111111101101100111101101001001111111100111
10111100111101001100001111111011011110111000011111111110111111110011111001110110110110111111101101100111101101001001111111100111
10111100111101001100001111111011011110111000011111111110111111110011111001110110110110111111101101100111101101001001111111100111
11111100111101001100001111111011011110111000011111111100111111111001111001110110100110111111101101100011101101001001111111100111
11111100111101001100001111111011011110111000011111111100111111111001111001110110100110111111101101100011101101001001111111100111
11111110111101001100001111111011011110111000011111111100111111111001111001110110100110111111101101100011101101001001111111100111
11111110111101001100001111111011011110111100111111111101111111111001111101110110100110111111101101100011101101001001111111100111
11111110111101001100001111111011011110111100111111111101111111111001111101110110100110111111101101100011101101001001111111100111
11111110111101001100001111111011011110111100111111111101111111111001111101110110100110111111101101100011101101001011111111100111
11111110111101001100001111111011011110111100111100111101111111111001111101110110100110110011101101100011101001001011100111100111
11111110111101001100001111111011011110111100111100111101111101111001111101110110100110110001101101100011101001001011100011100111
11111110111101001100001111111011011110111100111100111101111101111001111101110110100110110001101101100011101001101011100011100111
11111110111101001100001111111011011110111100111000111101111000111001111101110110100110110001100101110011101001101011100011100111
11111110111100001100001111111001011110111100111000111101111000111001111101110110100110110001100101110011101001101011000011100111
11111110111100001100001111111001011110111100111000111101111000111001111101110110100110110001100101110011101001101011000011100111
11111110111100001100001111111101011110111100111000111101111000111001111101110110100110110001100101110011100001101011000011100111
11111110111100001100001111111100011110111100111000111101111000111001111101110110100110100001100001110011100001101011000011100111
11111110111100001100001111111100011110111100111000111101111000111101111101110110100110100001100001110011100001101011000011100111
11111110111100001100001111111100011110111100111000111101111000111100111101110110100110100001100001111011100001100011000011100111
11111110011100001100001111111100011110111100111000111101111000111100111101110110100110100001100001111011100001100011000011100111
11111110011100001100001111111100011110111100111000111101111000111100111101110110100110100001100001111011100001100011000011100111
11111110011100001100001111111100011100111100111000111101111000111100111101110110100110100001100001111011100001100011000011110111
11111110011100001100001111111100011100111000111000111101111000111100111101110110100110100001100001111011100001100011000011110011
11111110011100001100001111111100011100111000111000111101111000111100111101110110100110100001110001111011100001100011000011110011
11111111011100001100001111111100011101111000111000111101111000111100111101110110100110110001110001111001100001100011000011110011
11111111011100001100001111111100011101111000011000111101111000111100111101110110100110110001110001111001100001100011000011110011
11111111011100001100001111111100011101111000011000111101111000111100111101110110100110110001110001111001100001100011000011110011
11111111011100001100001111111100011101111000011000111101111000111100111101110110100110110001110001111001100011100011100011110011
11111111011100001100001111111100011101111000011000111101111000111100111101110110100110110001110001111001100011100011100011110011
11111111011101001100001111111100011101111000011000111101111000111100111101110110100110110001110001111001110011100011100011110011
11111111011101001100001111111100011101111000011100111101111100111100111101110110100110110001110001111001110011100011100011110011
11111111011101001100001111111100011101111000011100111101111100111100111101110110100110110001110001111001110011100011100011110011
11111111011101001100001111111100011101111000011111111101111111111110111101110110100110111011110001111001110011100011101011110011
11111111011101001100001111111100011101111000011111111101111111111110111101110110100110111111110001111001110011110011111111110011
11111111011101001100001111111100011101111000011111111101111111111110111101110110100110111111110001111001110011110011111111110011
11111111011101001100001111111110011101111000011111111101111111111110111101110110100110111111110001111001110011110011111111110011
11111111011101001100001111111110011101111011011111111101111111111110111101110110100110111111110001111001110011110011111111110011
11111111011101001100001111111110011101111011011111111001111111111110111101110110100110111111110001111001110011110011111111110011
11111111011101001100001111111110011101111011011111111001111111111110111101110110100110111111110001111001110011110011111111110011
11111111011101001100001111111110011101111011011111111001111111111110111101110110100100111111111001111001110011110011111111110011
11011111001101001100001111111110011101111011011111111001111111111110111101110110100100111111111001111001110011110011111111110011
11011111001101001100001111111110011101111011011111111001111111111110111101110110100100111111111001111001110011110011111111110011
11011111001101001100001111111110011101111011011111111011111111111110111101110110100100111111111001111001110011110011111111111011
11011111001101001100001111111110011101111011011111111011111111111110111101110110100100111111111001111001110011110011111111111011
11011111001101001100001111111110011101111011011111111011111111111110111101110110100100111111111001111001110011110011111111111011
11011111001101001100001111111110011101111011011111111011111111111110111101110110100100111111111011111001110011110011111111111011
11011111001101001100001111111110011101111011011111111011111111111100111101110110100100111111111011111001110011110011111111111011
11011111001101001101001111111110111101111011011111111011111111111100111101110110110100111111111011111001110011110011111111111011
10011111001101001101001111111110111101111011011111111011111111111100111101110110110100111111111011111001110011110011111111111011
10011111001101001101001111111110111101111011011111111011111111111100111101110110110100111111111011111001110011110011111111111011
10011111001101001101001111111110111101111011011111111011111111111100111101110110110101111111111011111001110011110011111111111011
10011111001101001101001111111110111101111011011111111011111111111100111101110110110101111111111011111001110011110111111111110011
10011111001101001101001111111110111101111011011111111011111111111100111101110110110101111111111011111001110011110111111111110011
10011111001101001101001111111110111101111011011111111011111111111100111101110110110101111111111011111001110011110111111111110011
10011110001101001101001111111110111101111011011111111011111111111100111101110110110101111111111011111011110011110111111111110011
10011100001101001101001111111110111101111011011111111011111111111100111101110100110101111111111011111011110011110111111111110011
10011100011101001101001111111110111101111011011111111011111111111100111101110100110101111111111011111011110011110111111111110011
10011110011101001101001111111110111101111011011111111011111111111100111101110100110101111111111011111011110011110111111111110011
10011110011101001101001111111110111101111011011111111011111111111100111101110100110101111111111011111011110011110111111111110011
10011110011101001101001111111110111101111011011111111011111111111100111101110100110101111111111011111011110011110111111111110011
10011110011101001101001111111110111101111001011111111011111111111101111101110100110101111111110011110011110011110111111111110011
10011110011101001101001111111110111101111000011111111011111111111101111101110100110101111111110011110011110011110111111111110011
10011110011101001101001111111110111101111000011111111011111111111101111101110100110101111111110011110011110111110111111111110011
10011110011100001101001111111110111101111000011111111011111111111101111101110000110101111111110011110011110111110111111111010011
10011110011100001101001111111110111101111000011111111011111111111001111101110000110001111111110011110011110111110111111111010011
10011110011100011101001111111110111101111000011111111011111111111001111101110000110001111111110011110011110111110111111111010011
10011110011100011101001111111110111101111000011111111011111111111001111101110001110001111111110011110011110111110111111111000011
10011110011100011101001111111110111101111000011111111011111111111001111101110001110001111111110011110011110111110111111111000011
10011110011100011101001111111110111101111000011111111011111111111001111101110001110001111111110011110011110111110111111111000011
10011110011100011101111111111110111101111000011111111011111111111001111101110001110001111111110011100011110111110111111111000111
10011110011100011101111111111110111101111000011111111011111111111001111101110001110001111111110011100011110111110111111111000111
10011110011100011111111111111110111101111100011111111011111111111001111101110001110001111111110111100011110111110111111111000111
10011110011100011111111111111111111101111100011111111111111111111001111101110001110001111111110111100011110111110111111111000111
10011110011100011111111111111111111101111100011111111111111111111001111101110001110001111111110111100011110111110111111111000111
10011110011100011111111111111111111111111100111111111111111111111001111101110001110001111111110111100111110111111111111111000111
11011110011100011111111111111111111111111100111111111111111111111001111111110001110001111111110111100111110111111111111111000111
11011111011100011111111111111111111111111100111111111111111111111001111111110001110001111111110111100111110111111111111111000111
11111111111100011111111111111111111111111100111111111111111111111011111111111001110001111111110111110111110111111111111111000111
11111111111110111111111111111111111111111100111111111111111111111011111111111001111001111111111111110111110111111111111111001111
11111111111110111111111111111111111111111100111111111111111111111011111111111001111001111111111111110111110111111111111111001111
11111111111111111111111111111111111111111100111111111111111111111111111111111001111001111111111111110111111111111111111111001111
11111111111111111111111111111111111111111100111111111111111111111111111111111011111011111111111111111111111111111111111111101111
11111111111111111111111111111111111111111110111111111111111111111111111111111011111011111111111111111111111111111111111111101111
11111111111111111111111111111111111111111111111111111111111111111111111111111111111111111111111111111111111111111111111111101111
11111111111111111111111111111111111111111111111111111111111111111111111111111111111111111111111111111111111111111111111111101111