11111111111111111111111111111111111111111111111111111111111111111111111111111111111111111111111111111111111111111111111111111111
11111111111111111111111111111111111111111111111111111111111111111111111111111111111111111111111111111111111111111111111111111111
11111111111111111111111111111111111111111101111111111101111111111111111111111111111111111111111111001111111111111111111111111111
11111111111111111111111111111111111111111101111111111101111111111111111111111111111111111111111111001111111111111111111111111111
11111111111111111111111111111101111111111101111111110001111111110011111111111111111111111111111111000111111111001111111111011111
11111111111111111111111111111100111110111101111111110001111111110011110011110011110111111111111111000111101111001111111111011111
11111111111111111111111111111100111110111101111111110001111111110011110011110011110111111111111111000111101111001111111111011111
11111111111111111111111111111100111000111001111111110000111111110011110011100011110111111111111111000111101111001111111111011111
11111111111111111111111111111100111000111001111111110000111111110011110011100011110111111111111111000111101111001111111111011111
11111111111111111111111111111100111000111001111111110000111111110011110011100011110111111111111111000111101111001111111111011111
11111111111111111111111111111000111000111001111111110000111111110001100011100011110111111111101111000111101111001111111110001111
11111111111111111111111111111000111000111001111111110000111111110001100011100011110111111111100111000111101111001111111110001111
11111111111111111111111111111000111000111001111111110000111111110001100011100011110111111111100111000111101111001111111110001111
10011110111101111111111111111000111000111000111111110000111111110011100011100011110111111111100111000111101111001111111110001111
10011110011100111111111111111000111000111000111111110000111111110011100011100011100111111111100111000111101111000111111110001111
10011110011100111111111111111000111000111000111111110000111111110011100011100011100111111111100111000111101111000111111110001111
10011110011100111111111111111000111000111000111111110100111111110011100011100011100111111111100111000111101111000111111110001111
10011110011100011111011111111000111000111000111111110100111111110011100011100011100111111111100111000111001111000111111110001111
10011110011100011111011111111000111000111000111111111100111111110011100011100011100111111111100111000111001111000111111110001111
10011100011100011011011111111000111000111000111111111100111111110011100011100011100111111111100111000111001111000111111110001111
10011100011100011011011111111000111000111000111111111100111111110111100011100011100111111111100111000111001111000111111110001111
10011100011100011001011111111010111110111000111111111100111111110111100111100111100111111111100111100111001110000111111110001111
10011100011100011001011111111010011110111000111111111100111111110111100111100111100111111111100111100111001110000111111110001111
10011100011100011001011111111010011110111010111111111100111111110111100111101111100111111111100111100111001110000111111110001111
10011100011000011001011111111010011110111010111111111100111111110111101111101111100111111111100111100111001110010111111110101111
10011100011000011001011111111010011110111010111111111100111111110111101111101111100111111111100111100111001110010111111110101111
10011100011000011001011111111010011110111010111111111101111111110111101111101111100111111111100111100111001110010111111110101111
10011100011000011001011111111011011110111010111111111101111111110111101111101111100111111111100111100111001110010111111110101111
10011100011000011001011111111011011110111010111111111101111111110111101111101111100111111111100111100111001110010111111110101111
10011101011000011001011111111011011110111010111111111101111111110111101111101111100111111111100111100111001110010111111110101111
10011101011001011001011111111011011110111010111111111101111111110111101111101111100111111111000111100111001110010111111110101111
10011101011001011001011111111011011110111010111111111101111111110111101111101111100111111111000111100111001110010111111110101111
10011101011001011001011111111011011110111010111111111101111111110111101111101111100111111111000111100111001110010111111110101111
10011101011001011001011111111011011110111010111111111101111111110111101111101111100111111111000111100111001110000111111110101111
10011101011001011001011111111011011110111010111111111101111111110111100111101111100111111111000111100111001110000111111110101111
10111101111001011001011111111011011110111010111111111101111111110111100111101111100111111111000111100111001110000111111110101111
10111101111001011001011111111011011110111010111111111101111111110111100111101111100111111111000111100111001110000111111110101111
10111101111001011001011111111011011110111010111111111101111111110111100111101111100111111111000111100111001110000111111110101111
10111101111001011001011111111011011110111010111111111101111111110111100111101111110111111111000111101111001111000111111110101111
10111101111001011001011111111011011110111010111111111101111111110111100111100111110111111111000111101111001111000111111110101111
10111101111001011001011111111011011110111010111111111101111111110111100111100111110111111111100111101111101111000111111110101111
10111101111001011001011111111011011110111010111111111101111111110111100111100111110111111111100111101111101111000111111110101111
10111101111001011001011111111011011100111000111111111101111111110111100111100111110111111111100111101111101111000111111110001111
10111101111001011001011111111011011100111000111111111101111111110111100111100111110111111111110111101111101111000111111110001111
10111101111001011001011111111011011100111000111111111101111111110111100111100111110111111111110111101111101111000111111110001111
10111101111001011001011111111011011100111000111111111101111111110111100111100111110111111111110111101111101111000111111110001111
10111101111001011001011111111011011100111000111111111101111111110111100111100111110111111111110111101111101111000111111110001111
10111101111001011001011111111011011100111000111111111101111111110011100111100111110111111111110111101111101111000111111110001111
10111101111001011001011111111011011100111000111111111101111111110011100011100111110111111111110111101111101111000111111110001111
10111101111001011001011111111011011101111000111111111101111111110011100011100111110111111111110111101111101111001111111110001111
10111101111001011001011111111011011101111000111111111101111111110011100011100011110111111111110111101111101111001111111110001111
10111101111001011001011111111010011101111000111111111001110011110011100011100011110111111111110111101111101111001111001110001111
10111101111001011001011111111010011101111000111111111011110011110011100011100011110111111111110111101111101111001111001110001111
10111101111001011001011111111010011101111000111001111011110001110011100011100011110111111111110111100111101111001110001110001111
10111100111001011001011111111010011101111000111001111011110001110011100011100011110111100011110111100111101111001110001110001111
10111100111001011001011111111010011101111000111001111011110001110011100011100011110111100011110111100111101111001110001110001111
10111100111001011001011111111010011101111000110000111011110001110011100011100011110111100011110111100111101111001110001110001111
10111100111001011001011111111010011101111001110000111011110001110011110011110011110111000011110111100111101111001110001110001111
10111100111001011001011111111010011101111001110000111011110001110011110011110011110111000011110111100111101111001110000110001111
10111100111000011001011111111010011101111001110000111011110001110011110011110011110111000011110111100111101111001110000110001111
10111100111000011001011111111010011101111001110000111011110001111011110011110011110111000011110111100111101111001110000110001111
10111100111000011000011111111010011101111001110000111011110001111011111011110011110111000011110111100111101111001110000110001111
10111100111000011000011111111000011101111000110000111011110001111001111011110011110111000011110111100111101111001110000110001111
10111110111000011000011111111000011101111000110000111011110001111001111011111011110111000011110111100111101111001110000110001111
10111110111000011000011111111000011101111000110000111011110001111101111011111011110111000011110111100111101111000110000110001111
10111110011000011000011111111000011101111000110000111011110001111101111011111011110111000011110111100111101111000110000110001111
10111110011000011000011111111000011101111000110000111011110001111101111011111011110111000011110111110111101111000110001110001111
10111110011000011000011111111000111101111000110000111011110001111101111011111011110111000011110111110111101111000110001110001111
10111110011000011000011111111000111101111000110000111011110001111101111001111011110111000011110111110111101110000110001110001111
10111110011000011000011111111000111101111000110000111011110001111101111001111011110111100011110111110111101110000110001110001111
10111110011000011000011111111000111101111010111001111011110001111101111001111011110111100011110111110111101110000110001110001111
10111110011000011000011111111000111101111010111001111011110001111101111001111011110111100011110111110111101110000110001110001111
10111110011000011000011111111000111101111010111001111011110001111101111001111011110111111111110111110111101110000111001110101111
10111110011000011000011111111000111101111010111001111011110001111101111001111011110111111111110111110111101110000111001110101111
10111110011000011000011111111100111101111010111111111011110011111101111001111011110111111111110111110111101110000111101110101111
10111111011001011000011111111100111101111010111111111011111111111101111001111011110111111111110111110111101110000111111110101111
10111111011001011000011111111100111101110010111111111011111111111101111001111011110111111111110111110111101110000111111110101111
10111111011001011000011111111100111111110010111111111011111111111101111001111011110111111111110111110111101110010111111110101111
10111111011001011010011111111100111111110110111111111011111111111101111101111011110111111111110111110111101110010111111110101111
10111111011001011010011111111100111111110110111111111011111111111101111101111011110111111111110111110111101110010111111110101111
10111111011001011010011111111100111111110110111111111011111111111101111101111011110111111111110111110111101110110111111110101111
10111111011011011010011111111100111111110110111111111011111111111101111101111011110111111111110111110111101110110111111110101111
10111111011011011010011111111100111111110110111111111011111111111101111101111011110111111111110111110111101110110111111110100111
10111111011011011010011111111100111111110110111111111011111111111101111101111011110111111111110111110111101110110111111110100111
10111111011011011010011111111110111111110110111111111011111111111101111101111011110111111111110111110111101110110111111110100111
10111111011011011010011111111110111111110110111111111011111111111101111101111011110111111111110111110111101110110111111110100111
10111111011011011010011111111110111111110110111111111011111111111101111101111011110111111111110111110111101110110111111110100111
10111111011011011010011111111110111111110110111111111011111111111101111101111011110111111111110111110111101110110111111110100111
10111111011011011010011111111110111011110110111111111011111111111101111001111011110111111111110111110111101110110111111110100111
10111111011011011010011111111110111011110110111111111011111111111101111001111011110111111111110111110111101110110111111110100111
10111111011011011010011111111110111011110110111111111011111111111101111001111011110111111111110111110111101110110111111110100111
10111111011011011010011111111100111011110110111111111011111111111101111001111011110111111111110111110111101110110111111110100111
10111111011011011010011111111100111011110110111111111011111111111101111001111011110111111111110111110111101110110111111110100111
10111111011011011010011111111100111011110110111111111011111111111101111001111011110111111111110111110111101110110111111110100111
10111111011011011010011111111100111011110110111111111011111111111101111011111011110111111111110111110111101110110111111110100111
10111111011011011010011111111100111011110110111111111011111111111101111011111011110111111111110111110111101110110111111110100111
10111101011011011010011111111100111011110110111111111011111111111001111011111011110111111111110111110111101110110111111110100111
10111101011011011010011111111100111011110110111111111011111111111001111011111011110111111111110111110111101110110111111110100111
10111101011011011010011111111101111011110110111111111011111111111001111011111011110111111111110111110111101110110111111110100111
10111101011001011010011111111101111011110110111111111011111111111001111011111011110111111111110111110111101110110111111110100111
10111101011001011010011111111101111011110110111111111011111111111001111011111011110111111111110111110111101110110111111110100111
10011101011001011010011111111101111011110010111111111011111111111011111011111011110111111111110111110111101110110111111110100111
10011101011001011010011111111101111011110010111111111011111111111011111011110011110111111111110111110111101110010111111110100111
10011101011001011011011111111101111011110010111111111011111111111011111011110011110111111111110111110111101110010111111110101111
10011101011001011011011111111101111011110010111111111011111111111011111011110011110111111111110111010111101110010111111110101111
10011100011000011011011111111101111011110010111111111011111111111011111011110011110111111111110111000111101110000111111110101111
10011100011000011011011111111101111011110010111111111011111111111011111011110011110111111111110111000111101110000111111110101111
10011100011000011011011111111101111011110010111111111011111111110011110011110011110111111111110111000111101110000111111110101111
10011100011000011011011111111101111011110000111111111011111111110011110011110011110111111111110111000111101110000111111110001111
10011100011000011011011111111101111011111000111111111011111111110011110011110011110111111111110111000111101110000111111110001111
10011100011000011011011111111101111011111000111111111011111111110011110011110011110111111111110111000111101110000111111110001111
10011100011000011011011111111101111011111000111111111111111111110011110011110011110111111111110111000111101110000111111110001111
10011100011000011011011111111101111011111000111111111111111111110011100011100111110111111111110111000111101111000111111110001111
10011100011000011011011111111101111011111000111111111111111111110011100011100111110111111111110111000111101111000111111110001111
10011100011100011011011111111101111111111000111111111111111111110011100011100111110111111111110111000111101111000111111110001111
10011100011100011011011111111101111111111000111111111111111111110011100011100111110111111111110111000111101111000111111110001111
10011100011100011011011111111101111111111000111111111111111111110011100011100111110111111111110111000111101111000111111110001111
10011100011100011011011111111101111111111001111111111111111111110011100111100111110111111111110111000111101111000111111110001111
10011110011100011011011111111101111111111001111111111111111111110011100111100111110111111111111111000111111111001111111110001111
10011110011100011011011111111101111111111001111111111111111111110011100111100111110111111111111111000111111111001111111110001111
10011110111100111111011111111111111111111001111111111111111111110111100111100111111111111111111111001111111111001111111110001111
10011110111111111111011111111111111111111001111111111111111111110111110111100111111111111111111111001111111111001111111110001111
10011110111111111111011111111111111111111001111111111111111111110111110111100111111111111111111111001111111111001111111110001111
10011110111111111111111111111111111111111001111111111111111111111111110111100111111111111111111111101111111111001111111111001111
11111110111111111111111111111111111111111101111111111111111111111111111111111111111111111111111111101111111111101111111111011111
11111110111111111111111111111111111111111101111111111111111111111111111111111111111111111111111111101111111111101111111111011111
11111110111111111111111111111111111111111111111111111111111111111111111111111111111111111111111111111111111111111111111111011111
11111110111111111111111111111111111111111111111111111111111111111111111111111111111111111111111111111111111111111111111111011111