10001111101111000011111111111111111001001111111111110111111111110000111111111111101111111111111111111101111111111111111111111111
10001111101111000011111111111111111001001111111111110111111111110000111111111111101111111111111111111101111111111111111111111111
10001111101111000001111011101111111000001111111111110111100011110000111111111111000111111111111011111100111111111111111111111011
10001111100111000001111011101111111000001111111111110111100011110000111111111111000111110111111011111000111111111111111111110011
10001111100111000001111011101111111000001111111111110111100011110000111111111111000111110111111011111000111111111111111111110011
10001111000111000001111011101111111000001111111111110111100011110000111111111111000111110111110001111000111110011111111111110011
10001111000111000001111011101111111000001111111111110111100001110000111111111111000111100011110001111000011110011111111111110011
10001111000111000001111011101111111000001111111111110111100001110000111111111111000111100011110001111000011110011111111111110011
10001111000111000001111011101111111000001111111111110111100001110000111111111111000111100011110001111000011110001111111111110011
10001111000111000001111001101111111000001111111111110111100001110000111111111111000011100011110001111000011110001111111111110001
10001111000111000000111001101111111000001111111111110111100001110000111111111110000011100011110001111000011110001111111111110001
10001111000111000000111001101111111000001111111111110111100001110000111111111110000011100011110001111000011110001111111111110001
10001111000111000000111001101111111000001111111111100111000001110000111111111110000011100001110001111000011110001111111111110001
10001111000111000000111001101111111000001111111111100111000001110000111111111110000011100001110000111000011110001111111111100001
10001111000111000000111001101111111000001111111111100111000001110000111111111110000011100001110000111000011110001111111111100001
10001110000111000000111001101111111000001111111111100111001001110000111111111110000011100001110000111000011110001111111111100001
10001110000011000000111001101111111110001111111111100111001001111000111111111110010011100001110000111011011100001111111111100001
10001110000011000000111001101111111110001111111111100111001001111000111111111110010011100001110000111011011100001111111111100001
10001110000011000000111001101111111111001111111111100111001101111100111111111110011011101001110100111011011100001111111111100101
10001110010011001100111001101111111111001111111111100111001101111100111111111110011011101001110100111011011100001111111111100101
10001110010011001100111001101111111111001111111111100111001101111100111111111110011011101001110100111011011100001111111111100101
10001110010011001100111001101111111111001111111111100111001101111100111111111110111011111101111100111011011100101111111111100101
11011110010011001100111001101111111111001111111111100111011101111100111111111110111011111101111100111011011100101111111111101101
11011110010011001100111001101111111111001111111111100111011101111100111111111110111011111101111110111011011100101111111111101101
11011110010011001100111001101111111111001111111111100111011101111100111111111110111011111101111110111011011100100111111111101100
11011110011011001100111001101111111111001111111111100111011101111100111111111110111011111101111110111011011100100111111111101100
11011110011011001110111001101111111111001111111111100111011101111100111111111110111011111101111110110011011101100111111111101100
11011110011011001110111001101111111111001111111111100111011101111100111111111110111011111101111110110011011101100111111111101100
11011110011011001110111001101111111111001111111111100111011101111100111111111110111011111101111110110011011101100111111111101100
11011110111011001110111001101111111111001111111111100111011101111100111111111110111011111101111110110011011101100111111111101100
11011110111011001110111001101111111111001111111111110111011101111100111111111110111011111101111110110011011101100111111111101110
11011110111011001110111001101111111111001111111111110111011101111100111111111110111011111101111110110011011101100111111111101110
11011110111111001110111001101111111111011111111111110111011101111100111111111110111011111101111110110111011101100111111111101110
11011110111111001110111001101111111111011111111111110111011101111100111111111110111011111101111110110111011101100111111111101110
11011110011111001110111001101111111111011111111111110111011101111100111111111110111011111101111110110111011101100111111111101110
11011110011111001110111001101111111111011111111111110111011101111100111111111110111011111101111110110111011101100111111111101110
11011110011111001110111001101111111111011111111111110111011101111101111111111110111011111101111110110111011101100111111111101110
11011110011111001110111001101111111111011111111111110111011101111101111111111110111011111101111110110111011101101111111111101110
11011110011111001110111000101111111111011111111111110111011101111101111111111110111011111101111110110111011101101111111111101110
11011110011111001110111000101111111111011111111111110111011101111101111111111110111011111101111110110111011101101111111111101110
11011110011111001110111000101111111111011111111111110111011101111001111111111110111011111101111110110111011100101111111111101110
11011110011111001110111000101111111111011111111111110111011101111001111111111110111011111101111110110111001100101111111111101110
11011110011111001110111000101111111111011111111111110111011101111001111111111110111011111101111110110111001100101111111111101110
11011110011111001110111000101111111111011111111111110111011101111001111111111110111011111101111110110111001110101111111111101110
11011110011111001100111000101111111111011111111111110111011101111001111111111110111011111101111110110111001110001111111111101110
11011110011111001100111000101111111110011111111111110111011101111001111111111110111011111101111110110111001110001111111111101110
11011110011111001100111000111111111110011111111111110111011101111001111111111110111011111101111110110111001110001111111111101110
11011110011111001100111000111111111110011111111111110111011101111001111111111110111011111101111110110111101110001111111111101110
11011110011111001100111000111111111110011111111111110111011101111001111111111110111011111101111110110111101110001111111111101110
11011110011111001100111000111111111110011111111111110111011101111001111111111110111011111101111110110111101110001111111111101110
11011110011111001100111010111111111110011111000111110111011101111001111100001110111011111101111100110111101110001111111111101110
11011110001111000100111010111111111110011110000111110111011101111000111100001110111011111101111100110111101110001111101011101100
11011111001111000100111010101111111110111110000111110111011101111000111100001110111011111001111100110111101110001111101011101100
11011111001111000000111010101111111110111110000011110111011101111000111100001110111011111001111100110111101110001111100011101100
11011111001111000000111010101111111110111110000011110111011101111000111000001110111011111001111100110111101110001110000011101100
11011111001111000000111010101111111110111110000011110111011101111000111000000110111011111001111100110111101110001110000011101100
11011111001111000000111010101111111110111110000011110111011101111000111000000110111011111001111100110111101110001110000011101100
11011111000111000000111010101111111110111110000011110111011101111000111000000110111011111011111100110111101110001110000011101100
11011111000111000000111010101111111110111110000011110111011101111000111000000110111011111011111100110111101110001110000011101100
11011111000111000000111010101111111110111110000011110111011101111000111000000110111011111011111101110111101110001110000011101100
11011111000111000000111010101111111110111110000011110111011101111000111000001110111011111011111101110111101110001110000011101100
11011111000111000000111010101111111110111110000011110111011101111100111000001110111011111011111001110111101110001110000011101100
11011111000111000000111010101111111110111110000011110111011101111100011000001110111011110011111001110111101110001110000011101100
11011111100111000000111010101111111110111110000011110111011101111110011000001110111011110011111001110111101110001110000011101100
11011111100111000000111010101111111110111110000011110111011101111110011000001110111011110011111001110111101100001110000011100100
11011111100111000000111010101111111110111110000011110111011101111110011000001110111011110011111001110111101100001110000011100000
11011111100111000000111010101111111110111110000011110111011101111110011000001110111011110011111001110111101100001110000011100000
11011111100111000000111010101111111110111110000111110111011101111110011000001110111011110011111001110111101100001110000011100001
11011111100111000000111010001111111100111110000111110111011101111110011100001110111011110011111011110111101100101111001011100001
11011111100011000000111010001111111100111110000111110111011101111110011100001110111011110011111011110111101100101111001011100001
11011111100011000000111010001111111100111111011111110111011101111111011111111110111011110111111011110111101100101111111111100001
11011111110011000000111011001111111100111111111111110111011101111111011111111110111011110111110011110111101100101111111111100001
11011111110011000000111011001111111100111111111111110111011101111111011111111110111011100111110011110111101100101111111111100001
11011111110011001100111011001111111101111111111111110111011101111111011111111110111011100111110011110111101101101111111111100001
11011111110011001110111011001111111101111111111111110111011101111111011111111110111011100111110011110111001101100111111111110001
11011111110011001110111011001111111101111111111111110111011101111111011111111110111011100111110011110111001101100111111111110001
11011111110011001110111011001111111101111111111111110111011101111111011111111110111011100111110011110111001101100111111111110001
11011111110011001110111011001111111101111111111111110111011101111111011111111110111011100111110011110111001101100111111111110001
11011111110011001110111011001111111101111111111111110111011101111111011111111110111011100111110011110111011101110111111111110001
11011111110011001110111011001111111101111111111111110111011101111111011111111110111011100111110011110111011101110111111111110001
11011111110011001110111011001111111101111111111111110111011101111111011111111110111011101111110111110111011101110111111111110001
11011111110011001110111011001111111101111111111111110111011101111111011111111110111011101111110111110111011101110111111111111001
11011111110011001110111011001111111101111111111111110111011101111111011111111110111011101111110111110111011101110111111111111001
11011111110011001110111011001111111101111111111111110111011101111111011111111110111011101111110111110111011101110111111111111001
11011111111011001110111011001111111101111111111111110111011101111111011111111110111011101111110111110111011101110111111111111001
11011111111011001110111011001111111101111111111111110111011101111111011111111110111011101111110111110111011101110111111111111001
11011111111011001110111011001111111101111111111111110111011101111111011111111110111011101111110111110111011101110111111111111001
11011111111011001110111011001111111101111111111111110111011101111111011111111110111011101111110111110111011101110111111111111001
11011111111011001110111011001111111101111111111111110111011101111111011111111110111011101111110111110111011101110111111111111001
11011111111011001110111011001111111101111111111111110111011101111111011111111110111011101111110111110111011101110111111111111001
11011110111011001110111011001111111101111111111111110111011101111111011111111110111011101111110111110111011101110111111111111001
11011110111011001110111011001111111101111111111111110111011101111111011111111110111011101111100111110111011101110111111111111001
11011110111011001110111011001111111101111111111111110111011101111111011111111110111011101111100111110111011101110111111111111011
11011110111011001110111011001111111101111111111111110111011101111111011111111110111011101111100111110111011101110111111111111011
11011110111011001110111011001111111101111111111111110111011101111111011111111110111011101111100111110111011101110111111111111011
11011110111011001110111011001111111101111111111111110111011101111111011111111110111011101111100111110111011101110111111111111011
11011110111011001110111011001111111101111111111111110111011101111111011111111110111011101111100111110111011101110111111111111011
11011110111011001110111011001111111101111111111111110111011101111111011111111110111011101111100111111111011101110111111111111011
11011110111011001110111011101111111101111111111111110111011101111110011111111110111011101111100111111111011101110111111111111011
11011110011011001110111011101111111101111111111111110111011101111110011111111110111011101111100111111111011101110111111111111011
11001110011011001110111011101111111101111111111111110111001101111110011111111110111011101111100111111011011101110111111111111011
11001110011011001110111011101111111101111111111111110111001101111110011111111110111011101111100111111011011101110111111111111011
11001110011011001110111011101111111101111111111111110111001101111110011111111110111011101111100111111011011101100111111111111011
11001110010011001110111011101111111101111111111111110111001101111110011111111110111011101111100111111011011101100111111111111011
11001110010011001110111011101111111101111111111111110111001101111110111111111110111011101111100111111011011101100111111111111011
11001110010011001110111011101111111101111111111111110111001101110100111111111110111011101111100111111011011101100111111111110011
11001110010011001110111011101111111101111111111111110111001101110100111111111110010011101011100111111011011101101111111111110011
11001110010011001100111011101111111101111111111111110111001001110000111111111110010011100001100101111010011101001111111111110011
11001110010011001100111011101111111101111111111111110111101001110000111111111110010011100001100101111010011101001111111111110011
11001111000011000000111011101111111101111111111111110111100001110000111111111110000011100001100000111000011100001111111111110011
11000111000011000000111011101111111101111111111111110111100001110000111111111110000011100001100000111000011100001111111111110011
11000111000011000000111011101111111101111111111111110111100001110000111111111111000011100001100000111000011100001111111111110111
10000111000011000000111011101111111101111111111111110111100011110000111111111111000011100001100000111000011100001111111111110111
10000111000011000000111011101111111101111111111111110111100011110000111111111111000111100001100000111000011100001111111111110111
10000111000011000000111011101111111101111111111111110111100011110000111111111111000111100001100000111000011100001111111111110111
10000111000111000000111011101111111101111111111111110111100011110000111111111111000111100001100000111000011100001111111111110111
10000111000111000000111011101111111101111111111111110111100011110001111111111111000111100001100000111000011110001111111111110111
10000111000111000000111011101111111101111111111111110111100011110001111111111111000111100001100000111000011110001111111111110111
10000111000111000000111011101111111101111111111111111111100011110001111111111111000111100001100000111000111110001111111111110111
10000111000111000000111011101111111101111111111111111111100011110001111111111111000111100001110000111000111110001111111111110111
10000111000111000001111011101111111101111111111111111111100011110001111111111111000111100001110000111000111110011111111111110111
10000111100111000001111011111111111101111111111111111111100011111001111111111111000111100001110000111000111110011111111111110111
10000111100111100001111011111111111101111111111111111111110111111011111111111111101111100001110001111100111110011111111111110111
10000111101111100001111011111111111101111111111111111111111111111111111111111111101111111011111111111100111110011111111111111111
10000111101111100001111011111111111101111111111111111111111111111111111111111111101111111011111111111100111110011111111111111111
10000111111111100001111111111111111111111111111111111111111111111111111111111111111111111111111111111111111111111111111111111111
11001111111111100111111111111111111111111111111111111111111111111111111111111111111111111111111111111111111111111111111111111111
11001111111111100111111111111111111111111111111111111111111111111111111111111111111111111111111111111111111111111111111111111111