10111110011111111111111111111111111111111111111111111111111111111111111111111111111111111111111111111111111111111111111111100001
10111110011111111111111111111111111111111111111111111111111111111111111111111111111111111111111111111111111111111111111111100001
10111100011111111111111111111111111111111111111111111111111111111111111111111111111111111111111111111111111111011111111111100001
10111100011111111111111111111111111111111111111111111111111111111111111111111111111111111111111111111111111111011111111111100001
10111100001111100111111111111111111111111111111111111111111111111111111111111111111111111111111111111111111111001111111111100001
10111100001111000001111111111111111111111111111111111111111111111111111111111111111111111111111111111110111111001111111111100001
10111100001111000001111111111111111111111111111111111111111111111111111111111111111111111111111111111110111111001111111111100001
10111000001111000001111111111111111111111111111111111111111111111111111111111111111111111111111111111110011110001111111111100001
10111000001111000000111101111101111111000011111111111101111110111111111111111111110111111001111000011100011110001111111111100001
10111000001111000000111001111101111111000011111111111101111110111111111111111111110111111001111000011100011110001111111111100001
10111000001111000000111001111101111110000001111111111001111100111111111111111111110011111001111000011100011110001111111111000001
10111000001111000000111001111101111110000001111111111001111100111111111111111111100011110001111000011100001110000111111111000001
10111000001111000000111001111101111110000001111111111001111100111111111111111111100011110001111000011100001110000111111111000001
10111000000111000000111001111101111110000001111111111000111100111111101111111111100011110001111000011100001110000111111111000001
10111000000111000000111001111101111110000001111111111000111100011111101111111111100011110001111000011100001110000111111111000001
10111001100111000000111001111101111110000001111111111000111100011111101111111111100011110001111000011100001110000111111111000001
10111001100111000000111001111101111110000001111111111000111100011111101111111111100011110000111000011100001110000111111111001111
10111001100111000000111001111101111110000001111111110000111100011111101111111111100011110000110000011000001100000111111111001111
10111011100111001100111001111101111110000001111111110000111100011111101111111111100011110000110000011001001100100111111111001111
10111011100111011110111001111101111110000001111111110000111000011111101111111111100001110000110000011001001100110111111111001111
10111011100111011110111001111101111110000001111111110000111000011111001111111111000001110000110000011001001100110111111111001111
10111011110111011110111001111101111110000001111111110000111000011111001111111111000001110100110000011001101100110111111111001111
10111011110111011110111001111101111110000001111111110010011000011111001111111111001001110100110001111001101100110111111111001111
10111011110111011110011000111101111110000001111111110010011000001111001111111111001001100100110001111001101100110111111111001111
10111011110111011110011000111101111111110001111111110010011001001111001111111111001001100110110011111001101100110111111111001111
10111011110111011110011000111101111111111001111111110110011011001111001111111111001101100110110011111011101101110111111111001111
10111011110111011110011000111101111111111001111111110110011011001111001111111111001101100110110011111011101101110111111111001111
10111011110111011110011000111101111111111001111111110110011011001111001111111111001101100110110011111011101101110111111111001111
10111011110111011110011000111101111111111001111111110110011011001111001111111111011101100110110011111011100101110111111111011111
10111011110111011110011000111101111111111001111111110110011011001111001111111111011101100110110011111011100101110111111111011111
10111011110111011110011000111101111111111001111111110111011011101111001111111111011101100110110111111011100101110111111111011111
10111011110111011110011000111101111111111001111111110111011011101110001111111111011101101110110111111011100101110111111111011111
10111011110111011110011000111101111111111001111111110111011011101110001111111111011101101110110111111011100101110111111111011111
10111011110111011110011000111101111111111011111111110111011011101110001111111111011101101110110111111011100101111111111111011111
10111011111111011110011000111101111111111011111111110111011011101110001111111111011101101110110111111011100101111111111111011111
10111011111111011110011000111101111111111011111111110111011011101110001111111111011101101110110111111011100101111111111111011111
10111011111111011110011000111101111111111011111111110111011011101110001111111111011101101110110111111011100101111111111111011111
10111011111111011110011000111101111111111011111111110111011011101110001111111111011101101110110111111011100101111111111111011111
10111011111111011110011000011101111111111011111111110111011011101110001111111111011101101110110111111011100101111111111111011111
10111011111111011110011000011101111111111011111111110111011011101110001111111111011101101110110111111011100101111111111111011111
10111011111111011110011000011101111111111011111111111111011011101110001111111111011101101110110111111111100101111111111111000111
10111011111111011110011000011101111111111011111111111111011011101110001111111111011101101110110111111111100101111111111111000011
10111011111111011110011000011101111111111011111111111111011011101110101111111111011101101110110111111111100101111111111111000011
10111011111111011110011000011101111111111011111111111111011011101110101111111111011101101110110111111111100101111111111111000011
10111001111111011110011000011101111111111011111111111111011011101110101111111111011101100110110111111111100101001111111111000011
10111001111111011110011000011101111111111011111111111111011011101111101111111111011101100110110111111111100101001111111111000011
10111001111111011110111000011101111111110011111111111111011011101111101111111111011101100110110101111111100101001111111111000001
10111001111111011110111000011101111111110011111111111111010011101111101111111111011101100110110000111111100101001111111111000001
10111001111111011110111000011101111111110011111111111111010011101111101111111111011101100110110000111111101101001111111111000001
10111000111111011110111001011101111111110011111111111110010011101111101111111111011100100110110000111111101101001111111111000001
10111000111111001110111001011101111111110011111111111110010011101111101111111111011100100110110000111111101100001111111111000001
10111000111111001110111001011101111111110011111111111110010011101111101111111111011100110110110000111111101100001111111111000001
10111000011111000100111001011101111111110111111111111110010011101111101111111111011100110100110000011111101100000111111111000001
10111000011111000000111001011101111111110111111111111110010011101111101111111111011100110000110000011111101100000111111111000001
10111000011111000000111001011101111111110111111111111110010011101111101111111111011100110000110000011111101100000111111111001001
10111000011111000000111001011101111111110111111111111110010011101111101111111111011100110000110000011111101100000111111111001101
10111000001111000000111001011101111111110111111111111110010011101111101111111111011100110000110000011111101100000111111111001101
10111100001111000000111001011101111111110111111111111110010011101111101111111111011100110000110000011111101100000111111111001101
10111100001111000000111001011101111111110111111111111100110011101111101111111111011100110000110000011111101100000111111111001101
10111100001111000000111001001101111111110111111111111100110011101111101111111111011100110000110000011111001100000111111111001101
10111100001111000000111001001101111111110111111111111100110011101111101111111111011100110000110010011111001100100111111111011101
10111110001111000000111001001101111111110111111111111100110011101111101111111111011100110000110010011111001100110111111111011100
10111110000111000000111001001101111111110111111111111100110011101111101111111111011100110000110010011111001100110110001111011100
10111110000111000000111001001101111111110111111111111100110011101111101111111111011100110000110111011111001100110110001111111100
10111110000111000000111001101101111111110111111111111100110011101111101111111111011100110000110111011111001100110110001111111100
10111110000111000000111001101101111111110111111111111100110011101111101111111111011100110000110111011111001100110110001111111100
10111111000111000000111001101101111111110111111111111100110011101111101111111111011100110000110111011111001101110110001111111100
10111111000111001000111001101101111111110111111111111100010011101111101111111111011100110000110111011111011101110010001111111100
10111111000111001000011001101101111111110111111111111100010011101111101111111111011100110000110111001111011101110010000111111100
10111111100111011110011001101101111111110111111111111100010011101111101111111111011100110100110111001111011101110010000111111100
10111111100111011110011001101101111111100111000111111110010011101111101110001111011100100110111111001111011101110010000111111100
10111111100111011110011001101101111111100111000011111110010011101111101110001111011100100110111111001111011101110010000111111100
10111111100111011110011001101101111111100111000011111110010011101111101110001111011100100110111111001111011101110010000111111100
10111111110111011110011001101101111111100111000011111110010011101111101110001111011100100110111111001111011101110010000111111100
10111111110111011110011001101101111111100111000011111110010011101111101100001111011100100110111111001110011101110010000111111100
10111111110111011110011001101101111111100111000011111111010011101111101100001111011100100110111111001110011101110010000111111100
10111111110111011111011001100101111111100111000011111111010011101111101100001111011100101110011111001110011101110010001111111100
10111111110111011111011001100101111111100111000011111111010011101111101100001111011100101110011111001110011101110010001111111100
10111111110111011111011001100101111111100111000011111111010011101111101100001111011100101110011111001110011101110010001111111100
10111111110011011111011001100101111111101111000011111111010011101111101100001111011100101110011111001110111101110010001111111100
10111111110011011111011001100101111111101111000011111111010011101111101100001111011100101110011111001110111101110010001111111100
10111111110011011111011001100101111111101111000011111111010011101111101100001111011100101111011111001110111101110011111111111100
10110111110011011111011001100101111111101111000011111111010011101111101100001111011100101111011111001110111101110011111111111100
10110111110011011111011001100101111111101111000011111111010011101111101100001111011100101111011111001110111101110011111111111100
10110111110011011111011001100101111111101111000011111111010011101111101100001111011100101111011111001110111101110011111111111100
10110111110011011111011001110001111111101111000011111111010011101111101110001111011100101111011111001100111101110011111111111100
10110111110011011111011001110001111111101111000011111111010011101111101110001111011100101111011111001100111101110011111111011100
10110111110011011111011001110001111111101111111111111111010011101111101111111111011101101111011111001100111101110011111111011100
10110111110011011111011001110001111111101111111111111111011011101111101111111111011101101111011111001100111101110011111111011100
10110111110011011111011001110001111111101111111111111111011011101111101111111111011101101111011111001100111101110011111111011100
10110111110011011111011001110001111111101111111111111111011011101111101111111111011101101111011111001100111101110011111111011100
10110111110011011111011001110001111111101111111111111111011011101111101111111111011101101111011111001100111101110011111111011100
10110111110011011111011001110001111111101111111111111111011011101111101111111111011101101111011111001100111101110011111111011100
10110111110011011111011001110001111111101111111111111111011011101111101111111111011101101111011111001101111101110011111111011100
10110011110011011111011001110001111111101111111111111111011011101111101111111111011101101111010111001101111101110011111111011100
10110011110011011111011001110001111111101111111111111111011011101111101111111111011101101111010111001101111101110011111111011100
10110011110111011111011001110001111111101111111111111111011011101111101111111111011101101111010111001101111101110011111111011101
10110011110111011111011001110001111111101111111111110111011011101111101111111111011101101111010111001101111101110011111111011101
10110011110111011111011001110001111111101111111111110111011011101111101111111111011101101111010111001001111101110011111111011101
10110011110111011111011001110001111111101111111111110111011011101111101111111111011101101111010111001001111101110111111111011101
10111011110111011111011001110001111111101111111111110111011011101111101111111111011101101111010111001001111101110111111111001101
10111011110111011110011001110001111111101111111111110111011011101111101111111111011101101110010111001001111100110111111111001101
10111011110111011110011001111001111111101111111111110111011011101111101111111111011101101110010111011001111100110111111111001101
10111001100111011110011001111001111111101111111111110111011011101111101111111111011101101110010111011001111100110111111111001001
10111001100111011110011001111001111111101111111111110111011011101111101111111111011101101110010111011001111100110111111111000001
10111001100111011110011001111001111111101111111111110111011011101111101111111111011101101110010111011001111100110111111111000001
10111001100111011110011001111001111111101111111111110111011011101111101111111111001101100110010111011001111100100111111111000001
10111000000111001100011001111001111111101111111111110111011011101111101111111111001101100110010011011000001100100111111111000001
10111000000111001100011001111001111111101111111111110111011011101111101111111111001101100110110011011000001110100111111111000001
10111000000111000000011001111001111111101111111111110111011011001111101111111111001101100110110011011000000110000111111111100001
10111000000111000000011001111001111111101111111111110110011011001111101111111111001101100110110010011000000110000111111111100001
10111000000111000000111001111001111111101111111111110110011011001111101111111111001101100110110010011000000110000111111111100001
10111000001111000000111001111001111111101111111111110010011001001111101111111111001001110000110000011000000110000111111111100011
10111000001111000000111001111001111111101111111111110010011001001111101111111111000001110000110000011000000110000111111111100011
10111100001111000000111001111001111111101111111111110010011001001111101111111111100001110000110000011000000110001111111111100011
10111100001111000000111001111001111111101111111111110000011000011111101111111111100001110000111000011000000110001111111111100011
10111100001111000000111001111001111111101111111111110000011000011111101111111111100001110000111000011000000110001111111111100011
10111100001111000000111001111001111111101111111111110000011000011111101111111111100001110000111000011000000110001111111111110011
11111100001111000000111011111001111111101111111111110000011100011111101111111111100011110000111000111000000110001111111111110111
11111100001111000000111111111001111111101111111111110000011100011111101111111111100011110000111000111000000110001111111111110111
11111110011111100001111111111101111111101111111111111000111100011111101111111111100011110000111000111000001111001111111111111111
11111111111111111111111111111101111111111111111111111000111100011111101111111111100011110001111000111000011111011111111111111111
11111111111111111111111111111101111111111111111111111000111100011111101111111111100011111001111000111000011111011111111111111111
11111111111111111111111111111111111111111111111111111000111100011111101111111111110011111001111101111111111111111111111111111111
11111111111111111111111111111111111111111111111111111000111100011111111111111111110011111001111101111111111111111111111111111111
11111111111111111111111111111111111111111111111111111000111100011111111111111111110011111001111101111111111111111111111111111111
11111111111111111111111111111111111111111111111111111001111100111111111111111111110111111011111111111111111111111111111111111111
11111111111111111111111111111111111111111111111111111001111100111111111111111111110111111011111111111111111111111111111111111111