11111111111111111111111111111111111111111111111111111111111111111111111111111111111111011111111111111111111111111111111111111111
11111111111111111111111111111111111111111111111111111111111111111111111111111111111111011111111111111111111111111111111111111111
11111111110111111111111111111111101111111111111111111111011111111111111111111111111111011111111111111111111111111111111111111111
11101111100001111101111111111111000111111111111100111111011111100111111111111111111111011111111111111111111111111111111111111111
11101111100001111101111111111111000111111111111100111111011111100111111111111111111111011111111111111111111111111111111111111111
11100111100001111100111111111111000011111111111000011110001111000011111111111111111111001111100111111011111111111111111111111111
11000111100001111000111111111111000011111111111000011110001111000011111111111111111110001111100111111011111111111111111111111111
11000111100001111000111111111111000011111111111000011110001111000011111111111111111110001111100111111011111111111111111111111111
11000111100001111000111111111111000011111111111000011110001111000011111111111111111110001111100011110011111111111111111111111111
11000111100001111000111111111111000011111111111000011110001111000011111011111111111110001111100011110001111111111111111111110111
11000111100001111000111111111111000011111111111000011110001111000011111011111111111110001111100011110001111111111111111111110111
11000111100000111000111111111111000011111111111000011110001111000011111011111111111110001111100011110001111110111111111111000011
11000111100000111000111111111111000011111111111000011110001111000011111011111111111110001111100011110001111110111111111111000011
11000111100000111000111111111111000011111111111000011110001111000011111011111111111110001111100011110001111110111111111111000011
11000111100000111000111111111111000011111111111000011110001111000011111011111111111110001111000011110001111110111111111111000011
11000111100000111000111111111111000011111111111000011110001111000011111011111111111110001111000011110001111110111111111111000011
11000111110000111000111111111111000011111111111001111100101111100011111011111111111110001111000011110001111110111111111111000011
10000111111001111000011111111111100011111111111001111100100111110011111011111111111110000111000011110001111100111111111111000011
10000011111001111000011111111111100011111111111001111100100111110011111011111111111110000111000011110000111100111111111111000011
10010011111001111010011111111111110011111111111011111100100111110011111011111111111110000111000011110000111100111111111111000011
10010011111001111010011111111111110011111111111011111100100111110011111011111111111110000111000011110100111100111111111111100011
10010011111001111010011111111111110011111111111011111100100111110011111011111111111110000111000011110100111100111111111111100011
10010011111101111010011111111111110011111111111011111101110111110011111011111111111110000111001011110100111100111111111111110011
10110011111101110010011111111111110011111111111011111101110111110011111011111111111110000111011011110100111100111111111111110011
10110011111101110010011111111111110011111111111011111101110111110011111011111111111110000111011001110100111100111111111111110011
10110011111101110011011111111111110011111111111011111101110111110011111011111111111111000111011001111100111100111111111111110011
10110011111101110011011111111111110011111111111011111101110111110011111011111111111111100111011001111100111100111111111111111011
10111011111101110011011111111111110011111111111011111101110111110111111011111111111111100111011001111100111100111111111111111011
10111011111101110011011111111111110011111111111011111101110111110111111011111111111111100111011001111100111000111111111111111011
10111011111101110011011111111111110011111111111011111101110111110111111011111111111111100111011001111100111000111111111111111011
10111011111101110011011111111111110011111111111011111101110111110111111011111111111111100111011001111110111000111111111111111011
10111011111101110010011111111111110011111111111011111101110111110111111011111111111111100111011001111110111000111111111111111011
10111011111101110010011111111111110011111111111011111101110111110111111011111111111111100111011001111110111000111111111111111011
10111011111101110010011111111111110011111111111011111101110111110111111111111111111111100111011001111110111000111111111111111011
10111011111101110010011111111111110011111111111011111101110111110111110111111111111111100111011001111110111000111111111111110011
10111011111101110010011111111111110011111111111011111101110111110111110111111111111111100111011001111110111000111111111111110111
10111011111101110010111111111111110111111111111011111101110111110111110111111111111111100111011001111110111000111111111111110111
10111011111001110010111111111111110111111111111011111101110111110111110111111111111111100111011001111110111000111111111111110111
10111011111001110010111111111111110111111111111011111101110111110111110111111111111111100111011001111110111000111111111111110111
10111011111001110010111111111111110111111111111011111101110111110111110111111111111111100111011001111110111000111111111111110111
10111011111001110010111111111111110111111111111011111101110111100111110111111111111111100111011001111110111000111111111111110111
10111011111001111010111111111111110111111111111011111101110111100111110111111111111111110111011001111110111110111111111111110111
10111011111011111010111111111111110111111111111011111101110111100111110111111111111111110111011001111110111110111111111111110111
10111011111011111010111111111111110111111111111001111101110111100111110111111111111111110111011001111110111110111111111111110111
10111011111011111010111111111111110111111111111001111101110111100111110111111111111111110111011101111110111110111111111111110111
10111011111011111000111111111111110111111111111001111101110111100111110111111111111111110111011101111110111110111111111111110111
10111011111011111000111111111111110111111111111001111101110111100111110111111111111111110111011101111100111110111111111111110111
10111011111011111000111111111111110111111111111001111101110111100111110111111111111111110111011101111100111110111111111111110111
10111011111011111000111111111111110111111111111001111101110111100111110111111111111111100111011101111100111110111111111111110111
10111011111011111000111111111111110111111111111000111101110111100111110111111111111111100111011001111100111110111111111111110111
10111011111011111000111111111111110111111111111000111101110111100111110111111111111111100111011001111100111110111111111111110111
10111011111011111000111111111111110111111111111000111101110111100111110111111111111111100111011001111100111110111111111111110111
10111011111011111000111111111111110111111111111000111101110111100111110111111111111111100111011001111100111110111111111111110111
10111011111011111000111111111111100111111111111000111101110111100111110111111111111111100111011001111100111110111111111111110111
10111011111011111000111111111111100111111111111000111101110111100111110111111111111111100111011001111101111110111111111111110111
10111011111011111000111110001111100111110001111100111101110111100111110111111111111111100111011001111101111110111111111111110111
10111011111011111000111100001111100111100001111100111101110111100111110111111000011111100111011001111101111110111111111111110111
10111011111011111000111100001111100111100001111100111101110111100111110111111000011111101111011001111101111110111111111111111111
10010011110011111000111100001111100111100000111110111101110111100111110111111000011111101111011001111101111110111111111111111111
10010011110011111000111100001111100111100000111110011101110111100111110111111000011111101111011001111101111110111111001111111111
10010011110011111000111100001111101111100000111110011101110111100111110111111000011111101111011001111101111110111111001111111111
10010011110011111000111100000111101111100000111110011101110111100111110111111000011111101111001001111101111110111110001111101111
10010011110011111000111100000111101111100000111110011101110111100011110101111000011111101111001001111101111110111110001111101111
10010011110011111000111100000111101111100000111110011101110111110011110101111000011111101111001001111101111110111110001111101111
11010011110111111000111100000111101111100000111110011101110111110011110101111000001111001111001011111001111110111110001111101111
11000011110111111000111100000111101111100000111110011101110111110011100101111000001111001111000011111001111110111100001111101111
11000011110111111000111100000111101111100000111110011101110111110011100101111000001111001111000011111001111110111100001111101111
11000011110111111000111100001111101111100000111111011101110111110011100101111000001111001111000011111001111110111100001111101111
11000011110111111000111100001111101111100000111111011101110111110011100101111000001111001111000011111001111110111100001111101111
11000011110111111000111100001111101111100001111111011101110111110011100101111000011111001111000011111011111110111100001111101111
11000011110111111000011100001111101111100001111111011101110111111011100101111000011111011111000011111011111110111100001111101111
11000011110111111000011100001111101111100001111111011101110111111011100101111000011111011111000011111011111110111100001111101111
11000011110111111010011100001111101111111111111111011101110111111011101101111000011111011111000011111011111110111100001111101111
11000011110111110010011111111111101111111111111111011101110111111011101101111111011111011111100011111011111110111110001111101111
11000011110111110010011111111111101111111111111111011101110111111011101101111111011111011111100011111011111110111110001111101111
11000111110111110010011111111111101111111111111111011101110111111011101101111111111110011111100011110011111110111110001111101111
11000111110111110010011111111111101111111111111111011101110111111011100101111111111110011111100011110011111110111110001111101111
11000111110111110010011111111111101111111111111111011101110111111011100101111111111110011111100011110011111110111111111111101111
11000111110111110011011111111111101111111111111111011101110111111011100101111111111110011111100011110011111110111111111111101111
11100111110111110111011111111111101111111111111111011101110111111011100101111111111110011111100011110011111110111111111111101111
11100111110111110111011111111111101111111111111111011101110111111011100101111111111110011111110011110011111110111111111111101111
11100111110111110111011111111111101111111111111111011101110111111011100101111111111110011111110011110011111110111111111111101111
11100111110111110111011111111111101111111111111111011101110111111011100101111111111110111111110011110011111110111111111111101111
11100111110111110111011111111111101111111111111111011101110111111011100000111111111110111111110011110111111110111111111111101111
11100111110111110111011111111111101111111111111111011101110111111011100000111111111110111111110011110111111110111111111111101111
11100111110111110111011111111111101111111111111111011101110111111011100000111111111110111111110011110111111110111111111111101111
11100111110111110111011111111111101111111111111111011101110111111011100000111111111110111111110011110111111110111111111111101111
11100111110111110111011111111111101111111111111111011101110111111011100000111111111110111111110011110111111110111111111111101111
11100111110111110111011111111111101111111111111111011101110111111011100000111111111110111111110011110111111110111111111111101111
11100111110111110111011111111111101111111111111111011101110111111011100000111111111110111111110011110111111110111111111111101111
11100111110111110111011111111111101111111111111111011101110111111011100000111111111110111111110011110111111110111111111111101111
11100111110111110111011111111111101111111111111111011101110111111011100000111111111110111111110011110111111110111111111111101111
11100111110111110111011111111111001111111111111111011101110111111011100000111111111110111111110011110111111110111111111111101111
11100111110111110111011111111111001111111111111111011101110111111011100000111111111110111111110011110111111110111111111111001111
11100111110111110111011111111111011111111111111111011101110111111011110000111111111110111111110011110111111110111111111111111111
11100111110111110111011111111111011111111111111111011101110111111011110000111111111110111111110111110111111110111111111111111111
11100111110111110111011111111111011111111111111111011101110111111011110000111111111110111111110111110111111110111111111111111111
11100111110111110111011111111111011111111111111111011101110111111011111000111111111110111111110111110111111110111111111111111111
11100111110111110111011111111111011111111111111111011101110111111011111000111111111100111111110111110111111110111111111111111111
11100111110111110111011111111111011111111111111111011101110111111011111000111111111100111111110111110111111110111111111111111111
11101111110111110111011111111111011111111111111111011101110111111011111100111111111100111111110111110111111110111111111111111111
11101111110111110111011111111111011111111111111111011101110111111011111101111111111100111111110111110111111110111111111111111111
11101111110111110111011111111111011111111111111110011101110111111011111101111111111100111111110111100111111110111111111111111111
11101111110111110111011111111111011111111111111110011101110111111011111101111111111100111111110111100111111110111111111111111111
11101111110111110111011111111111011111111111111110011101110111111011111101111111111100111111110111100111111110111111111111111111
11101111110111110111011111111111011111111111111110011101110111111011111101111111111100111111110111100111111110111111111111011111
11101111110111110111011111111111011111111111111110011101110111111011111101111111111100111111110111100111111110111111111111011111
11101111110111110111011111111111011111111111111110111101110111111011111101111111111100111111110111100111111110111111111111011111
11101111110111110011011111111111011111111111111110111101100111110011111101111111111100111111100111100111111110111111111111011111
11101111110111110010011111111111011111111111111110111100100111110011111101111111111100011111100111100111111110111111111111011111
11101111110111110010011111111111011111111111111110111100100111110011111101111111111100011111100111100111111110111111111111011111
11101111110111110010011111111111011111111111111100111100100111110011111101111111111100011111100111100111111110111111111111011111
11001111110111110000011111111111011111111111111100111100000111000011111101111111111100001111100111100011111110111111111111011111
11001111110111111000011111111111011111111111111100111110001111000011111101111111111100001111100111100011111110111111111111011111
11001111110111111000011111111111011111111111111100111110001111000011111101111111111100001111101111100001111110111111111111011111
11001111110111111000011111111111011111111111111000111110001111000011111101111111111100001111101111100001111110111111111111011111
11001111110111111000011111111111011111111111111000111110001111000011111101111111111100001111101111100001111110111111111111011111
11001111111111111000011111111111011111111111111000111110001111000111111101111111111100000111101111100001111110111111111111011111
11001111111111111000011111111111011111111111111000111110001111000111111101111111111100000111101111100001111110111111111111011111
11011111111111111000111111111111011111111111111000111110001111000111111101111111111100000111101111100001111110111111111111011111
11011111111111111000111111111111011111111111111000111110001111000111111101111111111110000111101111110001111110111111111111111111
11011111111111111000111111111111011111111111111000111110001111000111111101111111111110000111101111110001111110111111111111111111
11011111111111111000111111111111111111111111111001111110001111000111111101111111111110000111101111110001111110111111111111111111
11011111111111111000111111111111111111111111111001111110001111000111111111111111111110001111101111110001111110111111111111111111
11011111111111111000111111111111111111111111111001111110001111000111111111111111111110001111101111110001111110111111111111111111
11111111111111111100111111111111111111111111111011111111001111001111111111111111111110001111101111110001111111111111111111111111
11111111111111111101111111111111111111111111111011111111011111101111111111111111111111111111101111111011111111111111111111111111
11111111111111111101111111111111111111111111111011111111011111101111111111111111111111111111101111111011111111111111111111111111