11111111111111111111111111111111111111111111111111111111111111111111111111111111111111011111111111111111101111111111111111111111
11111111111111111111111111111111111111111111111111111111111111111111111111111111111111011111111111111111101111111111111111111111
11111111111111111111111111111111111111111111111111111111101111111111111111111111111101001111111111111111100111111111111111111111
11111111111111111111111111111111111111111111111111111111101111111111111111111111111101001111111111111111100111111111111111111111
11111111111111111111111111111111111111111111111111111111000111111111111111111111111100001111111111111110000111111111111111111111
11001111111111111111111111111111111111111111111111111110000111111111111111111111111000001111111111111110000111111000111111111111
11001111111111111111111111111111111111111111111111111110000111111111111111111111111000001111111111111110000111111000111111111111
11001111111111111111111111111111111111111111110111111110000111111001111111111111111000001111111111111110000111110000111111111111
11001111111111111111111111111111111111111111110111111110000111111001111111111111111000001111111111111110000111110000111111111111
11001111111111111110111111111111111111111111100011111100000111110001111111111111111000000111111111111100000111110000011111100011
11000111111111111110011111111111111111111111100011111100000111110001111111111111111000000111111111111100000111110000011111100011
11000111111111111110011111111111111111111111100011111100000111110001111111111111111000000111111111111100000111110000011111100011
11000111111001111100000111111111111111111111100011111100000111110000111111111111111000000111111111111100000111110000011111100011
11000111111001111100000111111111111111111111100011111100000111110000111111111111111000000111111111111100000111110000011111100011
10000111111000111100000111111011111111111111000001111100000111110000111111111111111000000111111111111100000011110000011111000001
10000111110000111100000111111011111111111111000001111100000111100000111111111111111000000111111111111100000011110000011111000001
10000111110000111100000111111011111111111111000001111100000111100000111111111111111000000111111111111110000011110000011111000001
10000111110000111100000011110011111111111111000001111100000111100000111111111111111000000111111111111110000011100000011111000001
10000111110000111100000011110011111111111111000001111110000111100000111111111111111000000111111111111110000011100000011111000001
10000111110000111100000011110011111111111111000001111110000111100000111111111111111100000111111111111110000011100010011111111001
10000111110000111100000011110011110111111111000001111110000111100000111111111111111100000111111111111110000011100010011111111001
10000111110000111100000011110011110111111111000001111110000111100000111111111111111100000111111111111110000011100010011111111001
10000111100000111100000011110011100111111111000001111110000111100000111111111111111100000111111111111110000011100010001111111001
10000111100000111100000011110011100111111111001001111111000111100000111111111111111100000111111111111110000011100110001111111001
10000111100000111100000011110001100111111111011001111111000111100000111111111111111110000111111111111110000011100110001111111001
10000111100000111100000001110001100111111110011001111111000111100000111111111111111110000111111111111110000011100110001111111001
10000111100000111100000001110001100111111110011001111111000111100100111111111111111110000111111111111110000111100110001111111001
10000111100000111100000001110001100111111110011000111111000111100100111111111111111110000111111111111110000111100110001111111001
10000111100000111100000001110001100111111110011000111111000111100100111111111111111110000111111111111111000111100111001111111001
10000111100000111000000001110001100111111110011000111111000111100100111111111111111110000111111111111111000111100111001111111001
10000111100000111000000001110001100111111110011100111111000111100100111111111111111110000111111111111111000111100111001111111001
10000111100000111000000001110001100111111110011100111111000111100100111111111111111110001111111111111111000111100111001111111001
10000111100000111000000001110001100111111110011100111111000111100100111111111111111110001111111111111111000111100111001111111001
11000111100000111000000001110001100111111110011100111111000111100100111111111111111110001111111111111111000111100111001111111001
11001111100000111000000001110001100111111110011100111111000111100100111111111111111110001111111111111111000111100111001111111001
11001111100000111000000001110001100111111110011100111111000111100100111111111111111110001111111111111111000111100111001111111001
11001111100000111000010001110001100111111110111100111111000111100100111111111111111110001111111111111111000111100111001111111001
11001111100000111000010001110001100111111110111100111111000111100100111111111111111110001111111111111111000111100111001111111000
11001111100000111000010001110001100111111110111100111111000111100100111111111111111110001111111111111111000111100111001111111000
11001111100010111000010001110001100111111110111100111111000111100100111111111111111110001111111111111111000111100111001111111001
11001111100010111000010001110001100111111110111100111111000111100100111111111111111110001111111111111111000111100111001111111001
11001111100011111000110001110001100111111110111100111111001111100100111111111111111110001111111111111111000111100111001111111001
11001111100011111000110001110000000111111110111100111111001111100100011111111111111110001111111111111111000111100111001111111001
11001111100011111000110001110000000111111110111100111111001111100100011111111111111110001111111111111111000111100111001111111001
11001111100011111000110001110000000111111110111100111111001111100000011111111111111110011111111111111111000111100111001111111001
11001111100011111000110001110000000111111110111100111111001111100000011111111111111110011111111111111111000111100111001111111001
11001111100011111000110001110000000111111110111100111111001111100000011111111111111110011111111111111111000111100111001111111001
11001111100011111000110001110000000111111110111100111111001111100000011111111111111110011111111111111111000111100111001111111001
11001111100011111000110001110000000111111110111100111111001111100000011111111111111110011111111111111111000111100111001111111001
11001111100011111000010001110000000111111110111100111111001111100000011111111111111110011111111111111111000111100111001111111001
11001111100011111000010001110000000111111110111100111111001111100000011111111111111110011111111111111111000111100111001111111001
11001111100011111000010001110000000111111110111100111111001111100000011111111111111110011111111111111111000111100111001111111001
11001111100011111000010001110000000111111110111100111111001111100000011111111111111110011111111111111111000111100111001111111001
11001111100011111000010001110000000111111110111100111111011111100000111111111111111110011111111111111111000111100111001111111001
11001111100011111000000001110000000111111110111100111110011111100000111111111111111100011111111111111111000111101111001111111001
11001111100011111000000001110000000111111110111100111110011111100000111111111111111100011111111111111111000111101111001111111001
11001111100011111000000001110000000111111110111100111110011111100000111111111111111100011111111111111111000111101111001111111001
11001111100011111000000001110000000111111110011000111110011111100000111111111111111100011111111111111111000111101111001111110001
11001111100011111000000001110000000111111110011000111110011111100000111111111111111100011111111111111111000111101111001111110001
11001111100011111000000001110000000111111110011000111110011111100000111111111111111100111111111111111111000111101111001111110001
11001111100001111000000001110000000111111110011000111110011111100000111111111111111100111111111111111111000111101111001111110001
11001111100001111000000001110000000111111111011000111110011111100000111111111111111100111111111111111111000111101111001111110001
11001111100001111000000001110000000111111111011000111110011111100000111111111111111100111111111111111111000011100111001111110001
11001111110001111000000001110000000111111111011000111110011111100000111111111111111100111111111111111111100011100111001111110001
11001111110001111000000001110000000111111111011000111110011111100000111111111111111100111111111111111111100011100111001111110011
11001111110001111000000001110000000111111111010000111110011111100000111111111111111100111111111111111111100011100111001111100011
11001111110001111000000001110000000111111111010000111110011111100000111111111111111100111111111111111111100011100111001111100011
11001111110000111000000001110000000111111111000000111110011111100000111111111111111100111111111111111111100011100111001111100011
11001111110000111000000001110000000111111111000001111110011111100000111111111111111100111111111111111111100011100111001111100011
11001111110000111000000001110000000111111111000001111110011111100000011111111111111100111111111111111111100011100111001111100011
11001111110000111000000001110000000111111111000001111110011111100000011111111111111100111111111111111111100011100111001111100011
11001111110000111000000001110000000111111111100001111110011111100000011111111111111100111111111111111111100011100111001111100011
11001111110000111000000001110000000111111111100001111110011111100000011111111111111100111111111111111111100011100111001111100011
11001111110000111000000001110000000111111111100001111110011111100100011111111111111100111111111111111111100011100111001111100011
11001111111000111000000001110000000111111111100001111100111111100100011111111111111100111111111111111111100011100111001111100011
11001111111000111000000001110000000111111111100001111100111111100100011111111111111100111111111111111111100011100111001111000011
11001111111000111000010001110000000111111111100001111100111111100110011111111111111100111111111111111111110011100111001111000111
11001111111000111000010001110000000111111111100001111100111111100110011111111111111100111111111111111111110011100111001111000111
11001111111000111000010001110000000111111111100001111100111111101110011111111111111100111111111111111111110011100111001111000111
11001111111000011000010001110000000111111111100001111100111111101110011111111111111100111111111111111111110011100111001111000111
11001111111000011000010001110000000111111111100001111100111111101110011111111111111100111111111111111111110011100111001111000111
11001111111000011000110001110000000111111111100001111100111111101110011111111111111101111111111111111111110011100111001111000111
11001111111000011000110001110000000111111111100001111100111111001110011111111111111101111111111111111111110011100111001111000111
11001111111100011000110001110000000111111111100001111100111111001110011111111111111101111111111111111111110011100111001111000111
11001111111100011000110001110000000111111111100001111100111111001110011111111111111001111111111111111111110011100111001111000111
11001111111100011000110001110000000111111111100001111100111111001110011111111111111001111111111111111111110011100111001111000111
11001111111100011000110001110010000111111111100001111100111111001110011111111111111001111111111111111111110011100111001111000111
11001111111100011000110001110010000111111111100001111100111111001110011111111111111001111111111111111111110011100111001111000111
11001111111100011000110001110010000111111111100001111100111111001110011111111111111001111111111111111111110011100111001111001111
11001111111100011000110001110011000111111111100001111100111111001110011111111111111001111111111111111111110011100111001111001111
11001111111100011000110001110011000111111111100001111100111111001110011111111111111001111111111111111111110011100111001110001111
11001111111100011000110001110011000111111111110001111100111111001110011111111111111001111111111111111111110011100111001110001111
11001111111100011000110001110011000111111111110001111100111111001110011111111111111001111111111111111111110011100111001110001111
11001111111100011000111001110011000111111111110001111100111111001110011111111111111001111111111111111111110011100111001110001111
11001111111100011000111001110111000111111111110011111100111111001110011111111111111001111111111111111111110011100111001110001111
11001111111100011000111001110111000111111111110011111100111111001110011111111111111001111111111111111111110011100111001110001111
11001111111100011000111001110111000111111111110011111100111111001110011111111111111001111111111111111111110011100111001110001111
11001111111100011000111001110111000111111111110011111100111111001110011111111111111001111111111111111111110011100111001110001111
10001111111100011000111001110111000111111111110011111100111111001110011111111111111001111111111111111111110011100111001110001111
10001111100100011000111001110111000111111111110011111100111111001110011111111111111001111111111111111111100011100111001110001111
10001111100000011000110001110111000111111111110011111100111111001110011111111111111001111111111111111111100011100111001110001111
10001111100000011000110001110111000111111111110011111100111111001110011111111111111001111111111111111111100011100111001110001111
10001111100000011000110001110111000111111111110011111100111111001110011111111111111001111111111111111111100011100111001110001111
10001111100000011000110001110111000111111111110011111101111111001110011111111111111001111111111111111111100011100111001110001111
10000111100000011100010001110111000111111111110011111101111111001110011111111111111001111111111111111111100011100010001110001111
10000111100000011100010001110111000111111111110011111101111111001110011111111111111001111111111111111111100011100010001110001111
10000111100000011100010001110111100111111111110111111101111111001110011111111111111001111111111111111111100011100010001110001111
10000111100000011100010001110111100111111111110111111101111111001110011111111111111001111111111111111111000011100010001110001111
10000111100000011100010001110111100111111111111111111101111111101100011111111111111001111111111111111111000011100010001110001111
10000111100000011100000001111111100111111111111111111111111111100100011111111111111111111111111111111110000011100010001110001111
10000111100000011100000001111111100111111111111111111111111111100100011111111111111111111111111111111110000011100000001110000111
10000111100000111100000001111111100111111111111111111111111111100100011111111111111111111111111111111110000111100000001110000111
10000111100000111100000001111111100111111111111111111111111111100100011111111111111111111111111111111110000111100000001110000111
10000111100000111100000011111111101111111111111111111111111111100100111111111111111111111111111111111110000111110000011110000111
10000111100000111100000011111111101111111111111111111111111111100100111111111111111111111111111111111110000111110000011110000101
10000111100000111100000011111111101111111111111111111111111111100000111111111111111111111111111111111110000111110000011110000101
10000111100000111100000011111111101111111111111111111111111111100000111111111111111111111111111111111110000111110000011110000101
10000111100000111100000011111111101111111111111111111111111111100000111111111111111111111111111111111110000111110000011110000001
10000111100000111100000011111111111111111111111111111111111111100000111111111111111111111111111111111110000111110000011110000001
10000111110000111100000111111111111111111111111111111111111111110001111111111111111111111111111111111110000111110000011110000001
10000111110000111100000111111111111111111111111111111111111111110001111111111111111111111111111111111110000111110000011110000001
10000111110000111110000111111111111111111111111111111111111111110001111111111111111111111111111111111110001111110000111110000001
10000111110000111110000111111111111111111111111111111111111111110001111111111111111111111111111111111110001111110000111110000001
10000111110001111110000111111111111111111111111111111111111111110111111111111111111111111111111111111110001111111000111111000001
11001111111001111111001111111111111111111111111111111111111111111111111111111111111111111111111111111111011111111010111111000001
11001111111001111111001111111111111111111111111111111111111111111111111111111111111111111111111111111111011111111010111111000001
11001111111001111111111111111111111111111111111111111111111111111111111111111111111111111111111111111111111111111111111111000001
11001111111001111111111111111111111111111111111111111111111111111111111111111111111111111111111111111111111111111111111111000001