11111111110001111111111111111111111011111111111111111111111111111111111101111111111111111111111001111111111111111111111111111011
11111111110001111111111111111111111011111111111111111111111111111111111101111111111111111111111001111111111111111111111111111011
11101111100001111110111111111111100011111111111110011111111111111111111100111111111111111111110001111100111110111111111111110001
11101111100001111110111111111111100011111111111110011111111111111111111000111111111111101111110001111100111110111111111111110001
11101111100001111100111111111111000011111111111100011111111111111111111000111111111111101111110001111100111110011111111111100001
11000111100001111100111111111111000001111111111100011111111111111011111000011111111111100111100001111100111110011111111111100001
11000111100001111100111111111111000001111111111100011111111111111011111000011111111111100111100001111000111110011111111111100001
11000111100000111100111111111111000001111111111100011111110111111011110000011111111111100111100000111000111110011111111111100001
11000111100000111100111111111111000001111111111100011111100111111011110000011111111111000111100000111000011110001111111111100000
11000111100000111000111111111111000001111111111100011111100111110011110000011111111111000111100000111000011100001111111111100000
11000111100000111000011111111111000001111111111100011111100111110011110000011111111111000011100000111000011100001111111111100000
11000111100000111000011111111111000001111111111100011111100111110011110000011111111111000011100000111000011100001111111111100000
11000111100000111000011111111111000001111111111100011111100111110011110000011111111111000011100000111000011100001111111111100000
11000011100000111000011111111111000001111111111100011111101111110011110000011111111111000011100000111000011100001111111111100000
10000011100000111000011111111111000001111111111100011111101111110011110000011111111111000011100000111000011100001111111111100000
10000011100000111000011111111111000001111111111100011111101111110011110000011111111111000011100000111000011100001111111111100000
10000011100000111000011111111111000001111111111100011111101111110011110000011111111111000011100000111000011100001111111111100000
10000011100000111000011111111111000001111111111100011111101111110011110000011111111110000011100000111000011100001111111111100000
10000011110000111000011111111111110001111111111100011111101111110011111000011111111110000011100000111000011100001111111111100000
10000011111000111000011111111111110001111111111100111111101111110011111100011111111110000011100000110000011100001111111111100000
10000011111000111000011111111111110001111111111100111111001111110011111100011111111110000011100000110000011100001111111111100000
10010011111000111000011111111111111001111111111101111111001111110011111100011111111110000011100000110000011100001111111111100000
10010011111100111001011111111111111001111111111101111111001111100011111100011111111110000011100001110000001100000111111111100000
10010011111100111001011111111111111001111111111101111111001111100011111100011111111110000011100001110000001100000111111111100000
10010011111100111011011111111111111001111111111101111111001111100011111100011111111110000011110001110000001100000111111111110000
10011011111101111011011111111111111001111111111101111111001111100011111100111111111110000011110001110000001100000111111111110000
10011011111101111011011111111111111001111111111101111111001111100011111100111111111110000011110001110000001100000111111111110000
10111011111101111011011111111111111001111111111101111111001111100011111100111111111110000011110001110000001100000111111111110000
10111011111101111011011111111111111011111111111101111111001111100011111100111111111110010011110001110000001100000111111111111000
10111011111101111011011111111111111011111111111101111111001111100011111100111111111110010011110001110000001100000111111111111000
10111011111101111011011111111111111011111111111101111111001111100011111100111111111110010011110001110000001100000111111111111000
10111011111101111011011111111111111011111111111101111111001111100011111100111111111110010011110001110010001100000111111111111000
10111011111101111011011111111111111011111111111101111111001111100011111100111111111110010011110001110010001100000111111111111000
10111011111101111011011111111111111011111111111101111111001111100011111100111111111110010011110001110010001100000111111111111000
10111011111001111011011111111111111011111111111101111111001111100011111100111111111110011001110001110010001100000111111111111001
10111011111001111011011111111111111011111111111101111111001111100011111100111111111110011001110001110010001100000111111111111001
10111011111001111011011111111111111011111111111101111111001111100011111100111111111110011001110001110010001100000111111111111001
10111011111001111011011111111111111011111111111101111111001111100011111100111111111110010001110001110011001100000111111111111001
10111011111001111011011111111111111011111111111101111111001111100011111100111111111110010001110001110011001100000111111111111001
10111011111001111011011111111111111011111111111101111111001111110011111100111111111110011001110001110011001100000111111111111001
10111011111001111001011111111111110011111111111101111111001111111011111100111111111110011001110001110011001100001111111111110001
10111011111001111000011111111111110011111111111101111111001111111011111100111111111110011001110001110011001100001111111111110001
10111011111001111000011111111111110011111111111101111111001111111011111100111111111110011001110001110011001100001111111111110001
10111011111001111000011111111111110011111111111101111110001111111011111100111111111110011001110001110010001100001111111111110001
10111011111001111000011111111111110011111111111100111110001111111011111100111111111110011001110001110010001100001111111111110001
10111011111011111000011111111111110011111111111100111110001111111011111100111111111110011001110001110010001100001111111111110001
10111011111011111000011111111111110011111111111100111110001111111011111100111111111110011001110001110010001100001111111111110001
10111011111011111000011111111111110011111111111100011110001111111011111100111111111110011001110001110010001100001111111111110001
10111011111011111000011111111111110111111111111100011110001111111011111100111111111110011001110001110010001100001111111111110001
10111011111011111000011111111111110111111111111100011110000111111011111000111111111110010001110001110010001100001111111111110001
10111011111011111000011111111111110111111111111100011110000111111011111000111111111110010001110001110010001100001111110111110001
10111011111011111000011111111111110111111111111100011110000111111011111000111111111110010001110001110010001100001111110111110001
10011011111011111000011110001111110111111000111100011110000111111011111000111111001110010001110001110010001100001111000111110001
10011011111011111000011110001111110111110000111100011110000111111011111000111110001110000001110001110010001100001111000011110001
10011011111011111000011110001111110111110000111100011110000111111011111100111110001110000001110001110010001100001111000011110011
10011011111011111000011100000111110111110000111100011110000111111011111100111100000110000001110001110010001100001110000011110011
10010011111011111000011100000111110111110000111100011110000111111011111100111100000110000001110001110000001100001110000011110011
10010011111011111000011100000111110111110000111100011110000111111011111100111100000110000001110001110000001100001110000011110011
10010011110011111000011100000111110111110000111110011110000111111011111100111100000110000001110001110000001100001110000011110011
10000011110011111000011100000111110111110000111110001110000111111011111100111100000110000001110001110000001100001110000011110011
10000011110011111000011100000111110111110000111111001110000111111011111100111100000110000011110001110000001100001110000011110011
10000011110011111000011100000111110111110000111111001110000011111011111100111100000110000011110000110000001100000110000011110011
10000011110011111000011100000111110111110000111111001110000011111011111100011100000110000011110000110000001100000110000011110011
11000011110011111000011100000111110111110000111111001110000011111011111100011100000110000011110000110000001100000110000011110011
11000011110011111000011100000111110111110000111111001110010011111011111110011100000110000011110000110000001100000110000011110011
11000011110011111000011100000111100111110000111111001110010011111011111110011100000110000011110000110000001100000110000011110011
11000011110011111000011100000111100111110000111111001110010011111011111110011100000110000011110000110000001100000110000011110011
11000011110011111000011110000111101111110000111111001110010011111011111110011100000110000011111000110000001100000110000011110011
11000011110011111000011110000111101111110000111111001110010011111011111110011100000110000011111000110000001100000110000011110011
11000011110111111000011110000111101111110000111111001110110011111011111110011100000111000011111000111000011100000110000011110011
11000011110111111011011110101111101111111011111111001110110011111011111110011100001111000011111000111000011100000110000011110011
11000011110111111011011110101111101111111011111111001110110011111011111110011100001111000011111000111000011100000110000011110011
11000011110111111011011111111111101111111111111111001110110011111011111110011110001111000011111000111000011100000110000011110011
11000011110111111011011111111111101111111111111111001110111011111011111110011111001111000011111000111000011100000110000011110011
11000011110111111011011111111111101111111111111111001110111011111011111110011111001111000011111000111000011100000110000011110011
11100011110111111011011111111111101111111111111111001110111011111011111110011111111111000011111100111000011100000111000111110011
11100011110111111011001111111111101111111111111111001110111011111011111111011111111111000011111100111000011100000111100111110111
11100011110111111011001111111111101111111111111111001110111011111011111111011111111111000011111100111000011100000111100111100111
11100011110111111011001111111111101111111111111111001110111011111011111111011111111111000011111100111000011100000111110111100111
11100111110111110011001111111111101111111111111111101110111011111011111111011111111111000011111100111100011000000111111111100111
11100111110111110011001111111111101111111111111111101110111011111011111111011111111111000011111100111100011000000111111111100111
11100111110111110011001111111111101111111111111111101110111011111011111111011111111111100011111100111100011000000111111111100111
11100111110111110011001111111111101111111111111111001110111011111011111111011111111111100011111100111100011000000111111111100111
11100111110111110011001111111111101111111111111111001110111011111011111111011111111111100011111100111100011000000111111111100111
11100111110111110011001111111111101111111111111111001110111011111011111111011111111111100011111100111100011000000111111111100111
11100111110111110011001111111111101111111111111111001110111011111011111111011111111111100011111100111100011000000111111111100111
11100111110111110011001111111111101111111111111111001110111011111011111111011111111111100011111100111100011000000111111111100111
11100111110111110011001111111111101111111111111111001110111011111011111111011111111111100011111100111100011000000111111111100111
11100111110111110011001111111111101111111111111111001110111011111011111111011111111111100111111100111100011000000111111111100111
11100111110111110011001111111111101111111111111111001110111011111011111110011111111111100111111100111100011000000111111111100111
11100111110111110011001111111111101111111111111111001110111011111011111110011111111111100111111100111100111000000111111111100111
11100111110111110011001111111111101111111111111111001110111011111011111110011111111111100111111100111100111000000111111111100111
11100111110111110011001111111111101111111111111111001110110011111011111110011111111111100111111100111100111000000111111111100111
11100111110111110011001111111111101111111111111111001110110011111011111110011111111111100111111100111100111000000111111111100111
11100111110111110011001111111111101111111111111111001110110011111011111110011111111111100111111100111100111000000111111111100111
11100111110111110011001111111111101111111111111111001110110011111011111110011111111111100111111000111100111000000111111111100111
11100111110111110011001111111111101111111111111111001110110011111011111110011111111111100111111000111100111000000111111111100111
11100111110111111011001111111111101111111111111111001110110011111011111110011111111111100111111000111100111000000111111111100111
11100111110111111011001111111111101111111111111111001110010011111011111110011111111111100111111000111100111000000111111111100111
11100111110111111011001111111111101111111111111111011110010011111011111110011111111111100111111000111100111000000111111111100111
11101111110111111011001111111111101111111111111111011110010011111011111110011111111111100111111000111100111000000111111111100111
11101111110111111011001111111111101111111111111110011110010011111011111110011111111111100111111000111100111000000111111111100111
11101111110111111011001111111111101111111111111110011110010011111011111110011111111111100111111000111100111100000111111111100111
11101111110111111011001111111111101111111111111110011110010011111011111110011111111111100111101000111000111100000111111111100111
11101111110111111001001111111111101111111111111110011110000011111011111110011111111111100111100000111000111100000111111111100111
11101111110111111001011111111111101111111111111110011110000111111011111110011111111111100111100000111000111100000111111111100111
11101111110111111000011111111111101111111111111100011110000111111011111110011111111111000111100000111001111100000111111111100111
11101111110111111000011111111111101111111111111100011110000111111011110000011111111111000111100000111001111100000111111111100111
11101111110111111000011111111111101111111111111100011110000111111011110000111111111111000111100000111001111100000111111111100111
11101111110111111000011111111111101111111111111100011111000111111011110000111111111111001111100000111001111100000111111111100111
11101111110111111000011111111111101111111111111100011111000111111011110000111111111111001111100000111001111100000111111111100111
11101111110111111000011111111111101111111111111100011111000111111011110000111111111111001111100001111001111100000111111111100111
11101111110111111000011111111111101111111111111100111111000111111011110000111111111111001111100001111001111100001111111111100111
11101111110111111000011111111111101111111111111100111111000111111011110000111111111111001111100001111001111100001111111111100111
11101111110111111000011111111111101111111111111100111111000111111011110000111111111111001111100001111001111100001111111111100111
11111111110111111000011111111111101111111111111100111111000111111011110000111111111111001111100001111001111100001111111111100111
11111111110111111000011111111111101111111111111100111111000111111011110000111111111111001111100001111001111100001111111111100111
11111111110111111100111111111111101111111111111101111111001111111111110000111111111111001111100001111001111100001111111111100111
11111111111111111100111111111111111111111111111101111111001111111111110001111111111111001111100001111011111100001111111111100111
11111111111111111100111111111111111111111111111101111111001111111111110001111111111111101111100001111011111100001111111111100111
11111111111111111100111111111111111111111111111111111111111111111111111001111111111111101111100001111111111100001111111111100111
11111111111111111100111111111111111111111111111111111111111111111111111001111111111111111111100001111111111100001111111111101111
11111111111111111100111111111111111111111111111111111111111111111111111001111111111111111111100001111111111110001111111111111111
11111111111111111101111111111111111111111111111111111111111111111111111101111111111111111111110011111111111110011111111111111111
11111111111111111111111111111111111111111111111111111111111111111111111111111111111111111111110011111111111110011111111111111111
11111111111111111111111111111111111111111111111111111111111111111111111111111111111111111111110011111111111110011111111111111111
11111111111111111111111111111111111111111111111111111111111111111111111111111111111111111111110111111111111110111111111111111111
11111111111111111111111111111111111111111111111111111111111111111111111111111111111111111111110111111111111110111111111111111111