11111111111111111111111111111111111111111111111111111111111111111111111111111100111111111111111111111001111110011111111111111111
11111111111111111111111111111111111111111111111111111111111111111111111111111100111111111111111111111001111110011111111111111111
11111111111111111111111111111111111111111111111111111111111111111111111111111100011111111111111111111000111110011111111111110011
11111111111111111111111111111111111111111111111111111111111111111111111111111100011111111111111111111000111100011111111111110011
11111111111111111111111111111111111111111111111111111111111111111111111111111100011111111111111111111000111100011111111111110011
11111111111111111111111111111111111111111111111110111111111111110111111111111100011111111111110111111000111100011111111111110011
11101111110011111101111111111111100111111111111110111111111111110111111111111100011111111111110011111000111100001111111111110001
11101111110011111101111111111111100111111111111110111111111111110111111111111100011111111111110011111000111100001111111111110001
11100111110001111100111111111111100011111111111100111111011111110111111111111100011111111111110011111000111100001111111111110001
11000111110001111100111111111111100011111111111100011111001111110111111011111100001111111111110011110000111100001111111111100001
11000111110001111100111111111111100011111111111100011111001111110111111011111100001111111111110011110000111100001111111111100001
11000111110001111000111111111111100011111111111100011111001111110011111001111100001111111111110011110000111100001111111111100001
11000111110001111000111111111111100011111111111100011111001111100011111001111100001111111111110011110000111100001111111111100001
11000111110001111000111111111111100011111111111100011111001111100011111001111100001111111111110011110000111100001111111111100001
11000111110001111000111111111111000011111111111100011111001111100011111001111100001111111111110011110000111100001111111111100001
11000111110001111000011111111111000011111111111100011111001111100011111001111100001111111111100011110000011100001111111111100001
11000111110001111000011111111111000011111111111100011111001111100011111001111100001111111111100011110000011100001111111111100001
11000111110000111000011111111111100001111111111100011111001111100011111001111100001111111111100011110000011100001111111111100001
10000011110000111000011111111111100001111111111000011110001111100011111001111100001111111111100011110000011100001111111111100001
10000011110000111000011111111111100001111111111000011110001111100011111001111100001111111111100011110000011100001111111111100001
10000011110000111000011111111111100001111111111000011110001111100011111001111100001111111111100011110000011100001111111111100101
10000011110000111000011111111111100001111111111000011110001111100011111001111100001111111111100011110000011100001111111111100101
10000011110000111000011111111111100001111111111000011110001111100011111001111100001111111111100011110000011100001111111111100101
10000011110000111000011111111111100001111111111000011110001111100011111001111100001111111111100011110000011100001111111111101101
10000011110000111000011111111111100001111111111000011110001111100011111001111100001111111111100011110000011100001111111111101101
10000011110000111000011111111111100001111111111000011110001111100011111001111100001111111111100011110000011100001111111111101101
10000011111000111000011111111111100001111111111000001110001111100011111001111100001111111111100011110000011100001111111111101100
10000011111000111000011111111111100001111111111000001110001111100011111001111100001111111111100011110000011100001111111111101100
10000011111000111000011111111111110001111111111000001110001111100011111001111100001111111111100011110000011100001111111111101100
10000011111000111000011111111111110001111111111000001110001111100011111001111110001111111111100011110000011100001111111111101100
10000011111000111000011111111111110001111111111000001110001111100011111001111110001111111111100011110000011100001111111111101100
10010011111000111000011111111111110011111111111000001110001111100011111001111111001111111111100011110000011100001111111111101100
10010011111000111000011111111111110011111111111000001110001111100011111001111111001111111111100011110000011100001111111111101100
10010011111000111000011111111111110011111111111000001110001111100011110001111111001111111111100011110000011100001111111111101100
10010011111001111000011111111111110011111111111000001110001111100011110001111111001111111111100011110000011100001111111111101100
10010011111001111000011111111111110011111111111000001110001111100011110001111111001111111111100011110000011100001111111111101100
10010011111001111000011111111111110011111111111000001110001111100011110001111111001111111111100011110000011100001111111111101100
10010011111001111000011111111111110011111111111000001110001111100011110001111111001111111111100011110000011100001111111111101100
10010011111001111000011111111111110011111111111000001110001111100011110001111111001111111111110011110000011100001111111111001100
10010011111001111000011111111111110011111111111000001110001111100011110001111111001111111111110011110000011100001111111111001100
10010011111001111000011111111111110011111111111000001110001111100011110001111111001111111111110011110000011100001111111111001100
10010011111001111000011111111111110011111111111000001110001111100011110001111111001111111111110011110000011100001111111111001100
10010011111001111000011111111111110011111111111000001110001111100011110001111111001111111111110011110000011100001111111111001100
10010011111001111000011111111111110011111111111000001111001111100011110001111111001111111111110011110000011100001111111111001100
10010011111001111000011111111111110011111111111000001111001111100011110001111111001111111111110011110000011100001111111111001100
10010011111001111000011111111111110011111111111000001111001111100011110001111111001111111111110011110000011100001111111111001100
10010011111001111000011111111111110011111111111000001111001111100011110001111111001111111111110011110000011100001111111111001100
10010011111001111000011111111111110011111111111000001111001111110011110001111110001111001111110011110000011100001111101111001100
10010011111001111000011111111111110011111111111000001111001111110011110001111110001111000111110011110000011100001111000111001100
10010011111001111000011111111111110011111111111000001111001111110011110001111110001111000111110011110000011100001111000111001100
10010011111001111000011111111111110011111111111000001111001111110011110001111110001111000111110011110000011100001111000111001100
10010011111001111000011111111111110011111111111000001111001111110011110001111110001110000111110011110000011100001111000111001100
10010011111001111000011111111111110011111111111000001111001111110011110001111110001110000111110011110000011100001111000111001100
10010011111001111000011110011111110111110001111000001111001111110011110001111110001110000111110011110000011100001111000111001100
10010011111001111000011110001111110111110001111000001111001111110011110001111110001110000111110011110000011100001111000111001100
10010011111001111000011110001111110111110001111000001111001111110011110001111110001110000111110011110000011100001111000111001100
10010011111001111000011110001111110111110001111000001111001111110011110001111110001110000111110011110000011100001110000011001100
10010011111001111000011110001111100111110001111000001111001111110011110001111110001110000111110011110000011100001110000011001100
10010011111011111000011110001111100111110001111000001111001111110011110001111110001110000111110011110000011100001110000011001100
10000011111011111000011110001111100111110001111000001111001111110011110001111110001110000111110011110000011100001110000011001100
10000011111011111000011110001111100111110001111000001111001111110011110000111110001110000111110001110000011100001110000011001100
10000011110011111000011100001111100111110001111000001111001111110011110000111110001110000111110001110000011100001110000011001100
10000011110011111000011100001111100111110000111000001111001111110011110000111110001110000111110001110000011100001110000011001100
10000011110011111000011100001111100111110000111000001111001111110011110000111100001110000111110001110000011100001110000011001100
10000011110011111000011100001111100111110000111000001111001111110011100000111100001110000111110001110000011100001110000011001100
10000011110011111000011100001111100111110000111000001111001111110011100000111100001110000111110001110000011100001111000011001100
10000011110011111000011100000111100111110000111000001111001111110011100000111100011110000111110001110000011000001111000011001100
10000011110011111000011100000111100111110000111000001111001111110011100000111100011110000111110001110000011000001111000011001100
10000011110011111000011100000111100111110000111000001111001111110011100000111100011110000111110001110000011000001111000011001100
10000011110011111000011110000111100111110001111000001111001111110011100000111100011110000111110001110000011000001111000111001100
10000011110011111000011110000111100111110001111000001111001111110011100000111100011110000111110001110000011000000111000111001100
10000011110011111000011110001111100111110001111000001111001111110011100000111100011110000111110001110000011000000111000111001100
10000011110011111000011110001111100111110001111000001111001111110011100000111100011111000111110001110000011000000111000111001100
10000011110011111000011110001111100111110001111000001111001111110011100000111100011111000111110001110000011000000111000111001100
11000011110011111000011110001111100111110001111000001111001111110011100000111100011111000111110001110000011000000111111111001100
11000011110011111000011110001111100111110011111000001111001111110011100000111100011111001111110001110000011000000111111111001100
11000011110011111000011110001111100111110011111000001111001111110011100000111100011111001111110001110000011000000111111111001100
11000011110011111000011111011111100111111111111000001111001111110011100000111100011111111111110001110000011000000111111111001100
11000011110011111000011111111111100111111111111000001111001111110011100000111100111111111111110001100000011000000111111111001100
11000011110011110000011111111111100111111111111000001111001111110011100000011100111111111111110001100000011000000111111111001100
11000011110011110000011111111111101111111111111000001111001111110011100000011100111111111111110001100000011000000111111111001100
11000011110011110010011111111111101111111111111000001111001111110011100000011000111111111111110001100000011000000111111111001100
11000011110011110010011111111111101111111111111000001111001111110011100000011000111111111111110001100000011000000111111111101100
11000011110011110010011111111111101111111111111000001111001111110011100000011000111111111111110001100000011000000111111111101100
11000011110011110010011111111111101111111111111001001111001111110011100000011000111111111111110001100000011000000111111111101100
11000011110011110010001111111111101111111111111001001111001111110011100000011000111111111111110001100000011000000111111111101100
11000111110111110011001111111111101111111111111001001111001111110011100000011000111111111111110001100000011000000111111111101100
11000111110111110011001111111111101111111111111001001111001111110011100000011000111111111111110001100000011000000111111111101100
11000111110111110011001111111111101111111111111001001111001111110011100000011000111111111111110001100000011000000111111111101100
11000111110111110011001111111111101111111111111001001111001111110011100000011000111111111111110001100000011000000111111111101100
11000111110111110011001111111111101111111111111001001111001111110011100000011000111111111111110001100000011000000111111111101100
11000111110111110011001111111111101111111111111001001111001111110011100000011000111111111111110001100000011000000111111111101100
11000111110111110011001111111111101111111111111001001111001111110011100000011000111111111111110001110000011000000111111111101100
11000111110111110011001111111111101111111111111001001111001111110011110000011000111111111111110011110000011000000111111111101101
11000111110111110011001111111111101111111111111001001111001111110011110000011000111111111111110011110000011000000111111111100101
11000111110111110011001111111111101111111111111001001111001111110011110000011000111111111111110011110000011000000111111111100101
11000111110111110011001111111111101111111111111000001111001111110011110000011000111111111111111011110000011000000111111111100101
11000111110111110010001111111111101111111111111000001111001111110011110000011000011111111111111011110000011000000111111111100101
11000111110111110010001111111111101111111111111000001111101111110011110000111000011111111111111011110000011000000111111111100101
11000111110111110010001111111111101111111111111000001111101111110011110000111000011111111111111011110000011000000111111111100101
11000111110111110000001111111111101111111111111000001111101111110011110000111000011111111111111011110000011000000111111111100001
11000111110111110000001111111111101111111111111000001111101111110011110000111000011111111111111011110000011000000111111111100001
11000111110111110000001111111111101111111111111000001111101111110011111000111000011111111111111011110000011000000111111111100001
11000111110111110000001111111111101111111111111000001111101111110011111000111000001111111111111011110000011000000111111111100001
11000111110111110000001111111111101111111111111000001111101111110011111000111000001111111111111011110000011000000111111111100001
11000111110111110000001111111111101111111111111000001111101111110011111000111000001111111111111011110000011000001111111111100001
11000111110111110000001111111111101111111111111000001111101111110011111000111000001111111111111011110000011000001111111111100001
11001111110111110000001111111111101111111111111000001111101111110011111100111000001111111111111011110000011100001111111111100001
11001111110111111000011111111111101111111111111000001111101111110011111100111000001111111111111011110000011100001111111111100001
11001111110111111000011111111111101111111111111000001111101111110011111100111000001111111111111011110000011100001111111111100001
11001111110111111000011111111111101111111111111000001111101111110011111100111000001111111111111011110000011100001111111111100001
11001111110111111000011111111111101111111111111000001111101111110011111100111000001111111111111011110000011100001111111111100001
11001111110111111000011111111111101111111111111000001111101111110011111100111000001111111111111011110000011100001111111111100001
11001111110111111000011111111111101111111111111000001111101111110011111100111000001111111111111011110000011100001111111111100001
11001111110111111000011111111111101111111111111000001111101111110011111100111000001111111111111011110000011100001111111111110011
11001111110111111000011111111111101111111111111000001111101111110011111100111000001111111111111011110000011100001111111111110011
11001111110111111000011111111111101111111111111000001111101111111011111100111000001111111111111011111000011100001111111111110011
11001111110111111000011111111111111111111111111100011111101111111111111101111100001111111111111011111000111100001111111111110011
11001111110111111000011111111111111111111111111100011111101111111111111101111100001111111111111011111000111100001111111111110011
11001111110111111000011111111111111111111111111100011111111111111111111111111100001111111111111111111000111100001111111111110011
11001111111111111000011111111111111111111111111100011111111111111111111111111100001111111111111111111000111100001111111111111011
11001111111111111000011111111111111111111111111100011111111111111111111111111100001111111111111111111000111100001111111111111011
11001111111111111000011111111111111111111111111100011111111111111111111111111100001111111111111111111000111110011111111111111111
11011111111111111100111111111111111111111111111100011111111111111111111111111100011111111111111111111000111110011111111111111111
11011111111111111100111111111111111111111111111100011111111111111111111111111100011111111111111111111000111110011111111111111111
11111111111111111100111111111111111111111111111100011111111111111111111111111100011111111111111111111000111110011111111111111111
11111111111111111100111111111111111111111111111100011111111111111111111111111110011111111111111111111101111110011111111111111111
11111111111111111100111111111111111111111111111100011111111111111111111111111110011111111111111111111101111110011111111111111111