10001111111111111111111111111111111111111111111111111111110001111111111110111111111111000111111001111111111111011111111111111111
10001111111111111111111111111111111111111111111111111111110001111111111110111111111111000111111001111111111111011111111111111111
10001111101111100011111111101111111000001111111111100011100001111111111100011111111111000011110001111100111110011111111111111111
10001111101111100011111011101111111000001111111111100011100001111111111100011111111111000001110001111100111110011111111111111011
10001111101111100011111011101111111000001111111111100011100001111111111100011111111111000001110001111100111110011111111111111011
10001111000111000001111011101111111000001111111111100011100001111100111100011111111111000001110001111100111110001111111111111011
10001111000111000001111011101111111000001111111111000011100001111000111100011111111111000001110000111000111100001111111111110001
10001111000111000001111011101111111000001111111111000011100001111000111100011111111111000001110000111000111100001111111111110001
10001111000111000001111011101111111000001111111111000011100001111000111100011111111111000001110000111000111100001111111111110001
10001111000111000001111011101111111000001111111111000011100000111000111100011111111111000001110000111000011100001111111111110001
10001111000111000001111001101111111000001111111111000011100000111000111100011111111111000001110000111000011100001111111111110001
10001111000111000001111001101111111000001111111111000011100000111000111100011111111111000001110000111000011100001111111111110001
10001111000111000001111001101111111000001111111111000011100000111000111100011111111111000001110001111000011100001111111111110001
10001111000111000001111001101111111000001111111111000011100000111000111100011111111111000001110001111000011100001111111111110001
10001111000111000000111001101111111000001111111111000011100000110000011100011111111111000001110001111000011100001111111111100001
10001111000111000000111001101111111000001111111111000011100000110000011100011111111111100001110011111000011100001111111111100001
10001111000111000000111001101111111110001111111111000111100000110000011101011111111111100001110011111010011100101111111111100001
10001110000011000000111001101111111110001111111111000111100000110000011101011111111111100001110011111010011100101111111111100001
10001110000011000000111001101111111111001111111111001111111000111000011101111111111111110001110111111010011101101111111111100001
11001110010011001100111001101111111111001111111111011111111000111010011101111111111111110001110111111011011101101111111111100101
11001110010011001100111001101111111111001111111111011111111000111110011101111111111111111001110111111011011101101111111111100100
11001110010011001100111001101111111111001111111111011111111000111110011101111111111111111001110111110011011101100111111111100100
11011110010011001100111001101111111111001111111111011111111001111110011101111111111111111001110111110011011101100111111111100100
11011110010011001100111001101111111111001111111111011111111101111110011101111111111111111011110111110011011101100111111111100100
11011110010011001100111001101111111111001111111111011111111101111110011101111111111111111011110111110011011101100111111111100100
11011110011011001100111001101111111111001111111111011111111101111111011101111111111111111011110111110011011101100111111111100100
11011110011011001100111001101111111111001111111111011111111101111111011101111111111111111011110111110111011101100111111111100100
11011110011011001110111001101111111111001111111111011111111001111111011101111111111111111011110111110111011101100111111111100100
11011110011011001110111001101111111111001111111111011111111001111111011101111111111111111011110111110111011101100111111111100100
11011110111011001110111001101111111111001111111111011111111001111111011101111111111111111011110111110111011101100111111111100100
11011110111011001110111001101111111111011111111111011111111001111111011101111111111111111011110111110111011101110111111111100100
11011110111011001110111001101111111111011111111111011111111001111111011101111111111111110011110111110111011101110111111111100100
11011110111111001110111001101111111111011111111111011111111001111111011101111111111111110011110111110111011101110111111111100100
11011110111111001110111001101111111111011111111111011111111001111111011101111111111111110011110111110111011101110111111111100100
11011110111111001110111001101111111111011111111111011111111001111111011101111111111111110011110111110111011001110111111111100100
11011110011111001110111001101111111111011111111111011111111001111111011101111111111111110011110111110111011001110111111111100100
11011110011111001110111001101111111111011111111111011111111001111111011101111111111111110011110111110111011001110111111111100100
11011110011111001110111001101111111111011111111111011111111001111111011101111111111111110011110111110111011001110111111111100100
11011110011111001110111001101111111111011111111111001111111001111111011101111111111111110011110111110111011001110111111111100101
11011110011111001110111000101111111111011111111111001111111001111111011101111111111111110011110111110111011001110111111111100101
11011110011111001110111000101111111111011111111111001111111001111111011101111111111111110011110111110111011001110111111111100101
11011110011111001110111000101111111111011111111111001111111011111111011100111111111111110011110011110111011001110111111111100101
11011110011111001110111000101111111111011111111111001111111011111111011100111111111111110011110011110111011001110111111111100101
11011110011111001110111000101111111111011111111111001111111011111111011100111111111111110011110011110111011001110111111111110101
11011110011111001110111000101111111111011111111111000111111011111111011100111111111111110011110011110111011001110111111111110001
11011110011111001110111000101111111111011111111111000111111011111111011100111111111111110011110011110111011001110111111111110001
11011110011111001100111000101111111110011111111111000111111011111111011100111111111111110011110001110111011001110111111111110001
11011110011111001100111000101111111110011111111111000111111011111111011100111111111111110011110001110111011001110111111111110001
11011110011111001100111000101111111110011111111111000111111011111111011100011111111111110011110001110111011001110111111111110001
11011110011111001100111000101111111110011111111111000111110001111111011100011111111111110011110001110111011001110111111111110001
11011111011111001100111000101111111110011111111111000111110001111111011100011111111111110011110001110111011001110111111111110001
11011111011111001100111000101111111110011111111111000011110001111111011100011111111111110011110001110111011011110110000011110001
11011111001111001100111000101111111110011110000111000011110001111111011100011110000111110011110001110111011011110110000011110001
11011111001111000000111000101111111110011110000111000011110001111110011100011110000111110011110001110011011011110110000011110001
11011111001111000000111000101111111110111110000111000011110001111110011100011110000111110011110001110011011011110110000011110001
11011111001111000000111000101111111110111110000111000011110001111110011100011100000111110011110001110011011011110110000011110001
11011111001111000000111000101111111110111100000011000011110001111110011100011100000111110011110001110011011011110110000011110001
11011111001111000000111010101111111110111100000011110011110001111110011110011100000111110011111001110011011011110110000011110001
11011111001111000000111010101111111110111100000011110011111001111110111110011100000111110011111001111011011011110110000011110001
11011111001111000000111010101111111110111100000011110011111001111110111111011100000111110011111100111011011001110110000011110001
11011111000111000000111010101111111110111100000011110011111001111110111111011100000111110001111100111011011001110110000011110001
11011111000111000000111010101111111110111100000011111011111001111110111111011100000111110001111100111011011001110110000011110001
11011111000111000000111010101111111110111100000011111011111001111110111111011100000111110001111100111011011001110110000011110001
11011111000111000000111010101111111110111100000011111011111000111100111111011100000111110001111100111000011001110110000011110001
11011111100111000000111010101111111110111100000011111011111100111100111111001100000011111001111100111000011001110110000011100001
11011111100111000000111010101111111110111100000011111011111100111100111111001100000011111001111100111000011001110110000011100001
11011111100111000000111010001111111110111100000011111011111100111100111111001110000111111001111100111000011011110110000011100001
11011111100111000000111010001111111110111100000011111011111100111100111111001110000111111001111100111000011011110110000011100001
11011111100111000000111010001111111110111100000011111011111100111100111111001110000111111001111110111000011011110111000011100001
11011111100111000000111010001111111110111110000111111011111100111100111111001110010111111001111110111000011011110111001011100000
11011111100111000000111010001111111110111110001111111011111100111100111111101111111111111101111110111000011011110111111011100100
11011111100011000000111010001111111100111110001111111011111100111100111111101111111111111101111110111000011011110111111011100100
11011111110011001100111010001111111100111111111111111011111110111101111111101111111111111101111110111000011011110111111111100100
11011111110011001100111010001111111100111111111111111011111110111101111111101111111111111101111110111000011001110111111111100100
11011111110011001100111010001111111100111111111111111011111110111101111111101111111111111101111110111000011001110111111111100100
11011111110011001100111010001111111101111111111111111011111110111101111111101111111111111101111110111000011001110111111111101100
11011111110011001100111010001111111101111111111111111011111110111101111111101111111111111101111110111100011001110111111111101100
11011111110011001110111010001111111101111111111111111011111110111001111111101111111111111101111110111100011001110111111111101100
11011111110011001110111010001111111101111111111111111011111110111001111111101111111111111101111110111100011001110111111111101100
11011111110011001110111010001111111101111111111111111011111110111001111111101111111111111101111110111100011001110111111111101110
11011111110011001110111010001111111101111111111111111011111110111001111111101111111111111101111110111100011001110111111111101110
11011111110011001110111010001111111101111111111111111011111110111001111111101111111111111101111110111100011001110111111111101110
11011111110011001110111011001111111101111111111111111011111110111011111111101111111111111101111110111100011001110111111111101110
11011111111011001110111011001111111101111111111111111011111110111011111111101111111111111101111110111110011001110111111111101110
11011111111011001110111011001111111101111111111111111011111110111011111111101111111111111101111110111110111001110111111111101110
11011111111011001110111011001111111101111111111111111011111110111011111111101111111111111101111110111110111001110111111111101110
11011111111011001110111011001111111101111111111111111011111110111011111111101111111111111101111110111110111001110111111111101110
11011111111011001110111011001111111101111111111111111011111110111011111111101111111111111101111110111110111001110111111111101110
11011111111011001110111011001111111101111111111111111011111110111011111111101111111111111101111110111110111001110111111111101110
11011111111011001110111011001111111101111111111111111011111110111011111111101111111111111101111110111110111001110111111111101110
11011111111011001110111011001111111101111111111111111011111110111011111111101111111111111101111110111110111101110111111111101110
11011111111011001110111011001111111101111111111111111011111110110011111111101111111111111101111110111110111101110111111111101110
11011110111011001110111011001111111101111111111111111011111110110011111111101111111111111101111110111110111101110111111111101110
11011110111011001110111011001111111101111111111111111011111110110011111111101111111111111101111110111110111101110111111111101110
11011110111011001110111011001111111101111111111111111011111110110011111111001111111111111101111100111110111101110111111111101110
11011110111011001110111011001111111101111111111111111011111110110011111111001111111111111101111100111110111101110111111111101110
11001110111011001110111011001111111101111111111111111011111110110011111111001111111111111101111100111100111101110111111111101110
11001110111011001110111011001111111101111111111111111011111110110011111111001111111111111101111100111100111101110111111111101110
11001110111011001110111011001111111101111111111111111011111110110011111111011111111111111101111101111100111101110111111111101110
11001110111011001110111011001111111101111111111111111011111110110011111111011111111111111101111101111100111101100111111111101110
11001110111011001110111011001111111101111111111111111011111110110011111111011111111111111101111101111100111101100111111111101110
11001110011011001110111011001111111101111111111111111011111110110011111111011111111111111001111101111100111101100111111111101110
11001110011011001110111011001111111101111111111111111011111110110011111111011111111111111001111101111100111101101111111111101100
11001110011011001110111011001111111101111111111111111011111100110011111111011111111111111001111101111100111101101111111111100100
11001110011011001110111011001111111101111111111111111011111100110011111111011111111111111001111101111100111101101111111111100100
11001110010011001110111011001111111101111111111111110011111100110011111111011111111111011001111101111101111101101111111111100100
11001110010011001110111011001111111101111111111111110011101100110011111111011111111111011001111001111101111100101111111111100000
11001110010011001110111011001111111101111111111111110011101100110011111111011111111111011001111001111101111100101111111111100000
11001110000011001100111011101111111101111111111111110011101101110011111110011111111111011001111001111101111100101111111111100000
11001110000011001100111011101111111101111111111111110011100001110000111100011111111111000011110001111101111100001111111111100001
11001110000011000000111011101111111101111111111111000011100001110000111100011111111111000011110001111101111100001111111111100001
11001111000111000000111011101111111101111111111111000111100001110000111100011111111111000011110001111101111100001111111111100001
10000111000111000000111011101111111101111111111111000111100001110000011100011111111111000011110001111101111100001111111111100001
10000111000111000000111011101111111101111111111111000111100001110000011100011111111111000011110001111101111100001111111111100001
10000111000111000000111011101111111101111111111111000111100001110000011100011111111111000011110001111101111100001111111111100001
10000111000111000000111011101111111101111111111111000111100001110000011100111111111111000011110001111001111100001111111111110001
10000111000111000000111011101111111101111111111111000111100001110000011100111111111111000011110011111001111100001111111111110001
10000111000111000000111011101111111101111111111111000111100001110000011100111111111111000011110011111001111100001111111111110001
10000111000111000001111011101111111101111111111111000111100001110000011100111111111111000011110011111001111100001111111111110001
10000111000111000001111011101111111101111111111111000111100001110000011100111111111111100111110011111011111100001111111111110001
10000111000111000001111011101111111101111111111111000111100001110000011100111111111111100111110011111011111100001111111111110001
10000111000111000001111011101111111101111111111111000111100011111000011100111111111111100111110011111011111110001111111111110001
10000111000111100001111011101111111101111111111111001111110011111000011100111111111111100111110011111011111110011111111111110011
10000111101111100001111011101111111101111111111111001111110011111000011101111111111111100111110111111011111110011111111111111011
10000111101111100001111011101111111101111111111111001111110011111000011101111111111111100111110111111011111110011111111111111011
10000111101111100001111111101111111111111111111111101111110111111000111101111111111111111111110111111111111111111111111111111111
10001111111111100011111111111111111111111111111111111111111111111111111111111111111111111111111111111111111111111111111111111111
10001111111111100011111111111111111111111111111111111111111111111111111111111111111111111111111111111111111111111111111111111111