11101111111111111111111111111111111111111111111111111111111111111111111111111111111111111111111111111101111110111111111111110001
11101111111111111111111111111111111111111111111111111111111111111111111111111111111111111111111111111101111110111111111111110001
11001111111111111101111111111111111111111111111111111111111111111111111111111111111111111111101111111101111100001111111111110001
11001111111111111101111111111111111111111111111111111111111111111111111111111111111111111111101111111001111100001111111111110001
11001111100001111001111111111111101111111111111111111111111111101111111111111111111111111111100011111001111100001111111111100000
11001111100001111000111111111111000111111111111101111111011111100011111111111111111111111111100011111000111100000111111111100000
11001111100001111000111111111111000111111111111101111111011111100011111111111111111111111111100011111000111100000111111111100000
11000111100001111000111111111111000011111111111000111110001111000011111011111111111111111111100011111000111100000111111111100000
11000111100001111000111111111111000011111111111000111110001111000011110001111111111111111111100011111000111100000111111111100000
11000111100001111000111111111111000011111111111000111110001111000011110001111111111111111111100011111000111100000111111111100000
11000111100001111000111111111111000011111111111000111110001111000011110001111111111111111111100011111000111100000111111111100000
11000111100001111000111111111111000011111111111000111110001111000011110001111111111111111111100011111000111100000111111111100000
10000111100001111000111111111111000011111111111000111110001111100011110001111111111111111111100011111000111100000111111111100000
10000111100001111000111111111111000011111111111000111110001111100011110001111111111111011111100011111000111100000111111111100000
10010111100001111010111111111111100011111111111001111110001111100011110001111111111111011111100011111000111100000111111111100000
10010111111001111010111111111111110011111111111011111111001111110011110001111111111111011111100011110000111100000111111111100000
10010111111001110010111111111111110011111111111011111111001111110011110001111111111111011111100011110000011100000111111111100000
10110111111001110010111111111111110011111111111011111111001111110011110101111111111111011111100011110000011100000111111111100000
10110111111001110010111111111111110011111111111011111111001111110011110101111111111111011111100111110000011100000111111111100000
10110111111001110010111111111111110011111111111011111111001111110011110101111111111111011111100111110000011100000111111111100000
10110111111101110010111111111111110011111111111011111111001111111011110101111111111111011111101111110010011111000111111111110000
10110111111101110010111111111111110011111111111011111111001111111011110101111111111111011111101111110010011111000111111111110000
10110111111101110110111111111111110011111111111011111111001111111011110101111111111111011111101111110010011111000111111111111000
10110111111101110110111111111111110011111111111011111111001111111011110101111111111111011111101111110010011111100111111111111000
10110111111101110110111111111111110011111111111011111111001111111011110101111111111111011111101111110010011111100111111111111000
10110111111101110110111111111111110111111111111011111111001111111011110101111111111111011111101111110010011111100111111111111100
10110111111101110110111111111111110111111111111011111111001111111011110101111111111111011111101111110010011111101111111111111100
10110011111101110110111111111111110111111111111011111111001111111011110101111111111111011111101111110010011111101111111111111100
10111011111101110110111111111111110111111111111011111111001111111011110101111111111111011111101111110110011111101111111111111100
10111011111101110110111111111111110111111111111011111111001111111011110101111111111111011111101111110110011111101111111111111100
10111011111101110110111111111111110111111111111011111111011111111011110101111111111111011111101111110110011111101111111111111100
10111011111101110110111111111111110111111111111011111111011111111011110101111111111111011111101111110111011111101111111111111100
10111011111001110110111111111111110111111111111011111111011111111011110101111111111111011111101111110111011111001111111111111100
10111011111001110110111111111111110111111111111011111111011111111011110101111111111111011111101111110111011111001111111111111100
10111011111011110110111111111111110111111111111011111111011111111011110101111111111111011111101111110111011111001111111111111101
10111011111011110010111111111111110111111111111011111111011111111011110101111111111111011111101111110111011111001111111111111101
10111011111011110010111111111111110111111111111011111111011111111011110101111111111111011111101111110111011111001111111111111101
10111011111011110010111111111111110111111111111011111111011111111011110101111111111111011111101111110111011111001111111111111001
10111011111011110010111111111111110111111111111011111111011111111011110101111111111111011111101111110111011111001111111111111001
10111011111011111010111111111111110111111111111011111111011111111111110101111111111111011111101111110111011111001111111111111001
10111011111011111010111111111111110111111111111011111111011111110111110101111111111111011111100111110111011111001111111111111001
10111011111011111010111111111111110111111111111011111111011111110111110101111111111111011111100111110111011111001111111111111001
10111011111011111010111111111111110111111111111011111111011111110111110101111111111111011111100111110111011111001111111111111001
10111011111011111000111111111111110111111111111001111111011111110111110101111111111111011111100111110111011111001111111111111001
10111011111011111000111111111111110111111111111001111111011111110111110101111111111111011111100111110111011111001111111111111001
10111011111011111000111111111111110111111111111001111111011111110111110001111111111110011111100111110111011111001111111111111001
10111011111011111000111111111111110111111111111001111110011111110111110001111111111110011111100111110110011111001111111111111001
10111011111011111000111111111111110111111111111001111110011111110111110001111111111110011111100111110110011111001111111111111001
10110011111011111000111111111111101111111111111001111110011111110111110001111111111110011111100011110110011111011111111111111001
10110011111011111000111111111111101111111111111000111110011111110111110001111111111110011111100011110110011111011111101111111001
10110011111011111000111111111111101111111111111000111110011111110111110001111111111110011111100011110110011111011111101111111001
10110011111011111000111111111111101111111111111000111110011111110111110001111111111110011111100011110110011111011111000011111001
10110011111011111000111111111111101111111111111000111110011111110111110001111111111110011111100011110110011111011111000011111001
10110011111011111000111110111111101111111111111000111110011111110111110001111111111110111111100011110010011111011111000011111001
10110011110011111000111100001111101111111101111000111110011111110111110001111100011110111111100011110010011111011111000011111001
10110111110111111000111100001111101111111101111100111110011111110111110001111100011110111111100011110010011111011111000011111001
10110111110111111000111100001111101111100001111100111110011111110111110001111000011110111111100011110010011111011111000011111001
10110111110111111000111100001111101111100001111100111110011111110111110001111000011110111111100011110010011111011111000011111001
10110111110111111000111100001111101111100001111110111111011111110111110001111000011110111111110011110010011111011111000011111011
10110111110111111000111100001111101111100001111110111111001111110111110001111000011110101111110011110010011111011111000011111011
10110111110111111000111100001111101111100001111110111111001111110111110001111000011110101111110011110010011111011111000011111011
10010111110111111000111100001111101111100001111110111111001111111111110001111000011110101111111011110000011111011111000011111011
10000111110111111000111100001111101111100001111110111111001111111111110001111000011110101111111001110000011110011111000011111011
10000111110111111000111100001111101111100001111110111111101111111111110001111000011110101111111001110000011110011111000011111011
10000111110111111000111100001111101111100001111110111111101111111111110001111000011110101111111001110000011110011111000011110011
10000111110111111000111100001111101111100001111110111111101111111111110001111000011110101111111001110000011110011111000011110011
11000111110111111000111100001111101111100001111111111111101111111111110001111000011110101111111001111000011110011111000011110011
11000111110111111010111100001111101111111001111111111111101111111111110001111000011110101111111001111000011110011111000011110011
11000111110111110010111100001111101111111001111111011111101111101111110001111000011110101111111001111000011110011111000011110011
11000111110111110010111110111111101111111111111111011111101111101111110101111000011110101111111001111000011110011111000011110011
11000111110111110010111110111111101111111111111111011111101111101111110101111000011110100111111001111000011110011111000011110011
11000111110111110010111111111111101111111111111111011111101111101111110101111111011110100111111001111000011110011111000011110011
11000111110111110110111111111111101111111111111111011111101111101111110101111111111110100111111001111000011110011111000011110011
11000111110111110110111111111111101111111111111111011111101111101111100100111111111110100111111001111000011110011111000011110011
11000111110111110110111111111111101111111111111111011111101111101111100100111111111110100111111001111000111110011111000011110011
11100111110111110110111111111111111111111111111111011111101111101111100100111111111110000111111101111000111110111111100011110011
11100111110111110110011111111111111111111111111111011111101111101111100100111111111110000111111101111000111110111111100011110011
11100111110111110111011111111111111111111111111111011111101111101111101110111111111110000111111101111000111110111111110111110011
11100111110111110111011111111111111111111111111111011111101111101111101110111111111110000111111101111000111110111111110111110011
11100111110111110111011111111111011111111111111111011111111111101111101110111111111110000111111101111100111110111111111111110011
11100111110111110111011111111111011111111111111111011111111111101111101110111111111110000111111101111100111110111111111111110011
11100111110111110111011111111111011111111111111111011111111111101111101110111111111110000111111101111100111110111111111111110011
11100111110111110111011111111111011111111111111111011111111111101111101110111111111110000111111101111100111110111111111111110011
11100111110111110111011111111111011111111111111111011111111111101111101110111111111110000111111101111100111110111111111111110011
11100111110111110111011111111111011111111111111111011111111111101111101110111111111110000111111101111100111110111111111111110011
11100111110111110111011111111111011111111111111111011111111111101111101110111111111110000111111101111100111110111111111111110011
11100111110111110111011111111111011111111111111111011111111111101111101110111111111110000111111001111100111110111111111111110011
11100111110111110111011111111111011111111111111111011111111111101111101110111111111110000111111001111100111110111111111111110011
11101111110111110111011111111111011111111111111111011111111111101111101110111111111110000111111001111100111110111111111111110111
11101111110111110111011111111111011111111111111111011111111111101111101110111111111110000111111001111100111110111111111111110111
11101111110111110111011111111111011111111111111111011111111111101111101110111111111110000111111001111100111110111111111111110111
11101111110111110111011111111111011111111111111111011111111111101111101110111111111110000111111001111100111110111111111111110111
11101111110111110111011111111111011111111111111111011111111111101111101110111111111110000111111001111100111110111111111111110111
11101111110111110111011111111111011111111111111111011111111111101111101110111111111110000111111001111100111110111111111111110111
11101111110111110111011111111111011111111111111111011111101111101111101110111111111110000111111001111100111110111111111111110111
11101111110111110111011111111111011111111111111110011111101111101111101110111111111110000111111001111100111110111111111111110111
11101111110111110111011111111111011111111111111110111111101111101111101110111111111110000111111001111100111110111111111111110111
11101111111111110111011111111111011111111111111110111111101111101111101110111111111111000111111001111100111110111111111111110111
11101111111111110111011111111111011111111111111110111111101111101111101110111111111111000111111001111100111110111111111111110111
11101111111111110111011111111111011111111111111110111111101111101111101110111111111111100111111001111100111110111111111111110111
11101111111111110111011111111111011111111111111110111111101111101111101110111111111111100111111001111100111110111111111111110111
11101111111111110111011111111111011111111111111110111111101111101111101110111111111111100111111011111101111110111111111111110111
11101111111111110110011111111111011111111111111110111111101111101111101110111111111111100111111011111101111110111111111111110111
11101111111111110110011111111111011111111111111110111111101111101111101110111111111111100111110011111101111110111111111111110111
11101111111111110110011111111111011111111111111110111111101111101111101110111111111111100111110011111101111110111111111111110111
11001111111111110110011111111111011111111111111110111111101111101111100100111111111111101111110011111101111110111111111111110111
11001111111111110010011111111111011111111111111110111111101111101111100100111111111111101111110011111001111110111111111111110111
11001111111111110010111111111111011111111111111110111111101111101111100100111111111111101111110011111001111110111111111111110111
11001111111111110010111111111111011111111111111100111111101111101111100100111111111111101111110011111001111110111111111111110111
11011111111111110010111111111111011111111111111100111111101111101111110100111111111111101111110011111001111110111111111111110111
11011111111111110010111111111111011111111111111100111111001111101111110100111111111111101111100011111001111110111111111111110111
11011111111111110010111111111111011111111111111100111111001111101111110000111111111111101111100011111001111110111111111111110111
11011111111111111010111111111111011111111111111100111111001111101111110001111111111111101111100011111001111110111111111111110111
11011111111111111000111111111111011111111111111001111100001111111111110001111111111111101111100011111001111110111111111111110111
11011111111111111000111111111111011111111111111001111100001111111111110001111111111111101111100011111001111110111111111111110111
11011111111111111000111111111111111111111111111001111100011111111111110001111111111111101111100111111001111110111111111111110111
11011111111111111000111111111111111111111111111001111110011111111111110001111111111111101111100111111001111110111111111111110111
11011111111111111000111111111111111111111111111001111110011111111111110001111111111111111111100111111001111110111111111111110111
11011111111111111000111111111111111111111111111001111110011111111111110001111111111111111111100111111011111110111111111111110111
11011111111111111000111111111111111111111111111001111110011111111111110001111111111111111111100111111011111110111111111111110111
11111111111111111111111111111111111111111111111111111110011111111111110001111111111111111111100111111011111110111111111111110111
11111111111111111111111111111111111111111111111111111111111111111111111011111111111111111111100111111011111110111111111111110111
11111111111111111111111111111111111111111111111111111111111111111111111011111111111111111111100111111011111110111111111111110111
11111111111111111111111111111111111111111111111111111111111111111111111011111111111111111111101111111011111110111111111111110111
11111111111111111111111111111111111111111111111111111111111111111111111111111111111111111111111111111111111110111111111111110111
11111111111111111111111111111111111111111111111111111111111111111111111111111111111111111111111111111111111110111111111111110111
11111111111111111111111111111111111111111111111111111111111111111111111111111111111111111111111111111111111111111111111111110111
11111111111111111111111111111111111111111111111111111111111111111111111111111111111111111111111111111111111111111111111111110111