11101111111111111111111111111111111111111111111111111111111111111111111111111111111111111111111111111111111111111111111111111101
11101111111111111111111111111111111111111111111111111111111111111111111111111111111111111111111111111111111111111111111111111101
11001111111111111111111111111111111111111111111111111111111111111111111111111111111111111111111111111111111111111111111111110001
11001111111111111111111111111111111111111111111111111111111111111111111111111111111111111111111111111111111111111111111111110001
11001111111001111111111111111111111111111111111111111111111111111111111111111111111111111111111111111111111111111111111111100001
11000111110001111101111111111111110111111111111111111111111111111111111111111111111111101111111111111111111111111111111111100001
11000111110001111101111111111111110111111111111111111111111111111111111111111111111111101111111111111111111111111111111111100001
11000111100001111000111111111111100111111111111110111111111111111111111111111111111111001111110011111100111110111111111111100000
11000111100001111000111111111111100011111111111100111111001111111111111111111111111111001111100011111100111110011111111111100000
11000111110001111000111111111111100011111111111100111111001111111111111111111111111111001111100011111100111110011111111111100000
11000111110001111000111111111111100011111111111100111111001111111111111111111111111111001111100011111100111110011111111111100000
11000111110001111000111111111111100011111111111100111110001111111111111111111111111111001111100011111100111110011111111111100000
11000111111001111000111111111111100011111111111100111110001111111111111111111111111111001111100011111100111110011111111111100000
10000111111001111000111111111111100011111111111100111110001111111111111111111111111111000111100011111100111110011111111111100000
10000111111001111000111111111111100011111111111100111110001111110111111111111111111111000111100001111100111110011111111111100000
10010111111001111000111111111111100011111111111100111110001111110111111111111111111111000111100001111100111110011111111111100000
10010111111001111010111111111111110011111111111100111110001111110111111111111111111110000111100001111100111110011111111111100000
10010111111001111010011111111111110011111111111000111110000111110111111111111111111110000111100001111100111110011111111111100000
10010111111101111010011111111111110011111111111001111110100111110111111111111111111110000111100001111100111110011111111111100000
10110111111101111010011111111111110011111111111001111110100111110111111111111111111110000111100001111100111110011111111111100000
10110111111101111010011111111111110011111111111001111110100111110111111011111111111110000111100001111000111110011111111111100000
10110111111101111011011111111111110011111111111001111110110111111111111011111111111110000111100001111000111110011111111111100000
10110011111101111011011111111111110011111111111001111110110111111111111011111111111110000111111001111000111110011111111111110000
10110011111101111011011111111111110011111111111001111110110111111111111011111111111110000111111001111000111110011111111111110000
10110011111101111011011111111111111011111111111001111110110111111111111011111111111110110111111001111001111110011111111111110000
10110011111101111011011111111111111011111111111001111110110111111111111011111111111110110111111001111001111110011111111111111000
10110011111101111011011111111111111011111111111001111110110111111111111011111111111110110111111001111001111110011111111111111000
10111011111101111011011111111111111011111111111001111110110111111111111011111111111110110111111001111001111110011111111111111000
10111011111101111011011111111111111011111111111001111111110111111111111011111111111110110111111001111001111110011111111111111000
10111011111101111011011111111111111011111111111001111111110111101111111011111111111110110111111001111001111110011111111111111000
10111011111101111011011111111111111011111111111001111111110111101111111011111111111110110111111001111001111110111111111111111000
10111011111101111011011111111111111011111111111001111111110111101111111011111111111110110111111001111001111110111111111111111000
10111011111101111011011111111111111011111111111011111111110111101111111011111111111110110111111001111001111110111111111111111000
10111011111101111011011111111111111111111111111011111111110111101111111011111111111110110111111001111001111110111111111111111000
10111011111101111011011111111111111111111111111011111111110111101111111011111111111110110111111001111001111100111111111111111000
10111011111111111011111111111111111111111111111011111111110111101111111011111111111110110111111001111001111100111111111111111000
10111011111111111011111111111111111111111111111011111111110111101111111011111111111110110111111101111001111100111111111111111000
10111011111011111011111111111111111111111111111001111111110111101111111011111111111110110011111101111001111100111111111111111000
10111011111011111011111111111111111111111111111001111111110111101111111011111111111110110011111101111001111100111111111111111001
10111011111011111010111111111111110111111111111001111111110111101111111011111111111110110011111101111001111100111111111111111001
10111011111011111010111111111111110111111111111001111101110111101111111011111111111110110011111101111001111100111111111111111001
10111011111011111010111111111111110111111111111001111101110111101111111011111111111110110011111101111001111100111111111111111001
10111011111011111000111111111111110111111111111001111101110111101111111011111111111110110011111001110001111100111111111111111001
10111011111011111000111111111111110111111111111001111101110111101111111011111111111110110011111001110001111100111111111111111001
10111011111011111000111111111111110111111111111001111101110111101111111011111111111110110011111001110001111100111111111111111001
10110011111011111000111111111111110111111111111001111101110111101111111011111111111110110011111001110001111100111111111111111001
10110011111011111000111111111111110111111111111001111101110111101111110011111111111110110011111001110000111100111111111111111001
10110011111011111000111111111111110111111111111001111101110111101111110011111111111110110011111001110000111100111111111111111001
10110011111011111000111111111111110111111111111000111101110111101111110011111111111110110011111001110000111100111111111111111001
10110011111011111000111111111111110111111111111000111101110111101111110011111111111110110011111001110000111100111111000111111001
10110011111011111000111111111111110111111111111100111101110111101111110011111111111110110011111001110000111100111111000111111001
10110011111011111000111111111111110111111111111100111101110111101111110011111111111110110011111001110000111100111111000011111001
10110011111011111000111111111111110111111001111100111101110111101111110011111111111110110011111001110000111100111111000011110001
10110011111011111000111111111111110111111001111100111101110111101111110011111111111110110011111001110000111100111111000011110001
10010011111111111000111110011111110111110001111100111101110111101111110011111100011110110011111001110000111100111110000011110001
10010011111111111000111110001111110111110001111100011101110111101111110011111100011110110011111001110000111100011110000011110001
10010011111111111000111110001111111111110001111100011101110111101111110011111100011110110011111001110000111100011110000011110001
10000011110111111000111110001111111111110001111110011101110111101111110011111000011110110011111001110000111100011110000011110011
10000011110111111000111110001111101111110001111110011101110111101111110011111000011110110011111001110000011100011110000011110011
10000011110111111000111110001111101111110001111110011101110111101111110011111000011110110011111001110000011100011110000011110011
10000011110111111000111100001111101111110001111110011101110111001111110011111000011110110011110011110000011100011110000011110011
10000011110111111000111100001111101111110001111110011101110111001111110011111000011110000011110011110000011100011110000011110011
11000111110111111000111110001111101111110001111110011101110111001111110011111000011110000111110011110000011100011110000011110011
11000111110111111000111110001111101111110001111110011101110111001111110001111000011110000111110011110000011100011110000011110011
11000111110111111000111110001111101111110001111111011101110111001111110001111000011110000111110011110000011100001110000011110011
11000111110111111010111110001111101111110001111111011101110111001111110001111000011110000111110011110000011100001110000011110011
11000111110111111010111110001111101111110001111111011101110111001011110001111000011110000111110011110000011000001110000011110011
11000111110111111010111111111111101111110001111111011101110111001011110001111000011110000111110011110000011000001110000011110011
11000111110111111010011111111111101111110001111111011101110111001011110001111000011110000111110011110000011000001110000011110011
11000111110111111010011111111111101111110001111111011101110111000011110001111000011110000111110011110000011000001110000011110011
11000111110111111011011111111111101111111111111111011101110111000011110001111100011110000111110011110000011000001110000011110011
11000111110111110011011111111111101111111111111111011101110111000011110000111100011111000111100011110010011000001110000011110011
11000111110111110011011111111111101111111111111111011101110111000011110000111100011111000111100011110010011000001110000011110011
11000111110111110011011111111111101111111111111111011101110111000011110000111111111111000111100111110010011000001110000011110011
11100111110111110011011111111111101111111111111111011101110111000011110000111111111111000111100111110010011000001111000011110011
11100111110111110011011111111111101111111111111111011101110111000011110000111111111111000111100111110010011000001111000011110011
11100111110111110111011111111111101111111111111111011101110111000011110000111111111111000111100111110110011000001111000011110011
11100111110111110111011111111111101111111111111111011101110111000011110000111111111111000111100111110110011000001111000111110011
11100111110111110111011111111111101111111111111111011101110111000011110000111111111111000111100111110110011000001111000111110011
11100111110111110111011111111111101111111111111111011101110111000011110000111111111111000111100111110110011000001111111111110011
11100111110111110111011111111111101111111111111111011101110111000011110000111111111111000111100111110110011000001111111111110011
11100111110111110111011111111111101111111111111111011101110111000011110000111111111111000111100111110110011000001111111111110011
11100111110111110111011111111111101111111111111111011101110111000011110000111111111111000111101111110110011000001111111111110011
11100111110111110111011111111111101111111111111111011101110111000011110000111111111111100111101111110110011000001111111111110011
11100111110111110111011111111111101111111111111111011101110111000011110000111111111111100111101111110110011000001111111111110011
11100111110111110111011111111111101111111111111111011101110111000011110000111111111111100111101111110110011000001111111111110011
11101111110111110111011111111111101111111111111111011101110111000011110000111111111111100111101111110110011000001111111111110011
11101111110111110111011111111111101111111111111111011101110111000011110000111111111111100111101111110110011000001111111111110011
11101111110111110111011111111111101111111111111111011101110111000011110000111111111111100111101111110110011000001111111111110011
11101111110111110111011111111111101111111111111111011101110111000011110000111111111111100111101111110110011000001111111111110011
11101111110111110111011111111111101111111111111111011101110111100011110000111111111111100111101111110110011000001111111111110011
11101111110111110111011111111111101111111111111111011101110111100011110000111111111111101111101111110110011100001111111111110011
11101111110111110111011111111111101111111111111111011101110111100011110000111111111111101111101111110010011100001111111111110111
11101111110111110111011111111111101111111111111111011111110111100011110000111111111111101111001111110010011100001111111111110111
11101111110111110111011111111111101111111111111111011111110111110011110000111111111111101111001111110010011100001111111111110111
11101111110111110111011111111111101111111111111111011110110111110011110000111111111111101111001111110010011100001111111111110111
11101111110111110011011111111111101111111111111111011110110111110011111000111111111111101111001111110010011100001111111111110111
11101111110111110011011111111111101111111111111111011110110111110011111000111111111111101111001111110010011100001111111111110111
11101111110111110011011111111111101111111111111111011110110111110011111000111111111111101111001111110010011100001111111111110111
11101111110111110011011111111111101111111111111111011110110111110011111000111111111111101111001111110010011100001111111111110111
11101111111111110011011111111111101111111111111111011110110111110011111100111111111111101111001111110000011110001111111111110111
11001111111111110011011111111111101111111111111110011110110111110011111100111111111111101111001111110000011110001111111111110111
11001111111111111011011111111111111111111111111110011110110111110011111100111111111111101111001111110000011111001111111111110111
11001111111111111010011111111111111111111111111110011110110111111011111100111111111111001111001111110000011111001111111111110111
11001111111111111010011111111111111111111111111110011110110111111011111100111111111111001111001111110000011111001111111111110111
11011111111111111010011111111111111111111111111110011110110111111011111101111111111111001111001111110000011111001111111111110111
11011111111111111010111111111111111111111111111110111110110111111011111101111111111111001111001111110000011111001111111111110111
11011111111111111000111111111111111111111111111110111110110111111011111101111111111111001111000111110000011111001111111111110111
11011111111111111000111111111111111111111111111110111110111111111011111101111111111111001111000111110000011111001111111111110111
11011111111111111000111111111111111111111111111110111110111111111111111101111111111111011111000011110000011111001111111111110111
11011111111111111000111111111111111111111111111100111110101111111111111101111111111111011111000011110000011111001111111111110111
11111111111111111100111111111111111111111111111100111110101111111111111111111111111111011111000011110000111111001111111111110111
11111111111111111100111111111111111111111111111100111110001111111111111111111111111111011111100011110000111111001111111111110111
11111111111111111100111111111111111111111111111100111110001111111111111111111111111111011111100011110000111111001111111111110111
11111111111111111101111111111111111111111111111100111110001111111111111111111111111111011111100011110000111111011111111111110111
11111111111111111111111111111111111111111111111101111111001111111111111111111111111111011111100011111000111111011111111111110111
11111111111111111111111111111111111111111111111101111111001111111111111111111111111111011111100011111000111111011111111111110111
11111111111111111111111111111111111111111111111101111111001111111111111111111111111111011111100011111000111111011111111111110111
11111111111111111111111111111111111111111111111111111111001111111111111111111111111111111111100001111000111111111111111111110111
11111111111111111111111111111111111111111111111111111111001111111111111111111111111111111111100001111000111111111111111111110111
11111111111111111111111111111111111111111111111111111111011111111111111111111111111111111111100001111000111111111111111111110111
11111111111111111111111111111111111111111111111111111111111111111111111111111111111111111111111011111000111111111111111111110111
11111111111111111111111111111111111111111111111111111111111111111111111111111111111111111111111011111000111111111111111111110111
11111111111111111111111111111111111111111111111111111111111111111111111111111111111111111111111111111001111111111111111111111111
11111111111111111111111111111111111111111111111111111111111111111111111111111111111111111111111111111001111111111111111111111111
11111111111111111111111111111111111111111111111111111111111111111111111111111111111111111111111111111001111111111111111111111111
11111111111111111111111111111111111111111111111111111111111111111111111111111111111111111111111111111101111111111111111111111111
11111111111111111111111111111111111111111111111111111111111111111111111111111111111111111111111111111101111111111111111111111111