11111111111111111111111111111111111111111111111011111111111111111111111111111100111111111001111111111111111111111111111110111111
11111111111111111111111111111111111111111111111011111111111111111111111111111100111111111001111111111111111111111111111110111111
11111111111111111111111111111111111111111111110011111111000111111111011111111000111111110001111111111111111111111111111100111111
11111111111111111111111111111111111111111111110011111111000111111111011111111000111111110001111111111111111111111111111100111111
11111111111111111111111111111111111111111111110001111111000111111111011111111000011111110001111111111111111111111111111100011111
11111111111111001111111111111111111111111111110001111110000111111111011111111000011111100000111111110011111111111111111000011111
11111111111111001111111111111111111111111111110001111110000111111111011111111000011111100000111111110011111111111111111000011111
11111111111110001111111100111111111111111111100001111110000011111110011111110000011111100000111111110011111111111111111000011111
11111111111110001111111100111111111111111111000001111110000011111110011111110000011111100000111111110011111111111111111000011111
11111111111110001111111100111111111111111111001001111110100011111110011111110000011111100000111111110011111111111111111000011111
11111111111100001111111100111111111111111111001001111110100011111110011111110000011111100000111111110011111111111111111000011111
11111111111100001111111100111111111111111111011001111110100011111110011111110000011111100000111111110011111111111111111000011111
11111111111101000111111100111111111111111111011001111110110011111110011111110010011111100000111111110011111111111111111000011111
11111111111101000111111100111111111111111111011000111110110011111110011111110010011111100000111111110011111111111111110000001111
11111111111101100111111100111111111111111111011000111111110011111110011111110010011111100000111111110111111111111111110000001111
11111111111111100111111100111111111111111111011100111111110011111110011111110110001111100000111111100111111111111111110000001111
11111111111111100111111100111111111111111111011100111111110011111100011111110110001111100000111111100111111111111111110000001111
11111111111111100111111100111111111111111111011100111111110011111100011111111111001111100000111111100111111111111111110000001111
11111111111011100111111100111111111111111111011100111111110011111100011111111111001111100000111111100111111111111111110001001111
11111111111011100111111100111111111111111111011100111111110011111100011111111111001111100000111111100111111111111111110001001111
11111111111011100111111100111111111111111111011100111111111011111100011111111111001111100100111111100111111111111111110011001111
11111111111011100111111000111111111111111110011100111111111011111100001111111111001111100100111111100111111111111111110011001111
11111111111011100111111000111111111111111110011100111111111011111100001111111111001111100100111111100111111111111111110011001111
11111111111011100111111000111111111111111110011100111111111001111100001111111111001111100100011111100111111111111111110011001111
11111111111011100111111000111111111111111110011100111111111001111100001111111111001111100100011111100111111111111111110011001111
11111111111011110111111000111111111111111110011100111111111001111100001111111111001111100100011111100111111111111111110011001111
11111111111011110111111000111111111111111110011100111111111001111100001111111111001111100100011111100111111111111111110011001111
11111111111011110111111000111111111111111110011100111111111001111100001111111111001111100100011111100111111111111111110011001111
11111111111011110111111100111111111111111110011100111111111001111100001111111111001111100100011111100111111111111111110011001111
11111111111011110111111100111111111111111110011100111111111001111100001111111111001111100100011111100111111111111111110011001111
11111111111011110111111100111111111111111110011110111111111001111100001111111111001111100100011111000111111111111111110011101111
11111111111011110111111100111111111111111110011110111111111001111110001111111111001111100100011111000111111111111111110111101111
11111111111011110111111100111111111111111110011110111111111001111110001111111111001111100100011111000111111111111111110111100111
11111111111011110111111100111111111111111110011110111111111001111110001111111111001111100100011111000111111111111111110111100111
11111111111011110111111100111111111111111110111110111111111001111111001111111111001111100100111111000111111111111111110111100111
11111111111011110111111100111111111111111110111110111111111001111111001111111111001111100100111111000111111111111111110111100111
11111111111011110111111100111111111111111110111110111111111001111111001111111111001111100100111111000111111111111111110111100111
11111111111011110111111100111111111111111110111110111111111001111111001111111111001111100100111111000111111111111111110111100111
11111111111011110011111100111111111111111110111110111111111001111111001111111111001111100100111111000111111111111111110111100111
11111111111011110011111100111111111111111110111110111111111001111111001111111111001111100100111111000111111111111111110111100111
11111111111011110011111100111111111111111110111110111111111001111111001111111111001111100000111111000111111111111111110111100111
11111111111011110011111100111111111111111110111110111111111001111111001111111111001111100000111111000111111111111111110111100111
11111111111011110011111100111111111111111110111110111111111011111111001111111111001111100000111111000111111111111111110111100111
11111111111011110011111100111111111111111110111110111111111011111111001111111111001111100000111111000111111111111111110111100111
11111111111011110011111110111111111111111110111110111111111011111111001111111111001111100000111111000111111111111111110111100111
11111111111011110011111110111111111111111110111110111111111011111111001111111111001111100000111111000111111111111111110111100111
11111111111011110011111110111111111111111110111110111111111011111111001111111111001111100000111110000011111111111111110111100111
11111111111011110011111110111111111111111110111110111111111011111111001111111111001111100000111110000011111111111111110111100111
11111111111011110011111110111111111111111110111110111111111011111111001111111111001111100000111110000011111111111111110111100111
11111111111011110011111110111111111111111110111110111111110011111111001111111110001111100000111110000011111111111111110011100111
11111111111011110011111110111111111111111110111110111111110011111111001111111110001111100000111110000011111111111111110011100111
11111111111011110011111110111111111111111110111110111111110011111111001111111110001111100000111110000011111111111111110011100111
11111111111011110011111110111111111111111110111110111111110011111111001111111110001111100000111110000011111111111111110011100111
11111111111011110011111110111111111111111110111110111111110011111111001111111110011111100000111110000011111111010111110011100111
11111111111011110011111110111111111111111110111110111111110011111111001111111110011111100000111110000011111110000111110011000111
11111111111011110011111110111111111111111110111110111111110011111111001111111110011111100000111110000011111110000111110011000111
11111111111011110011111110111111110000111110111110111111110011111111001111111110011111100000111110000001111100000011110011000111
10111111111011110011111110111111100000011110111110111111110011111111001111111110011111100000111110000001111100000011110011000111
10111111111011110011111110111111100000011110111110111111110111111111001111111110011111100000111110000001111100000011110011000111
10000111111011110011111110111111100000011110111110111111110111111111001111111110011111100000111110000001111100000011110011000111
10000111111011110011111110111111100000011110111110111111110111111111001111111110011111100000111110000001111100000011110011000111
10000011111011110011111110111111100000011110111110111111100111111111001111111110011111100000111110000001111100000011110000001111
10000011111011110011111110111111100000011110111110111111100111111111001111111110011111100000111110000001111100000011110000001111
10000011111011110011111110111111100000011110111110111111100111111111001111111110011111100000111110000001111100000011110000001111
10000011111011110011111110111111100000011110011110111111100111111111001111111100011111100000111110001001111100000011110000001111
10000011111011110011111110111111100000011110011110111111100111111111001111111100011111100000111110001001111100000011110000001111
10000011111011110011111110111111100000011110011110111111101111111111001111111100111111100000111110001001111100000011110000001111
10000011111011110011111110111111110000011110011110111111001111111111001111111100111111100000111110011001111100000011110000001111
10000011111011110011111110111111110000011110011110111111001111111111001111111100111111100000011110011001111100000011110000001111
10000011111011110011111110111111110000011110011110111111001111111111001111111100111111100000011110011001111100000011111000001111
10000011111011110011111110111111110000011110011110111111001111111111001111111100111111100000011110011001111100000011111000001111
10000011111011110011111110111111111111111110011110111111001111111111001111111100111111100000011110011001111110000011111000001111
11111111111011110011111110111111111111111110011110111111001111111111001111111001111111100100011110011101111111111111111000001111
11111111111011110011111110111111111111111110011110111111001111111111001111111001111111100100011110011100111111111111111000001111
11111111111011110011111110111111111111111110011110111111011111111111001111111001111111100100011110011100111111111111111000001111
11111111111011110011111110111111111111111110011110111111011111111111001111111001111111000110011110011100111111111111111000001111
11111111111011110011111110111111111111111110011110111111011111111111001111111001111111000110011110011100111111111111111000001111
11111111111011110011111110111111111111111110011110111111011111111111001111111001111111001110011110011100111111111111111000001111
11111111111011110011111110111111111111111110011110111111011111111111001111111001111111001110011100011100111111111111111000001111
11111111111011110011111110111111111111111110011110111110011111111111001111111001111111001110011100011100111111111111111100001111
11111111111011110111111110111111111111111110011110111110011111111111001111111011111111001110011100011100111111111111111100001111
11111111111011110111111110111111111111111110011110111110011111111111001111111011111111001110011100011100111111111111111100001111
11111111111011110111111110111111111111111110011110111110011111111111001111111011111111001110011100011100111111111111111100001111
11111111111011110111111110111111111111111110011110111110011111111111001111110011111111001110011100011100111111111111111100001111
11111111111011110111111110111111111111111110011110111110011111111111001111110011111111001110011100011100111111111111111100001111
11111111111011110111111110111111111111111110011110111110011111111111001111110011111111001110011100011100111111111111111110001111
11111111111011110111111110111111111111111110011110111110111111111111001111110011111111001110011100011100111111111111111110011111
11111111111011110111111110111111111111111110011110111110111111111111001111110011111111001110011100011100111111111111111110011111
11111111111011110111111110111111111111111110011110111110111111111111001111110011111111001110011100011100111111111111111110011111
11111111111011110111111110111111111111111110011110111110111111111111001111110011111111001110011100011100111111111111111110011111
11111111111011110111111110111111111111111110011110111110111111111111001111110011111111001110011100011100111111111111111110011111
11111111111011110111111110111111111111111110011110111110111111111111001111110011111111001110011110011100111111111111111110011111
11111111111011110111111110111111111111111110011110111110111111111111001111110011111111001110011110011100111111111111111110011111
11111111111011110111111110111111111111111110011110111110111111111111001111110011111111001110011110011100111111111111111110011111
11111111111011110111111110111111111111111110011110111110111111111111001111110011111111001110011110011100111111111111111110011111
11111111111011110111111110111111111111111110011110111100111111111111001111110011111111001110011110011100111111111111111110011111
11111111111011110111111110111111111111111110011110111100111111111111001111110011111111001110011110011100111111111111111110011111
11111111111011110111111110111111111111111110011110111100111111111111001111110011111111001110011110011100111111111111111110011111
11111111111011110111111110111111111111111110011110111100111111111111001111110011111111001110011110011100111111111111111110011111
11111111111011110111111110111111111111111110011110111100111111111111001111110011111111001110011110011100111111111111111110011111
11111111111011110111111110111111111111111110011110111100111111111111001111110011111111001110011110011100111111111111111110011111
11111111111011110111111110111111111111111110011110111100111111111111001111110011111111001110011110011100111111111111111110011111
11111111111011110111111110111111111111111110011100111100111111111111001111110011111111001110011110011100111111111111111100011111
11111111111001110111111110111111111111111110011100111100011111111111001111110011111111000110011110011000111111111111111100011111
11111111111001110111111110111111111111111111011100111100011111111111001111110011111111000110011110011001111111111111111100011111
11111111111001110111111110111111111111111111011100111100011111111111001111110011111111000110011110011001111111111111111100111111
11111111111001110111111110111111111111111111001100111100011111111111001111110011111111000100011110001001111111111111111100111111
11111111111001110111111110111111111111111111001100111100011111111111001111110011111111000100011110001001111111111111111100111111
11111111111001110111111110111111111111111111001100111100011111111111001111110011111111000000011110000001111111111111111100111111
11111111111001110111111110111111111111111111001100111100011111111111001111110011111111100000011110000001111111111111111100111111
11111111111001110111111110111111111111111111001100111100011111111111001111110011111111100000011110000001111111111111111100111111
11111111111001110111111110111111111111111111001100111100011111111111001111110011111111100000011110000001111111111111111100111111
11111111111001111111111110111111111111111111001100111100011111111111001111110011111111100000011110000001111111111111111100111111
11111111111000111111111110111111111111111111000101111110011111111111101111110001011111100000011110000001111111111111111100111111
11111111111000111111111110111111111111111111000101111110011111111111101111110000011111100000011110000001111111111111111100111111
11111111111000111111111110111111111111111111000101111110011111111111101111110000011111100000011111000001111111111111111100111111
11111111111100111111111111111111111111111111000001111110011111111111101111110000011111100000011111000001111111111111111101111111
11111111111100111111111111111111111111111111000001111110001111111111101111110000011111100000011111000001111111111111111101111111
11111111111100111111111111111111111111111111100001111110001111111111111111110000011111100000111111000011111111111111111101111111
11111111111100111111111111111111111111111111100001111110001111111111111111110000011111100000111111000011111111111111111101111111
11111111111100111111111111111111111111111111100011111110011111111111111111110010011111100000111111000011111111111111111101111111
11111111111100011111111111111111111111111111100011111111011111111111111111111011111111100000111111000011111111111111111101111111
11111111111100011111111111111111111111111111100011111111011111111111111111111011111111100000111111000011111111111111111101111111
11111111111100011111111111111111111111111111100111111111111111111111111111111111111111110000111111100011111111111111111111111111
11111111111110011111111111111111111111111111100111111111111111111111111111111111111111110001111111100111111111111111111111111111
11111111111110011111111111111111111111111111100111111111111111111111111111111111111111110001111111100111111111111111111111111111
11111111111110111111111111111111111111111111111111111111111111111111111111111111111111110001111111111111111111111111111111111111
11111111111110111111111111111111111111111111111111111111111111111111111111111111111111110001111111111111111111111111111111111111