11101111111111111111111111111111111111111111111111111111111111111111111111111111111111110111111111111111111111111111111111111111
11101111111111111111111111111111111111111111111111111111111111111111111111111111111111110111111111111111111111111111111111111111
11101111111111111111111111111111111111111111111111111111111111111111111111111111111111110111111111111111111111111111111111111111
11101111111111111110111111111111111111111111111111111111111111111111111111111111111111110111111101111111011111111111111111111011
11101111111111111110111111111111111111111111111111111111111111111111111111111111111111110111111101111111011111111111111111111011
11001111111111111100111111111111111111111111111110111111111111111111111111111111111111110111111101111111011111111111111111111011
11001111110001111100111111111111100111111111111110011111111111111011111111111111111111100111111101111111011111111111111111110011
11001111110001111100111111111111100111111111111110011111111111111011111111111111111111100111111101111111011111111111111111110011
11000111100001111100011111111111000001111111111110011111101111111011111111111111111111100111111001111111011110111111111111110001
11000111100000111100011111111111000001111111111100011111100111111011111111111111011111100011111001111110011100010111111111110001
11000111100000111100011111111111000001111111111100011111100111111011111111111111011111100011111001111110111100010111111111110001
10000111100000111100011111111111000001111111111100001111100111111011111111111111011111100011111001111110111100000111111111110001
10000111100000111100011111111111000001111111111100001111100111111011111111111111011111100011111001111110111100000111111111110000
10000111100000111100011111111111000001111111111100001111100111111011111111111111011111100011111001111110111100000111111111110000
10000111100000111000011111111111000001111111111100001111100111111011111111111111001111100011111001111110111100000111111111110000
10000111100000111000011111111111000001111111111100001111100111111011111111111111001111100011111001111110111100000111111111100000
10000111100000111000011111111111000001111111111100001111100111111011111111111111001111100011111011111110111100000111111111100000
10000111100000111000011111111111100001111111111100001111100111111011111111111111001111000011111011111110111100000111111111100000
10000011100000111000011111111111100001111111111100001111100111111011111111111111001111000011111011111110111100000111111111100000
10010011100000111000011111111111100001111111111100001111100111111011111111111111001111000011111011111110111100000111111111100000
10010011100000111000011111111111100001111111111100001111000111111011111111111110001111000011111011111110111110000111111111100000
10010011100000111000011111111111100001111111111100001111000111111011111111111110001111000011111011111110111110000111111111100000
10010011100000111000011111111111100001111111111100001111000111111011111111111110001111000011111011111110111110000111111111100000
10110011111100111001011111111111100101111111111100001111000111111011111111111110001111000011111011111110111110000111111111100100
10110011111100111001001111111111100101111111111100001111000111111011111111111110001111000011111011111110111110000111111111100100
10110011111100111001001111111111101101111111111101001111000111111011111111111110001111001011111011111110111110000111111111100100
10111011111100111001001111111111111101111111111101101111000111111011111111111110001111001011111011111100111110000111111111100100
10111011111100111001001111111111111101111111111101101111000111111011111111111110001111001011111011111100111110000111111111100100
10111011111100111001001111111111111101111111111101101111000111111011111111111110001111001011111011111100111110100111111111100110
10111011111100111011001111111111111101111111111111100111000111110011111111111110001111011001111011111100111110100111111111101110
10111011111100111011001111111111111101111111111111100111000111110011111111111110001111011001111011111100111110100111111111101110
10111011111100111011001111111111111101111111111111100111000111110011111111111110001111011001111011111100111111100111111111111110
10111011111100111011001111111111111101111111111111100111000111110011111111111110001111011001111011111100111111100111111111111110
10111011111100111011001111111111111001111111111111100111000111110011111111111110001111011001111011111100111111100111111111111110
10111011111101111011001111111111111001111111111111100111000111110011111111111110001111011001111011111100111111100111111111111110
10111011111101111011001111111111111001111111111111100111010111110011111111111110001111011001111011111100111111100111111111111110
10111011111101111011001111111111111001111111111111100111010111110011111111111110001111011001110011111100111111100111111111111110
10111011111101111011011111111111111001111111111111100111010111110011111111111110001111011001110011111100111111100111111111111110
10111011111101111011011111111111111001111111111111100111010111110111111111111110001111011001110011111101111111100111111111111110
10111011111101111011011111111111111001111111111111100111010111110111111111111110001111011001110011111101111111100111111111111110
10111011111101111011011111111111111001111111111111100111010111110111111111111110001111011001110011111101111111100111111111111110
10111011111101111011011111111111111001111111111111100111010111110111111111111110001111011001110011111101111111100111111111111110
10111011111101111001011111111111111001111111111111100111010111110111111111111110001111011001110011111101111111100111111111111100
10111011111101111001011111111111111001111111111111100111010111110111111111111111001111011011110011111101111111101111111111111100
10111011111101111001011111111111111011111111111111100111010111110111111111111111001111001011110011111101111111101111111111111100
10111011111001111001011111111111111011111111111111100111010111110111111111111111001111001011110011111001111111101111111111111100
10111011111001111001011111111111111011111111111111101111110111110111111111111111001111001011110011111001111111101111111111111100
10111011111001111001011111111111111011111111111111101111110111110111111111111111001111000011110011111001111111101111111111111100
10111011111001111001011111111111111011111111111111101111110111110111111111111111001111000011110011111001111111101111111111111100
10111011111001111001011111111111111011111111111111101111110111110111111111111111001111000011110011111001111111101111111111111100
10111011111001111000011111111111110011111111111111101111110111110111111100111111101111000011110111111001111111101111111111111100
10111011111001111000011110000111110011111001111111101111110111110111111100011111101111000011110111111001111111101111110011111100
10111011111001111100011110000111110011111001111111101111110111110111111100011111101111000011110111111001111111101111100011111100
10111011111001111100011110000111110011111000111111001111110111110111111000011111101111000011110111111000011111001111100011111100
10111011111001111100011110000111110011110000111111001111110111110111111000011111101111000011110111111000011111001111000011111100
10111011111001111100011110000111110011110000111111001111110111110111111000011111101111000011110111111000011111001111000011111100
10111011111011111100011110000111110011110000011111001111110111110111111000011111101111000011110111111000011111001111000011111100
10111011111011111100011110000111110011110000011111001111110111110111111000011111101111000011110111111000011111001111000011111100
10111011111011111100011110000111110011110000011111001111110111110111111000011111101111000011110111111000011111001111000011111100
10111011111011111100011110000111110011110000011111001111110111110111111000011111101111100011110111111000011111001111000001111001
10111011111011111100011110000111110011110000011111001111110111110101111000011111101111100011110101111000011111001111000001111001
10110011111011111100011110000111110011110000011111001111110111110101111000011111101111100011110101111000011111001111000001111001
10010011111011111100011110000111110111110000011111001111110111110101111000011111101111100011110101111000011111001111000001111001
10010011111011111100011100000111110111110000011111001111110111110101111000011111101111100011110101111000011111001111000001111001
10010011111011111000011100000111110111110000011111001111110111110101111000011111101111100011110101111000011111011111000001111001
10010011111011111000011100000111110111110000011111001111110111110101111000011111101111100011110101111000011111011111000001111001
10000011111011111000011100000111110111110000011110001111110111110101111000001111101111100011110101111000011111011111000001111001
10000011111011111000011100000111110111110000011110001111110111100101111000001111101111000011110101111000001111011111000001111001
10000011111011111000011100000111110111110000011110011111110111100101111000001111101111000011110101111001001111011111000001111001
11000011111011111000011110000111110111110000011110011111110111100101111000001111101111000011110100111001001111011111000001111001
11000011111011111001011110000111110111110000011110011111110111100101111000001111101111000011110100111001001111011111000001111001
11000011111011111001011110000111110111110000011110011111110111100101111000011111101111001011110100111011001111011111000011111001
11000011110011111001011110000111110111110000011110011111110111100101111000011111101111001011110100111011001111011111000011110011
11000011110011111001011110000111110111110000011110011111110111100101111000011111101111001011110100111011001111011111000011110011
11000011110011111011011110000111110111110000111110011111110111100101111000011111101111001011110100111011001111011111000011110011
11000011110011111011011111100111110111111001111110011111110111100101111000011111101111001011100100111011001111011111100011110011
11000011110011111011001111100111110111111001111110011111110111100101111000011111101111001011100100111011001111011111100011110011
11000011110011111011001111111111110111111111111110011111110111100101111110111111101111011011100100111011001111011111100111110011
11000011110011111011001111111111110111111111111110011111110111100100111111111111101111011011100100111011001111011111111111110011
11000011110011111011001111111111110111111111111110011111110111100000111111111111101111011001100000111011001111011111111111110011
11000011110111111011001111111111110111111111111110111111110111100000111111111111101111011001100000111011001111011111111111110011
11100011110111111011001111111111110111111111111100111111110111100000111111111111101111011001100000111011001111011111111111110011
11100011110111111011001111111111110111111111111100111111110111100000111111111111101111011001100000111011001111011111111111110011
11100011110111111011001111111111110111111111111100111111110111100000111111111111101111011001100000111011001111011111111111110011
11100011110111111011101111111111110111111111111100111111110111100000111111111111101111011001100000111011001111011111111111110011
11100011110111111011101111111111110111111111111100111111110111100000111111111111101111011001100000111011001110011111111111110011
11100111110111111011101111111111110111111111111100111111110111100000111111111111101111011001100000111011001110011111111111110111
11100111110111111011101111111111110111111111111100111111110111100000111111111111101111011001100000111011001110011111111111110111
11100111110111111011101111111111110111111111111100111111110111100000111111111111101111011001100000111011001110011111111111110111
11100111110111111011101111111111110111111111111100111111110111100000111111111111101111011001100000111011001110011111111111110111
11100111110111111011101111111111100111111111111100111111110111100000111111111111101111011101100000111011001110011111111111110111
11100111110111111011101111111111100111111111111100111111110111100000111111111111101111011101100000111011001110011111111111110111
11100111110111111011101111111111100111111111111100111111110111100000111111111111101111011101100000111011001110011111111111110111
11100111110111111011101111111111100111111111111100111111110111100000111111111111101111011101100000111011001110011111111111100111
11100111110111111011101111111111100111111111111100111111110111100000111111111111101111011001100000111011001110011111111111100111
11100111110111111011101111111111100111111111111100111111110111100000111111111111101111011001100000111011001110011111111111100111
11100111110111111011101111111111100111111111111101111111110111100000111111111111101111011001110000111011001110011111111111100111
11100111110111111011101111111111100111111111111101111111110111100000111111111111101111011001110000111011001110011111111111100111
11100111110111111011101111111111100111111111111101111111110111110000111111111111101111011001110000111011001110011111111111100111
11100111110111111011101111111111100111111111111101111111110111111000111111111111101111011001111100111011001110011111111111100111
11100111110111111011001111111111100111111111111101111111110111111000111111111111101111011001111100111011001110011111111111100111
11100111110111111011001111111111100111111111111101111111110111111100111111111111101111011001111100111011001110011111111111100111
11100111110111111011001111111111100111111111111101111111110111111101111111111111101111011001111100111011001110011111111111100111
11100111110111111011001111111111100111111111111101111111110111111101111111111111101111011001111100111011001110011111111111100111
11101111110111111011001111111111100111111111111101111111110111111101111111111111101111011001111100111011001110011111111111100111
11001111110111111011001111111111100111111111111101111111110111111101111111111111101111011001111100111001001110011111111111100111
11001111110111111011001111111111100111111111111101111111110111111101111111111111101111001001111100111000001110011111111111100111
11001111110111111011001111111111100111111111111101111111110111111101111111111111101111001001111100111000001110011111111111100111
11001111110111111001001111111111100111111111111101111111110111111101111111111111101111001001111100111000001110011111111111100001
11001111110111111000001111111111100111111111111101101111110111111101111111111111101111000001111100111000001110011111111111100001
11001111110111111000001111111111100111111111111101101111110111111101111111111111101111000001111100111000011110011111111111100001
11001111110111111000001111111111100111111111111101001111110111111101111111111111101111000001111100111000011110011111111111100000
11001111110111111000001111111111100111111111111100001111110111111101111111111111101111000001111100111000011110011111111111100000
11001111110111111000001111111111100111111111111100001111110111111101111111111111101111000011111101111000011110011111111111100000
11001111110111111000001111111111100111111111111100001111110111111101111111111111101111000011111101111000011110011111111111100000
11001111110111111000001111111111100111111111111100001111110111111101111111111111101111000011111101111000011110011111111111100000
11001111110111111000011111111111101111111111111100001111110111111101111111111111101111000011111101111100011110011111111111100000
11001111110111111100011111111111101111111111111100001111110111111101111111111111101111100011111101111100011110011111111111110000
11001111110111111100011111111111101111111111111100001111110111111101111111111111101111100011111101111100011110011111111111110000
11001111110111111100011111111111101111111111111100001111110111111101111111111111101111100011111101111100011110011111111111110000
11011111110111111100011111111111101111111111111100001111110111111101111111111111101111100011111101111100011110111111111111110000
11011111110111111100011111111111101111111111111100001111110111111101111111111111101111100011111101111100011110111111111111110000
11011111110111111100011111111111101111111111111100001111110111111101111111111111101111100011111101111100011111111111111111110000
11011111110111111100011111111111101111111111111100001111110111111101111111111111111111100011111101111100111111111111111111110000
11011111110111111100011111111111101111111111111100001111110111111101111111111111111111100011111101111100111111111111111111110000
11111111110111111100111111111111101111111111111100001111110111111101111111111111111111100111111111111110111111111111111111110000
11111111111111111100111111111111101111111111111110001111110111111111111111111111111111110111111111111111111111111111111111111001
11111111111111111100111111111111101111111111111110001111110111111111111111111111111111110111111111111111111111111111111111111001