11111111111111111100111111111111111111111111111111001111110111111111111110111111111111111011111111111111111111111111111111111111
11111111111111111100111111111111111111111111111111001111110111111111111110111111111111111011111111111111111111111111111111111111
11101111111101111100111111111111100011111111111110001111110111111001111110011111111111110001111111111111111111110111111111111111
11001111111101111100111111111111100011111111111110001111110111110001111110011111111111110001111111111111111111110111111111111111
11001111100001111100111111111111100001111111111110001111110111110000111110011111111111110001111110111111100111110111111111111110
11001111100001111100111111111111100001111111111110001111110111110000111110011111111111100001111110111111000111100011111111111110
11001111100001111100111111111111100001111111111110001111110111110000111110011111111111100001111110111110000111100011111111111110
11001111100001111100111111111111100001111111111110001111110111110000111100011111111111100001111110111110000111100011111111111100
11000111100001111100111111111111100001111111111110001111110111110000111100011111111111100001111110111110000111100011111111111100
11000111100001111100111111111111100001111111111110001111100111110000111100011111111111100001111100111110000111100011111111111100
11000111100001111000011111111111100001111111111110001111100111110000111100011111111111100001111100111110000111100011111111111100
11000111100001111000011111111111100001111111111100001111100111110000111100011111111111100001111100111110000111100011111111111100
11000111110001111000011111111111100001111111111100001111100111110000111100011111111111100001111100111110000111100011111111111100
11000111110001111000011111111111111001111111111100001111100111110000111100001111111111100001111100111111000111100011111111111100
11000111110001111000011111111111111001111111111100001111100111110000111100001111111111100001111100111111000111100011111111111100
11000111111001111000011111111111111001111111111100001111100111111000111101001111111111110001111100111111100111100011111111111100
10100111111001111010011111111111111001111111111100111111100111111000111101001111111111110001111100111111100111100111111111111100
10100111111001111010011111111111111001111111111100111111100111111000111101001111111111110001111100111111100111100111111111111100
10110111111001111011011111111111111001111111111110111111100111111000111101001111111111111001111100111111100111100111111111111100
10110111111101111011011111111111111001111111111110111111100111111100111101101111111111111001111100111111100111101111111111111100
10110111111101111011011111111111111001111111111110111111100111111100111101101111111111111001111100111111100111101111111111111100
10110111111101111011011111111111111001111111111110111111100111111100111101101111111111111001111100111111100111101111111111111101
10110111111101111011011111111111111001111111111110111111100111111100111101101111111111111001111100111111100111101111111111111101
10110111111101111011011111111111111001111111111110111111100111111100111001101111111111111001111100111111100111001111111111111101
11110111111101111011011111111111111001111111111110111111100111111100111001101111111111111001111100111111110111001111111111111101
11110111111101111011011111111111111001111111111110111111100111111100111001101111111111111001111100111111110111001111111111111101
11110111111101111011011111111111111001111111111110111111100111111100111001101111111111111001111100111111110111001111111111111101
11110111111101111011011111111111111001111111111110111111100111111100111001101111111111111001111100111111110111011111111111111101
11111111111101111011011111111111111001111111111100111111100111111101111011101111111111111001111100111111110111011111111111111101
11111111111101111011011111111111111001111111111100111111100111111101111011101111111111111001111100111111100111011111111111111101
11111111111101111011011111111111111001111111111100111111100111111101111011101111111111111001111100111111100111011111111111111101
11111111111101111011011111111111111011111111111100111111100111111101111011101111111111111001111100111111100111001111111111111101
11111111111101111011011111111111111011111111111100111111100111111101111011101111111111111001111100111111100111001111111111111101
11111111111111111011011111111111111011111111111100111111100111111101111011101111111111111001111100111111100111001111111111111101
11111011111111111011011111111111111011111111111100111111110111111101111011101111111111111001111100111111101111001111111111111101
11111011111111111011011111111111111011111111111100111111110111111101111011101111111111111001111100111111101111001111111111111101
11111111111111111011011111111111111011111111111100111111110111111101111011101111111111111011111110111111101111001111111111111101
11111111111111111011011111111111111011111111111100111111110111111101111011101111111111111011111110111111101111001111111111111101
11111111111111111011011111111111111011111111111100111111110111111101111011101111111111111011111110111111101111001111111111111101
11111111111111111011011111111111111011111111111100111111110111111101111011101111111111111011111110111111101111001111111111111101
11111111111111111011011111111111111011111111111100111111110111111001111011101111111111111011111110111111101111001111111111111101
11111111111111111011011111111111111011111111111100111111110111111001111011101111111111111011111110111111101111001111111111111101
11111111111111111011011111111111111011111111111100111111110111111001111011101111111111111011111110111111101111001111111111111101
11111111111111111001111111111111111011111111111100011111110111111001111011101111111111111011111110111111101111001111111111111101
10111111111111111000111111111111111011111111111100011111110111111001111011101111111111110011111110111111101111001111111111111100
10111111111111111000111111111111111011111111111110011111110111111001111011101111111111110011111110111111101111001111111111111100
10111111111111111000111111111111111011111111111110011111110111111001111011101111111111110011111110111111101111000111111111111100
10111111111011111000111111111111111011111111111110011111110111111001111011101111111111110011111110111111101111000111111111111100
10111111111011111000111111111111111011111111111110011111110111111001111011101111111111110011111110111111101111000111111111111100
10111111111011111000111111111111111011111111111110011111110111111001111011101111111111110011111110111111101111000111111111111100
10111111111011111000111111111111111011111111111110001111110111111001111001101111111111110011111110111111101111000111111111111100
10111111111011111000111111111111111111111111111110001111110111111001111001101111111111110011111110111111101111100111111111111100
10111111111011111100111111111111111111111111111110001111110111111001111001101111111111110011111110111111101111100111111111111100
10111111111011111100111111111111111111111111111110001111110111111001111001101111111111110011111110111111001111100111111111111100
10111111111011111100111111111111111111111111111110001111110111111001111001101111111111110011111110111111001111100111111111111100
10111111111111111100111110001111110111111100111111001111110111111001111001101111000111110011111110111111011111100011111001111100
10111111111111111100111110000111110111111000111111001111110111111001111001101111000111110001111110111111011111100011110000111100
10111111111111111100111110000111110111111000111111001111110111111001111101101111000111110001111110111111011111110011110000111100
10111111111111111100111110000111110111110000111111001111110111111001111101101111000111110001111110111111011111110011110000111110
10110111111111111100111110000111110111110000011111001111110111111001111101101110000111110001111110111111011111110011110000111110
10110111111111111100111110000111110111110000011111001111110111111001111101101110000111111001111110111111011111110011110000111110
10110111111111111100111110000111110111110000011111001111110111111100111101001110000011111001111110111111011111111011110000111111
10110111111111111100011110000111110111110000011111001111110111111100111101001110000011111001111110111111011111111011110000111111
10110111111111111100011110000111110111110000011111101111110111111100111101001110000011111001111110111111011111111011110000111111
10010111111111111100011110000111110111110000011111101111110111111100111100001110000011111001111110111111011111111011110000111111
10000111111111111100011110000111110111110000011111101111110111111100111100001110000011111001111110111111011111111011110000111111
10000111111111111100011110000111110111111000011111101111110111111100111100001110000011111001111110111111011111111011110000111111
10000111111111111100011110000111110111111000011111101111110111111100111100001111000111111101111110111111011111111011110000111111
10000111111111111000011110000111110111111000011111101111110111111100111100001111000111111101111110111111011111111011110000111111
11000111111111111010011110000111110111111000011111101111110111111100111100001111000111111101111110111111011111111011110000111111
11000111111111111010011110001111110111111000111111101111110111111110111100001111100111111101111110111111011111111011110000111111
11000111111111111010011110001111110111111000111111100111110111111110111100001111100111111101111110111111011111111011110000111111
11000111111111111010011111111111110111111111111111100111110111111110111100001111111111111101111110111111011111111011111000111111
11000111111111111011011111111111110111111111111111100111110111111110111100001111111111111101111110111111011111111011111111111111
11000111111111111011011111111111110111111111111111100111110111111110111100001111111111111101111110111111011111111011111111111111
11000111111111111011011111111111110111111111111111100111110111111110111110001111111111111101111110111111011111111011111111111111
11000111111111111111011111111111110111111111111111100111110111111110111110001111111111111101111110111111011111111011111111111111
11000111111111111111011111111111110111111111111111100111110111111110111110001111111111111101111110111111011111111011111111111111
11000111111111111111011111111111110111111111111111100111110111111110111110001111111111111101111110111111011111111011111111111111
11100111111111111111011111111111110111111111111111100111110111111110111110001111111111111101111110111111011111111011111111111111
11100111111111111111011111111111110111111111111111100111110111111110111110001111111111111101111110111111011111111011111111111111
11100111111111111111011111111111110111111111111111100111110111111110111110001111111111111101111110111111011111111011111111111111
11100111111111111111011111111111110111111111111111100111110111111110111110011111111111111100111110111111011111111011111111111111
11100111111111111111011111111111110111111111111111100111110111111110111110011111111111111100111110111111011111111011111111111111
11100111111111111111011111111111111111111111111111100111110111111110111111011111111111111100111110111111111111111011111111111111
11100111111111111111011111111111111111111111111111100111110111111110111111011111111111111100111110111111111111111011111111111111
11100111111111111111011111111111111111111111111111100111110111111110111111011111111111111100111110111111111111111011111111111111
11100111111111111111011111111111111111111111111111100111110111111110111111011111111111111110111110111111111111111011111111111111
11100111111111111111011111111111111111111111111111100111110111111110111111011111111111111110111110111111111111111011111111111111
11100111111111111111011111111111111111111111111111100111110111111110111111011111111111111110111110111111111111111011111111111111
11101111111111111111011111111111111111111111111111101111110111111110111111011111111111111110111110111111111111111011111111111111
11101111111111111111011111111111111111111111111111101111110111111110111111011111111111111110111110111111111111111011111111111111
11101111111111111111011111111111111111111111111111101111110111111110111111011111111111111100111110111111111111111011111111111111
11101111111111111111011111111111111111111111111111101111110111111110111111011111111111111100111110111111111111111011111111111111
11101111111111111111011111111111101111111111111111101111110111111110111111011111111111111100111110111110111111111011111111111111
11101111111111111111011111111111101111111111111111101111110111111110111111011111111111111100111110111110111111111011111111111111
11101111111111111111011111111111101111111111111111101111110111111110111111011111111111111100111110111110111111111011111111111111
11101111111111111111011111111111101111111111111111101111110111111110111111011111111111111101111110111110111111111011111111111111
11101111111111111111011111111111101111111111111111101111110111111110111111011111111111111101111110111110111111111011111111111111
11101111111111111111011111111111101111111111111111101111110111111110111111011111111111111101111110111110111111111011111111111111
11101111111111111111011111111111101111111111111111101111110111111110111110011111111111111101111110111110111111111011111111111111
11101111111111111011011111111111101111111111111111101111110111111110111110011111111111111101111110111110111111111011111111111111
11101111111111111011011111111111101111111111111111101111110111111110111110011111111111111101111110111110111111111011111111111111
11101111111111111011011111111111101111111111111111101111110111111110111110011111111111111101111110111110111111111011111111111111
11101111111111111011011111111111101111111111111111101111110111111110111110011111111111111101111110111110111111111011111111111111
11101111111111111011011111111111101111111111111111101111110111111110111110011111111111111101111110111110111111111011111111111111
11101111110111111011011111111111101111111111111111101111110111111110111110111111111111111101111110111110111111110011111111111111
11101111110111111011011111111111101111111111111111001111110111111110111110111111111111111101111110111110111111110011111111111111
11111111110111111011011111111111101111111111111111001111110111111110111110111111111111111101111110111110111111110011111111111111
11111111111111111011011111111111101111111111111111001111110111111110111110111111111111111101111110111110111111110011111111111111
11111111111111111011011111111111101111111111111111001111110111111100111110111111111111111001111110111110111111110011111111111110
11111111111111111011011111111111101111111111111111001111110111111100111110111111111111111001111110111110111111110011111111111110
11111111111111111001011111111111101111111111111111001111110111111100111110111111111111111001111110111110111111110011111111111110
11111111111111111001011111111111101111111111111110001111110111110100111110111111111111101001111110111110111111110011111111111110
11111111111111111001011111111111101111111111111110011111110111110100111110111111111111101001111110111110111111110011111111111110
11111111111111111000011111111111101111111111111110011111110111110000111110111111111111100001111110111110111111100111111111111110
11111111111111111000011111111111101111111111111110011111110111110000111110111111111111100001111110111110111111100111111111111110
11111111111111111000011111111111101111111111111110011111110111110001111110111111111111100001111110111110111111100111111111111110
11111111111111111000011111111111101111111111111110011111110111110001111110111111111111100001111110111110111111100111111111111110
11111111111111111000011111111111111111111111111110011111110111110001111110111111111111100001111110111110111111100111111111111100
11111111111111111000011111111111111111111111111110011111111111110001111111111111111111100001111110111110111111100111111111111100
11111111111111111000111111111111111111111111111110111111111111110001111111111111111111100011111110111110111111100111111111111100
11111111111111111000111111111111111111111111111110111111111111110001111111111111111111100011111110111110111111100111111111111100
11111111111111111100111111111111111111111111111110111111111111110001111111111111111111110011111110111111111111101111111111111100
11111111111111111100111111111111111111111111111111111111111111110011111111111111111111110011111110111111111111101111111111111100
11111111111111111100111111111111111111111111111111111111111111110011111111111111111111110011111110111111111111101111111111111100
11111111111111111100111111111111111111111111111111111111111111111011111111111111111111110111111111111111111111111111111111111111
11111111111111111100111111111111111111111111111111111111111111111011111111111111111111110111111111111111111111111111111111111111