11111111111111111111111111111111111111111111111111111111111111111111111101111111111111111111111111111111111111111111111111111111
11111111111111111111111111111111111111111111111111111111111111111111111101111111111111111111111111111111111111111111111111111111
11111111111111111111111111111110111100011110111111111000011111111100111100111100111101111111111111111111111111111111111111111111
11111111111111111111111111111110111100011110111111111000011111111100111100111100111101111111111111111111111111111111111111111111
11111111111111111111111111111110011100011110111111111000011111111100111100111100111101111111111111111101111000111101111111111111
11111111111111111111111111111110011100011110111111111000011111111100111100111100111101111111111111111101111000111101111111111111
11111111111111111111111111111110011100011100111111111000011111111100111100111100111100111111111101111101111000111001111111111111
11111111111111111111111111111100011100011100111111111000011111111100111100111100111100111111111101111101111000111001111111111101
11111111111111111111111111111100011100011100111111111000011111111100111100111100111100111111111101111101111000111001111111111101
11111111111111111111111111111100011100011100011111111000011111111100111100111100111100111111111101111000111000111000111111111101
11111111111111111111111111111100011100011100011111111000011111111100111100111100111100111111111101111000111000111000111111111101
11111111111111111111111111111100011100011100011111111000011111111100111000111000111100111111111101111000111000111000111111111101
11111111111111111111111111111100011100011100011111111000011111111101111001111000111100111111111101111000111000111010111111111101
11111110011111111101111111111100011100011100011111111011011111111101111011111011111010111111111101111010111011111010111111111101
10011110011100111101101111111100011100011100011111111011011111111101111011011011111010111111111101111010111011111010111111111101
10011110011100111101101111111101011111011101011111111111011111111111111011011011111010111111111101111010111011111010111111111101
10011110011100111101101111111101011111011101011111111111011111111111111011011011111010111111111101111010111011111010111111111101
10011110011100111101101111111101011111011101011111111111011111111111111011011011111011111111111111111010111011111110111111111101
10011110011100011101101111111101011111011101011111111111011111111111111011011011111011111111111111111010111011111110111111111101
10011110011100011101101111111101011111011101011111111111011111111111111011011011111011111111111111111010111011111110111111111101
10011110011100011101101111111101011111011101011111111111011111111111111011011011011011111111111111111010111011111110111111111101
10011110011100011101101111111101011111011101011111111111011111111111111011011011011011111111111011111010111011111110111111111101
10011110011100011101101111111101111111011101011111111111011111111111111011011011011011111111111011111011111011111110111111111101
10011110011100011101101111111101111111011101011111111111011111111111111011011011011011111111111011111011111011111110111111111101
10011110011100011101101111111101111111011101011111111111011111111111111011011011011011111111111011111011111011111110111111111101
10011111111101011101101111111101111111011101011111111111011111111111111011011011011011111111111011111011111011111110111111111111
10011111111101001101101111111101111111011101011111111111011111111111111011011011011011111111111011111011111011111110111111111011
11111111111101001101101111111111111111011101011111111111011111111111111011011011011011111111111011111011111111111111111111111011
11111111111101001101101111111111111111011101011111111111011111111111111011011011011011111111111011111011111111110111111111111011
11111111111101001101101111111111111111011101011111111111011111111111111011011011011011111111111011111011111111110111111111111011
11111101111101001101101111111111111111011101011111111111011111111111111011011011011011111111111011111011111111110111111111111011
11111101111101101101101111111111111111011101011111111111011111111111111011011011011011111111111011111011111111110111111111111011
11111101111101101101101111111111101111011101011111111111011111111111111011011011011011111111111011111011111111110111111111111011
11111101111101101101101111111111101111011101011111111111011111111111111011011011011011111111111011111010111111110111111111111011
11111101111101101101101111111111101111011101011111111111011111111111111011011011011011111111111011111010111111110111111111111011
11111101111101101101101111111111101111011101011111111111011111111111111011011011011011111111111011111010111111110111111111111011
11111101111101101101101111111111101111011101011111111111011111111111111011011011011011111111111011111010111111110111111111111011
11111101111101101101101111111111101111011101011111111111011111111111111011011011011011111111111011111010111011110111111111111011
11111101111101101101101111111111101111011101011111111111111111111111111011011011011011111111111111111010111011110111111111111011
11111101111101101100101111111111101111011101011111111111111111111111111011011011011011111111111111111010111111110111111111111011
11111101111101101100101111111111101111011101011111111111111111111111111011011011011010111111111111111010111111110111111111111011
11111101111101101100101111111111101111011101011111111111111111111111111011011011011010111111111111111010111111110111111111111011
11111101111101101100101111111111101111011101011111111111111111111111111011011011011010111111111111111010111011110111111111111011
11111101111101101100101111111111101111011101011111111111111111111111111011011011011010111111111111111010111011110111111111111011
11111101111101101100101111111111101111011101011111111110111111111111111011011011011110111111111111111010111011110111111111111011
11111101111101101100101111111111101111011101011111111110111111111101111011011011011110111111111111111010111011110111111111111011
11111101111101101100101111111111101111111101011111111110111111111101111011011011011110111111111111111110111011110111111111111011
11111101111101101100101111111111101111111101011111111110111111111101111011011011011100111111111111111110111001110111111111111011
11111101111101101100101111111111101111111101011111111110111111111101111011011011011100111111111111111110111001110111111111111011
11111101111101101100101111111111101111111101011111111110111111111100111011011011011100111111111111111110111001110111111111111011
11111111111101101100101111111111101111111101111111111110111111111100111011011011011100111111111111111110111001110111111111111011
11111111111101101100101111111111111110111101111111111110111111111100111011011011011100111111111111111101111001111110111111111001
11111111111101101100101111111111111110111101111111111110111111111100111011011011011100111111111111111101111001111110111111111001
11111111111101101100101111111111111110111101111111111110111111111100111011011011011100111111111111111101111001111110111111111001
11111110111101101100101111111101111110111101111111111110111111111100111011011011011100111111111111111101111001111110111111111001
11111110111101101100101111111101111110111101111111111110111111111110111011011011011100111111111111111101111101111110111111111001
11111110111101101100101111111101111110111100111100011110111100011110111011011011011100111000111111111101111101111110111111111001
11111110111101101100101111111101111110111100111100011110111100011110111011011011011100111000111111111101111111111110111111111001
11111110111101111100101111111101111110111100111100011110111000011110111011011011011100111000111111111101111110111110110000111001
11111110111101111100101111111101011110111100111000011110111000011110111011011011011100111000011111111101111110111110110000111001
11111110111101111100101111111101011110111100111000011110111000011111111011011011011100111000011111111101111110111110110000111011
11111110111100011100101111111101011110111100111000011110111000011111111011011011011100111000011111111101111110111110110000110010
11111110111100011100101111111101011110111100111000011110111000011111111011011011011100111000011111111101111110111110110000110110
11111110111100011100101111111101011110111100111000011110111000011111111011011010011100111000011111111001111110111110110000110110
11111110011100011100101111111101011110111100111000011111111000011111111011011010011000111000111111111010111110111110110000110110
11111110011100011100101111111101011110111101111000011111111000011111111011011010111100111000111111111010111110111110110000110110
11111110011100011100101111111100011110111101011000011111111000011111111011011000111000111000111111111010111110111000110000110110
11111110011100011100101111111100011110111101011000011111111000011111111011011100111010111000111111111010111110111000111010110110
11111110011100011100101111111100011110111101011000011111111000011111011011011100111010111000111111111010111110111000111010110110
11111110011100011100101111111100011110111101011000011111111000011111011011011100111010111100111111111010111110111000111011110110
11111111011100011100101111111100011110111101011111011111111111111111011011011100111010111111111111111010111110111000111111110110
11111111011100011100101111111100011110111101011111011111111111111111011011011100111010111111111111111010111110111000111111110110
11111111011101011100101111111100011111111101011111111111111111111111011011011100111010111111111111111010111110111100111111110110
11111111011101011100101111111100011111111101011111111101111111111111011011011100111010111111111111111010111110111100111111110110
11111111011101011100101111111110011111111101011111111101111111111111011011011100111011111111111111111010111110111100111111110110
11111111011101001100101111111110011111111101011111111101111111111111011011011100111011111111111111111010111110111100111111110110
11111111011101101101101111111110011111111111011111111101111111111111011011011100111011111111111111111011111110111110111111110110
11111111011101101101101111111110011111111111011111111101111111111111011011011100111011011111111111111111111110111110111111110110
11111111011101101101101111111110011111111111011111111101111111111111011011011100111011011111111111111111111110111110111111110110
11111111011101101101101111111111011111111111011111111101111111111111011011011110111011011111111111111111111110111110111111110110
11111111011101101101101111111111011111111111011111111101111111111111011011011110111011011111111111111111111110111110111111110110
11111111011101101101101111111111011111111111111111111101111111111111011011011110111011011111111111111111111110111111111111110110
11111111011101101101101111111111011111111011111111111101111111111111011011011110111011011111111111111111111110111111111111110110
11111111111101101101101111111111011111111011111111111101111111111111011011011110111011011111111111111111111110111111111111110110
11111111111101101101001111111111011111111011111111111101111111111111011011011110111011011111111111111111111110111111111111110110
11111111101101101101001111111111011111111011111111111101111111111111011011011110111011011111111111111111111110111111111111110110
11111111101101101101001111111111011111111011111111111101111111111111011011011110111011011111111111111111111110111111111111110110
11111111101101101101001111111111011111111011111111111101111111111111011011011110111011011111111111111111111110111111111111110110
11111111101101101101001111111111011111111011111111111101111111111111011011011110111011011111111111111111111110111111111111110110
11111111101101101101001111111111011111111011111111111101111111111111011011011110111011011111111111111111111110111111111111110110
11111111101101101101001111111111011111111011111111111101111111111111011011011110111011011111111111111111111110111111111111110110
11111111101101101101001111111111011111111011111111111101111111111111011011011110111011011111111111111111111110111111111111110110
11111111101101101101001111111111011101111011111111111101111111111111011011011110111011011111111111111111111110111101111111110110
11111111101101101101001111111111011101111011111111111101111111111111011011011110111011011111111111111111111110111101111111110110
11111111101101101101001111111111011101111011111111111101111111111111011011011110111011011111111111111111111110111101111111110110
11111111101101101101001111111111111101111011111111111101111111111111011011011110111011011111111111111111111110111101111111110110
11111111101101101101001111111111111101111011111111111101111111111111011011011110111011011111111111111111111110111101111111110110
11111111101101101101001111111111111101111011111111111101111111111111011011011110111011011111111111111111111110111101111111110110
11111111101101101101001111111111111101111011111111111101111111111111111011011110111011011111111111111111111110111101111111110110
11111111101101101101001111111111111101111011111111111101111111111111111011011110111011011111111111111111111110111101111111110110
11111111101101101101001111111111111101111011111111111101111111111111111011011111111011011111111111111111111110111101111111110110
11111101101101101101001111111110111101111011111111111101111111111111111011011111111011011111111111111111111110111101111111110110
11111101101101101101001111111110111101111011111111111101111111111111111011011111111011011111111111111111111110111101111111110110
11111101101101101101001111111110111101111011011111111101111111111111111011011101111011011111111111111111111110111101111111110110
11111101101101101101001111111110111101111011011111111101111111111110111011011101111011011111111111111110111110111101111111110110
11111101101101101101001111111110111101111111011111111101111111111110111011011101111011011111111111111110111110111101111111110110
11111101101101101101001111111110111101111111011111111101111111111110111011011101111011011111111111111110111110111101111111110110
11111101101101101101001111111110111101111111011111111101111111111110111011011101111011011111111111111110111111111101111111110110
11111101101101101101001111111110111101111111011111111101111111111110111011011101111011111111111111111110111101111101111111110110
11011101101101101101001111111110111101111101011111111101111111111110111011011101111010111111111111111010111101111101111111111110
11011101111101101101001111111110111101111101011111111101111111111110111011011101111010111111111111111010111101111101111111111110
10011101111101001101001111111110111101111101011111111101111111111110111011011101111010111111111111111010111101111101111111111110
10011111111101001101001111111110111101111101011111111101111111111110111011111101111010111111111111111010111101111111111111111110
10011111011100001101001111111110111101111101011111111101111111111100111010111101111010111111111111111010111101111011111111111010
10011111011100001101101111111110111101111101011111111101111111111100111010111101111010111111111111111010111101111011111111111010
10011110011100011101101111111110111101111100011111111101111111111000111000111101111000111111111111111010111101111011111111111001
10011110011100011101101111111110111101111100011111111101111111111000111000111101111000111111111111111010111001111011111111111001
10011110011100011101101111111110111101111100011111111101111111111001111100111101111000111111111111111010111001111011111111111001
10011110011100011101101111111110111101111100011111111101111111111001111100111101111000111111111111111000111001111011111111111001
10011110011100011101101111111111111101111100011111111101111111111001111100111101111000111111111111111000111001111011111111111001
10011110011100011101101111111111111101111100011111111101111111111001111100111101111000111111111111111000111001111011111111111001
10011110011100011101101111111111111101111100111111111101111111111001111100111111111100111111111111111101111011111011111111111001
10011110011100011101101111111101111101111100111111111101111111111001111100111111111100111111111111111101111011111011111111111001
10011110011100011101101111111101111101111100111111111101111111111001111100111111111100111111111111111101111011111011111111111001
11111110011111111101111111111101111111111100111111111101111111111011111110111111111101111111111111111101111111111011111111111101
11111110011111111101111111111101111111111100111111111101111111111011111110111111111101111111111111111101111111111011111111111101
11111111011111111111111111111111111111111110111111111111111111111011111111111111111111111111111111111111111111111111111111111111
11111111011111111111111111111111111111111110111111111111111111111011111111111111111111111111111111111111111111111111111111111111