11111111111111111111111111111111111111111111111111111110011111111100111110111111111100111111111111111101111000111111111111111111
11111111111111111111111111111111111111111111111111111110011111111100111110111111111100111111111111111101111000111111111111111111
11111111111111111111111111111111111110011110111111111100011111111100111100111111111000111111111110111001111000111101111111111111
11111111111111111111111111111111111110011110111111111100011111111100111100111111111000111111111110111001111000111101111111111111
11111111111111111111111111111110011110011110111111111100011111111100111100111111111000111111111110111000111000111001111111111111
11111111111111111111111111111110011110011110111111111100011111111100111100111111111000111111111110111000111000111001111111111111
11111111111111111111111111111110011100011110011111111100011111111100111100011111111000011111111110111000111000111001111111111111
11111111111111111111111111111110011100011110011111111100011111111100111100011111111000011111111110111000111000111001111111111111
11111111111111111111111111111110011100011110011111111100011111111100111100011110111000011111111110111000111000111001111111111111
11111111111111111111111111111110011100011100011111111100011111111100111100011110111000011111111110111000111000111001111111111111
11111111111111111111111111111100011100011100011111111100011111111100011100011111111000011111111110111000111000111001111111111101
10111111111111111111111111111100011100001100011111111100011111111100011100011111111000011111111100111000111000111001111111111101
10111111111111111111111111111100011100001100011111111100011111111100011100011111111000011111111100111000111000111001111111111101
10111110111111111111111111111100011100001100011111111100011111111100011100011111111000011111111100111000111000111000111111111001
10111110111111111111111111111100011100001100011111111100011111111100111100011111111000011111111100111000111000111000111111111001
10011110111110011111111111111100011100001100011111111100011111111100111000011101111000011111111100111000111000111000111111111001
10011110111110011111111111111100011100001100011111111100011111111100111000011101111100011111111100111000111000111000111111111001
10011110011100011101111111111100011100001100011111111100011111111100111000011101111100011111111100111000111000111000111111111001
10011110011100011101111111111100011110001100011111111110011111111100111000011101111100011111111100111000111000111000111111111001
10011110011100011101111111111100011110001100011111111110011111111101111001011101111100011111111100111000111000111000111111111001
10011110011100011101111111111100001110001100011111111110011111111101111001011101111100011111111100111000111000110000111111111001
10011110011100011101111111111101001111011100011111111110011111111101111001011101111110011111111101111000111000110000111111111001
10011110011100011101101111111101001111011100011111111110011111111101111001011101111110011111111101111000111000110000111111111001
10011110011100011101101111111101001111011101011111111111011111111101111011011101111110111111111101111010111100110000111111111001
10011110011100011101101111111101001111011101011111111111011111111101111011011101111110111111111101111010111100110000111111111001
10011110011100011101101111111101001111011101011111111111011111111101111011011101111110111111111101111010111100110000111111111011
10011110011100011101101111111101001111011101011111111111011111111101111011011101111110111111111101111010111100110000111111111011
10011100011100011101101111111101001111011101011111111111011111111101111011011101111110111111111101111010111100110000111111111011
10011100011100001101101111111101101111011101011111111111011111111101111011011101111110111111111101111010111100110000111111111011
10011100011100001101101111111101101111011101011111111111011111111101111011011101111110111111111101111010111100110010111111111011
10011100011100001101101111111101101111011101011111111111011111111101111011011101111110111111111101111010111100110010111111111011
10011100011100001101101111111101101111011101011111111111011111111101111011011101111110111111111101111010111100110010111111111011
10011100011100001101101111111101101111011101011111111111011111111101111011011101111110111111111101111010111100110010111111111011
10011100011100001100101111111101101111011101011111111111011111111101111011011101111110111111111101111010111100110010111111111011
10011100011101001100101111111101101111011101011111111111011111111101111011011101111110111111111101111010111100110010111111111011
10011100011101001100101111111101101111011101011111111111011111111101111011011101111110111111111001111010111100110010111111111011
10011100011101001100101111111101101111011101011111111111011111111101111011011101111110111111111001111010111100111010111111111011
10111100011101001100101111111101101111011101011111111111011111111101111011011101111110111111111001111000111100111000111111111011
10111100011101001100101111111101101111011101011111111110011111111101111011011101111100111111111001111000111100111000111111110011
10111101111101001100101111111101101111011101011111111110011111111101111011011101111100111111111001111000111100111000111111110011
10111101111101001100101111111101101111011101011111111110011111111100111011011101111100111111111000111000111100111000111111110011
10111101111101001100101111111101101111011101011111111110011111111100111011011101111100111111111000111000111100111000111111110011
10111101111101001100101111111101101111011100011111111110011111111100111011011101111100111111111000111000111100111000111111110011
10111101111101001100101111111101101111011100011111111110011111111100111011011101111100111111111000111000111100111000111111110011
10111101111101001100101111111101101111011100011111111110011111111100111011011101111100111111111000111000111100111000111111110011
10111101111101001100101111111101101111011100011111111110111111111100111011011101111100111111111000111000111100111000111111110011
10111101111101001100101111111101101110011100011111111110111111111100111011011101111100111111111000111000111100111000111111110011
10111101111101001100101111111101101110011100011111111110111111111100111011011101111100111111111000111000111100111000111111110001
10111101111101001100101111111101101110011100011111111110111111111100111011011101111100111111111000111000111100111000111111110001
10111101111101001100101111111101101110011100011111111110111111111100111011011101111100111111111000111000111100111000111111110001
10111101111101001100101111111101101110011100011111111110111111111100111011011101111100111111111000111000111100111000111111110001
10111101111101001100101111111101101110011100011111111110111100111100111011011101111100111100111000111000111100111000111111110001
10111101111101001100101111111101101110111100011111111110111100111100111011011101111100111100111000111000111100111000111111110001
10111100111101001100001111111101101110111100011100011110111100011100011011011101111100111000111000111000111100111000111001110001
10111100111101001100001111111101101110111100011100011110111100011100011011011101111100111000111000111000111100111000111001110001
10111110111101001100001111111101001110111100011100011110111100011100011011011101111100111000011000011000111100111000110000110001
10111110111100001100001111111101001110111100011100011110111100011100011011011100111100111000011000011000111100111000110000110001
10111110111100001100001111111101001110111100011100011110111100011110011011011100111100111000011000011000111100111000110000110001
10111110111100001100001111111101001110111100011100011110111100011110011011011100111100011000011000011000111100111000110000110001
10111110111100001100001111111101001110111100011100011110111100011110011011011100111100011000011000011000111100111000110000110001
10111110111100001100001111111101001110111100011100011110111100011110011011011000111100011000011000011000111100111000110000110000
10111110111100001100001111111101001110111100011100011110111100011110011011011000111110011000011000011000111100111000110000110000
10111110111100001100001111111100001110111100011100011110111100011110011011011000111110011000011000011000111100111000110000110000
10111110111100001100001111111100001110111100011100011110111100011110011011011000111110011000011000011000111100111000110000110000
10111110011100001100001111111100001110111100011100011110111100011111011011011000111110011000011010011000111100111000110000110000
10111110011100001100001111111100001110111100011100011110111100011111011011011000111110011000011010011000111100111000110000110000
10111110011100001100001111111100001110111100011100011110111100011111011011011000111110011000011010011000111100111000110000110000
10111110011100001100001111111100001110111100011100011110111100011111011011011000011110011000011010011000011100111000110000110000
10111110011100001100001111111100001110111100011100011110111100011111011011011000011110011000011010011000011100111000110000110000
10111110011100001100001111111100001110111100011100011100111100011111011011011000011110011000011010011000011100110000110000110000
10111110011100001100001111111100001110111100011100011100111100011111011011011000011111011000111011011000011110110000110000110100
10111110011100001100001111111100001110111100011100011100111100011111011011011000011111011000111011011000011110110000110000110100
10111110011100001100001111111100001110111100011101111100111100111111011011011000011111011101111011011000011110110000110000110100
10111110011100001100001111111110001110111101001111111100111111111111011011011000011111011111111011011010011110110000111000110100
10111110011100001100001111111110001110111101001111111100111111111111011011011000011111011111111011011010011110110000111000110100
10111111011101001100001111111110011110111101001111111100111111111111011011011000011111011111111011011010011110110000111111110100
10111111011101001100001111111110011110111101001111111100111111111111011011011000011111011111111011011010011110010000111111110100
10111111011101001100001111111110011110111101001111111101111111111111011011011000011111011111111011011010011110010010111111110110
10111111011101001100001111111110011110111101001111111101111111111111011011011000011111011111111011011010011110010010111111110110
10111111011101001100001111111110011110111101001111111101111111111111011011011000011111011111111011011010011110010010111111110110
10111111001101001100001111111110011110111101001111111101111111111111011011011000011111011111111011011010011110010010111111110110
10111111001101001100001111111110011110111101001111111101111111111111011011011000011111011111111011011010011110010010111111110110
10111111001101001100001111111110011110111101001111111101111111111111011011011000011111011111111011011010011110010010111111110110
10111111001101001101001111111110011110111101001111111101111111111111011011011000011111011111111011011010011110010010111111110110
10111111001101101101001111111110011110111101001111111101111111111111011011011000011111011111111011011010011110010010111111110110
10111111001101101101001111111110011110111101001111111101111111111111011011011000011111011111111011011010011110010010111111110110
10111111001101101101001111111110011110111101101111111101111111111111011011011000011111011111111011011010011110010010111111110110
10111111001101101101001111111110011110111101101111111101111111111111011011011000011111011111111011011010011110010010111111110110
10111111001101101101001111111110011110111101101111111101111111111111011011011000011111011111111011011010011110010010111111110110
10111111001101101101001111111110011110111001101111111101111111111111011001011000011111011111111011011010011110010010111111110110
10111111001101101101001111111110011111111001101111111101111111111111011001011000011111011111111011011010011110010010111111110110
10111111001101101101001111111110011111111001101111111101111111111111011001011100011111011111111011011010011110010010111111110110
10111111001101101101001111111110011111111001101111111101111111111111011001011100011111011111111011011010011110010010111111110110
10111111001101101101001111111110011111111101101111111101111111111111011001011100011111011111111011011010011110010010111111110110
10111111001101101101001111111110011111111101001111111101111111111111011001011100011111011111111011011010011110010010111111110110
10111111001101101101001111111110011111111101001111111101111111111111011001011110011111011111111011011010011110010010111111110110
10111111001101101101001111111110011111111101001111111101111111111111011001011110011111011111111011011010011110010010111111110110
10111111001101101101001111111110011111111101001111111101111111111111011001011110011111011111111011011010011110010010111111110110
10011101001101101101001111111110011111111101001111111101111111111110011001011110011111011111111000011000011110010010111111110100
10011101001101101101001111111110011111111101001111111101111111111110011001011110011111011111111000011000011110110010111111110100
10011101001101101101001111111110011111111101001111111101111111111110011001011110011110011111111000011000011110110000111111110000
10011101001101001101001111111110011111111101001111111101111111111110011001011110011110011111111000011000011110110000111111110000
10011101001101001101001111111110111111111101001111111101111111111110011101011110011110011111111000011000011110110000111111110000
10011100001101001101001111111110111111111101001111111101111111111110011100011110011110011111111000011000011000110000111111110000
10011100001101001101001111111110111111111101001111111101111111111110011100011110011110011111111000011000011000110000111111110000
10011100001101001101001111111110111111111100001111111101111111111100011100011110011100011111111000011000011000110000111111110000
10011100001101001101001111111110111111111100001111111101111111111100011100011110011100011111111000011000011000110000111111110000
10011100001100001101001111111110111111111100001111111101111111111100011100011110011000011111111000011000011000110000111111110000
10011100001100001101001111111110111111111100001111111101111111111100111100011111011000011111111000011000011000110000111111110000
10011100011100001101001111111110111111111100011111111101111111111100111100011111011000011111111000011000011000110000111111110000
10011100011100001101001111111110111111111100011111111101111111111100111100011111011000011111111000011000011000111000111111110000
10011110011100001101001111111110111111111100011111111101111111111100111100011111111000011111111100111000011000111000111111110000
10011110011100001101001111111110111111111100011111111101111111111100111100011111111000011111111100111000011000111000111111110000
10011110011100011101001111111110111111111100011111111101111111111100111100011111111000011111111100111000011000111000111111111000
10011110011100011101001111111110111111111100011111111101111111111100111100011111111000011111111100111000011000111000111111111000
10011110011100011101101111111110111111111100011111111111111111111100111100011111111000111111111100111000111000111000111111111001
10011110011100011101101111111110111111111100011111111111111111111100111100011111111000111111111100111000111000111000111111111001
10011110011100011111101111111110111111111100011111111111111111111100111100011111111100111111111100111000111000111000111111111001
10011110011100011111101111111110111111111100011111111111111111111100111100011111111100111111111100111000111000111000111111111001
10011110011100011111101111111110111111111100011111111111111111111100111100011111111100111111111100111000111000111000111111111001
10011110011100011111111111111111111111111100011111111111111111111101111100011111111100111111111101111100111001111000111111111001
10011110011100011111111111111111111111111100011111111111111111111101111100011111111100111111111101111100111001111000111111111001
10011110011100011111111111111111111111111110011111111111111111111101111110111111111101111111111111111100111001111100111111111001
10011110011100011111111111111111111111111110011111111111111111111101111110111111111101111111111111111100111001111100111111111001
11111110111100111111111111111111111111111110111111111111111111111111111111111111111101111111111111111100111001111101111111111101
11111110111100111111111111111111111111111110111111111111111111111111111111111111111101111111111111111100111001111101111111111101
11111111111111111111111111111111111111111111111111111111111111111111111111111111111111111111111111111111111101111101111111111111
11111111111111111111111111111111111111111111111111111111111111111111111111111111111111111111111111111111111101111101111111111111