11111111111111111111111111111111111111111111111111111111111111111111111111111111111111111111111111111110111111111111111111111111
11111111111111111111111111111111111111111111111111111111111111111111111111111111111111111111111111111110111111111111111111111111
11111111111111111111111111111111111111111111111111111111111111111111111111111111111111111111111011111100111111111111111111111111
11111111111011111111111111111111111111111111111111111111111111111111111111111111111111001111110011111000011110011111111111110011
11111111111011111111111111111111111111111111111111111111111111111111111111111111111111001111110011111000011110011111111111110011
11111111110001111111111111111111110111111111111100111111111111111111111111111111111111001111100011111000011110011111111111110001
11101111110001111111111111111111000111111111111000111111001111110111111111111111111111001111100011111000011100011111111111110001
11101111110001111111111111111111000111111111111000111111001111110111111111111111111111001111100011111000011100011111111111110001
11001111100001111101111111111111000011111111111000111111001111100111111101111111111111000111100001111000011100001111111111110001
11000111100001111100111111111111000011111111111000111110001111100111111101111111111111000111100001110000011100001111111111100001
11000111100001111100111111111111000011111111111000111110001111100111111101111111111111000111100001110000011100001111111111100001
11000111100001111000111111111111000011111111111000111110001111100011111101111111111111000111100001110000011100001111111111100001
11000111100001111000111111111111000011111111111000111110001111100011111101111111111110000111100001110000011100001111111111100001
11000111100001111000111111111111000011111111111000111110001111100011111101111111111110000111100001110000011100001111111111100001
11000111100001111000111111111111000011111111111000111110001111000011111101111111111110000111100001110000011100001111111111100001
11000111100001111000111111111111000011111111111000111110001111000011111001111111111110000111100001110000011100001111111111100001
11000111100001111000111111111111000011111111111000111110001111000011111001111111111110000111100001110000011100001111111111100001
11000111100001111000111111111111000011111111111000111100000111000011111001111111111110000111100001110000011100001111111111100001
10000111100001111000111111111111000011111111111000111100000111000011111001111111111110000111100001110000011100001111111111100001
10000111100001111000111111111111000011111111111000111100000111000011111001111111111110000111100001111000011100001111111111100001
10000111100001111000111111111111000011111111111000111100100111000011111001111111111110000111100001111000011100001111111111100001
10000011100001111000111111111111000011111111111000111100100111000011111001111111111110000111100001111000011100001111111111100001
10000011110001111000111111111111100011111111111000111100100111000011111001111111111110000111100001111000011100001111111111100001
10010011111001111000111111111111100011111111111001111100100111000011111001111111111110000111100001111100011100001111111111100001
10010011111001110000011111111111100011111111111001111100100111000011111001111111111111000111100001111100011100001111111111100001
10010011111001110000011111111111100011111111111001111100100111001011111001111111111111100111100001111100011100001111111111100001
10010011111001110000011111111111100011111111111001111100100111011001111001111111111111100111100001111100011101001111111111100001
10010011111001110000011111111111100011111111111001111100100111011001111001111111111111100111100001111100011101001111111111100001
10010011111001110000011111111111110011111111111001111101110111011001111001111111111111100111110001111100011111001111111111100011
10110011111001110010011111111111110011111111111001111101110111011001111001111111111111110011110001111100011111001111111111100011
10110011111001110010011111111111110011111111111001111101110111011001110001111111111111110011110001111100011111001111111111100011
10110011111001110010011111111111110011111111111001111101110111011001110001111111111111110011110001111100011111001111111111100011
10110011111001110010011111111111110011111111111001111101110111011001110001111111111111110011110001111100011111100111111111100011
10110011111001110010011111111111110011111111111001111101110110011001110001111111111111110011110001111100011111100111111111100011
10110011111001110010011111111111110011111111111001111101110110011001110001111111111111110011110001111100011111100111111111100011
10111011111001110010011111111111110111111111111001111101110110011001110001111111111111110011110011111100011111100111111111100011
10111011111001110010011111111111110111111111111001111101110110011001110001111111111111110011110011111100011111100111111111100011
10111011111001110010011111111111110111111111111001111101110110011001110001111111111111110011110011111100011111100111111111100011
10111011111001110010011111111111110111111111111001111101110110011001110001111111111111110011110011111100011111100111111111100011
10111011111001110010011111111111110111111111111001111101110110011001110001111111111111110011110011111100011111100111111111100011
10111011111001110010011111111111110111111111111001111101110110011001110001111111111111110011110011111100111111100111111111100011
10111011111011110010011111111111110111111111111001111101110110011001110001111111111111110011110011111100111111100111111111100011
10111011111011110000011111111111110111111111111001111101110110011001110001111111111111110011110011111100111111000111111111100011
10111011111011110000011111111111110111111111111001111101110110011001110001111111111111110011110011111100111111000111111111100011
10111011111011110000011111111111110111111111111001111101110110011001110001111111111111100011110011111100111111000111111111100001
10111011111011110000011111111111110111111111111001111101110110011001110001111111111111100011110011111100111111000111111111100001
10111011111011110000011111111111110111111111111001111101110110011001110001111111111111100011110011111100111111001111111111100001
10111011111011110000111111111111100111111111111000111101110110011001110001111111111111100011110011111100111111001111111111100001
10111011111011110000111111111111100111111111111000111101110110011001110001111111111111100011110011111100111111001111111111100001
10111011111011110000111111111111100111111111111000111101110110011001110001111111111111100011110011111100111111001111111111100001
10111011111011110000111111111111100111111111111000111101110110011001110001111111111111100011110011111100111111001111111111100001
10110011111011110000111111111111100111111111111000111101110110011001110001111100011111100011110011111100111111001111000111100001
10110011111011110000111111111111100111111111111000111101110110011001110001111100011111100011110011111100111111001111000111100001
10110011111011110000111111111111100111111011111000111101110110011001110000111100011111100111110011111100111111001111000111100001
10110011110011110000111110011111100111110001111000111101110110011001110000111100011111100111110001111100111111001111000011100001
10110011110011110000111110011111101111110001111000111101110110011001100000111100011111100111110001111100111111001111000011100001
10110011110011110000111100011111101111110001111000111101110111011001100000111100011111100111110001111100111111001111000011100001
10110011110011110000111100001111101111100001111000111101110111011001100000111000011111100111110001111100111111001110000011100001
10110011110011110000111100001111101111100001111000111101110111011001100000111000011111100111110001111100111111001110000011100001
10010011110011110000111100001111101111100001111000011101110111011001100000111000001111100111110001111100111110001110000011110001
10010011110011110000111100001111101111100001111000011101110111000001100000111000001111000111110001111100111110001110000011110001
10010011110011110000111100001111101111100001111100011101110111000001100000111000001111000111110001111101111110001110000011110001
10000011110111110000111100001111101111100001111100011101110111000001100000111000001111000111110001111101111110001110000011110001
10000011110111110000111100001111101111100001111100011101110111000001100000111000001111000111110001111101111110001110000011110000
10000011110111110000111100001111101111100001111100011101110111000001100000111000001111000111110001111001111110001110000011110000
10000011110111110000111100001111101111100001111110011101110111000001100000111000001111000111110001111001111110001110000011110000
10000011110111110000111100001111101111100001111110011101110111000001100100111000001111000111110001111001111110001110000011111000
10000011110111110000111100001111101111100001111110011101110111000001100100111000001111000111110001111001111110001110000011111000
11000011110111110000111100001111101111100001111110011101110111000011100100111000001111000111110001111001111110001110000011111000
11000011110111110000011100001111001111100001111110011101110111000011100110111000001111000111111001111001111110001110000011111100
11000011110111110000011100001111001111100001111110011101110111000011100110111000001111000111111001111001111110001110000011111100
11000011110111110000011100001111001111110001111110011101110111000011100110111000001111001111111001111001111110011110000011111100
11000011110111110010011100001111001111110001111110011101110111000011100110111000001111001111111001111001111110011111000011111100
11000011110111110010011100001111001111110001111110011101110111000011100110011000001110001111111001111001111100011111000011111100
11000011110111110010011111111111001111111111111110011101110111000011100110011000011110001111111001111001111100011111000011111100
11000011110111110010011111111111001111111111111110011101110111100011100110011101111110001111111001111001111100011111000111111100
11000011110111110010011111111111001111111111111110011101110111100011100110011101111110001111111001111001111100011111000111111100
11000111110111110010011111111111001111111111111110011101110111100011100110011111111110001111111101111001111100011111111111111100
11000111110111110010011111111111001111111111111110011101110111100011100110011111111110001111111101111001111100011111111111111100
11000111110111110010011111111111001111111111111110011101110111100011100110011111111110001111111101111001111100011111111111111100
11000111110111110010011111111111001111111111111110011101110111100011100110011111111110001111111101111001111100011111111111111100
11100111110111110010011111111111011111111111111110011101110111100011100110011111111110001111111101111001111100011111111111111100
11100111110111110010011111111111011111111111111110011101110111100011100110011111111110001111111101111001111100011111111111111100
11100111110111110010011111111111011111111111111110011101110111100011100110011111111110001111111101111001111100011111111111111100
11100111110111110010011111111111011111111111111110011101110111100011100110011111111110011111111101111001111100111111111111111100
11100111110111110010011111111111011111111111111110011101110111100011100110011111111110011111111101111001111100111111111111111100
11100111110111110111011111111111011111111111111110011101110111100011100110011111111110011111111101111001111100111111111111111100
11100111110111110111011111111111011111111111111110011101110111100011100110011111111110011111111101111001111100111111111111111100
11100111110111110111011111111111011111111111111110011101110111100011100110011111111110011111111101111001111100111111111111111100
11100111110111110111011111111111011111111111111110011101110111100011100110011111111110011111111101111001111100111111111111111100
11100111100111110111011111111111011111111111111110011101110111100011100110011111111110011111111101111001111100111111111111111100
11100111100111110111011111111111011111111111111110011101110111100011100110011111111110011111111101111001111100111111111111111100
11100111100111110111011111111111011111111111111110011101110111110011100110011111111110011111111101111001111100111111111111111100
11100111100111110111011111111111011111111111111110011101110111110111100110011111111110011111111101111001111100111111111111111100
11100111100111110111011111111111011111111111111110011101110111110111100110011111111110011111111001111001111100111111111111111100
11100111100111110111011111111111011111111111111110011101110111110111100110011111111110011111111001111001111100111111111111111100
11101111100111110110011111111111011111111111111110011100110111100111100110011111111110011111111001111001111100111111111111111100
11101111100111110110011111111111011111111111111110011100100111100111100110011111111110011111111001111001111100111111111111111000
11101111100111110110011111111111011111111111111110011100100111100111100110111111111110011111111001111011111100111111111111111000
11101111100111110010011111111111011111111111111110011100100111100111100110111111111110011111111001111011111100111111111111111000
11101111100111110010011111111111011111111111111110011100100111100111100110111111111110001111111001111011111100011111111111111000
11101111100111110010011111111111011111111111111110011100100111100111110110111111111110001111111001111011111100011111111111111000
11101111101111110010011111111111011111111111111100111100100111100111110100111111111110001111111001111011111100011111111111111000
11101111101111110010011111111111011111111111111100111100100111100111110000111111111110000111100001111011111100001111111111110000
11101111101111110010011111111111011111111111111100111100100111100111110000111111111110000111100001111011111100001111111111110000
11101111111111110010011111111111011111111111111100111100100111100111110000111111111110000111100001111011111100001111111111110001
11101111111111110010011111111111011111111111111100111100000111100111110000111111111110000111100001111011111100001111111111110001
11101111111111110010011111111111011111111111111100111100000111100111110000111111111110000111100001111011111100001111111111110001
11101111111111110010011111111111011111111111111100111100000111100111110000111111111110000111000001111011111100001111111111110001
11101111111111110000011111111111011111111111111100111100000111100111110000111111111110000111000001111011111100001111111111110001
11101111111111110000011111111111011111111111111100111100000111101111110000111111111110000111000001111011111100001111111111110001
11101111111111110000011111111111011111111111111000111100000111101111110000111111111110000111000001111011111100001111111111110001
11101111111111110000011111111111011111111111111000111100000111101111110000111111111110000111000001111011111100001111111111110001
11111111111111111000011111111111011111111111111000111100000111101111110000111111111110000111000001111011111100001111111111110001
11111111111111111000111111111111111111111111111000111110001111101111110000111111111110000111000001111011111100001111111111110001
11111111111111111000111111111111111111111111111000111110001111101111110000111111111110000111000001111011111100001111111111110001
11111111111111111000111111111111111111111111111001111110001111101111110001111111111110000111000011111011111100001111111111110001
11111111111111111000111111111111111111111111111001111110001111101111110001111111111110000111100011111011111100001111111111110011
11111111111111111000111111111111111111111111111001111110001111101111110001111111111110000111100011111011111100001111111111110011
11111111111111111000111111111111111111111111111001111110001111111111110001111111111110000111100011111011111100001111111111110011
11111111111111111000111111111111111111111111111001111110001111111111111001111111111110000111100011111111111100001111111111110011
11111111111111111000111111111111111111111111111001111110001111111111111001111111111110000111100011111111111100001111111111110011
11111111111111111101111111111111111111111111111111111110001111111111111011111111111110000111100011111111111100001111111111110111
11111111111111111101111111111111111111111111111111111111011111111111111111111111111111000111100011111111111100001111111111110111
11111111111111111101111111111111111111111111111111111111011111111111111111111111111111000111100011111111111100001111111111110111
11111111111111111111111111111111111111111111111111111111111111111111111111111111111111000111100111111111111110001111111111111111
11111111111111111111111111111111111111111111111111111111111111111111111111111111111111111111110111111111111111011111111111111111
11111111111111111111111111111111111111111111111111111111111111111111111111111111111111111111110111111111111111011111111111111111