11111111111111111111111111111111111111111111111111111111111111111110011110111111111111111111110011110011111111111011111111111011
11111111111111111111111111111111111111111111111111111111111111111110011110111111111111111111110011110011111111111011111111111011
11111111111111111111111111111111111111111111111111111111001111111100011100111111111111111111110011110011111101110001111111111011
11111111111111111111111111111111111111111111111111111111001111111100011100111111111111111111110011110011111101110001111111111011
11111111111111111111111111111111111111101111111111111110001111111100011100011110111111110011110011110001111101110001111111111011
11111111111111111111111111111111111111101111111111111110001111111100011100011110111111110011110001110001111101110001111111110011
11111111111111111111111111111111111111101111111111111110001111111100011100011110111111110011110001110001111101110001111111110011
11111111111111111111111111111111111111001110011111111110001111111100011100011110111111110001110001110001111101110001111111110001
11111111111111111111111111111111111111001110011111111110001111111100011100011110111111110001100001110001111101110001111111110001
11111111111111111111111111111111111111001110011111111110001111111100011000011110111111110001100001110001111101110001111111110001
10011111111111111111111111111111111110001110011111111100001111111100011000011110111111110001100001110001111001110001111111110001
10011111111111011111111111111111011110001110011111111100001111111100011000011110111111110001100001110001111001110001111111110001
10011111111111011111111111111111011110001110011111111100001111111100011000011110111111110001100001110001111001110001111111110001
10011111111111001111111111111110011110000110001111111100001111111100011000011110111111100001100001110001111001110001111111110001
10011111001110001111111111111110011110000110001111111100001111111100011000011110011111100001100001110001111001110000111111110001
10011111001110001111111111111110011110000110001111111100001111111100011000011110011111100001100001110001111001110000111111110001
10011111001110000111111111111110011110000110001111111100001111111100011000011110011111100001100001110001111001110000111111110001
10011111001110000111011111111110011110000110001111111100001111111100011000011110011111100001100001110000111001100000111111110001
10011111001110000111011111111110011110000110001111111110001111111100011001011110011111100001100001110000111001100000111111110001
10011111001110000111011111111110011110000110001111111110001111111100011001011110011111100001100001110000111001100000111111110000
10011111001110000111011011111110001110000100001111111110001111111100011001011100011111100001100001110000111001100000111111110000
10011111001110000111011011111110001111000100001111111111001111111100011011011100011111110001100001110000111001100000111111110000
10011111001110000110011011111110001111000100101111111111001111111100011011011100011111111001100001110000111001100000111111110000
10011110001110000110011011111100001111000100101111111111001111111100011011011100011111111001100001110000111001100000111111110000
10011110001110000110011011111100001111000100101111111111001111111110011011011100011111111101100001110000111001100000111111110000
10011110001110000110011011111101101111000100101111111111001111111110011011011100011111111101111101111100111001100100111111110100
10011110001110000110011011111101101111000100101111111111001111111110011011011100011111111101111101111100111001100100111111110100
10011110001110000110011011111101101111000100101111111111001111111110011011011100011111111101111101111100111001100100111111111100
10011110001110000110011011111101101111001100101111111111001111111110011011011100011111111101111101111100111001100100111111111100
10011110001110000110011011111101101111001100101111111111001111111110011011011100011111111100111100111100111001100100111111111100
10011110001110000110011011111101101111001100101111111111001111111110011011011100011111111100111100111100111001100100111111111100
10011110001110000110011011111101101111101100101111111111001111111110011011001110011111111100111100111100111001100110111111111100
10011110001110000010011011111101101111101100101111111111001111111110011011001110011111111100111100111100111001100110111111111100
10011110001110000010011011111101101111101100101111111111001111111110011011001110011111111100111100111100111001100110111111111100
10011110001110010010011011111101101111101100101111111111001111111110011011001110011111111100111100111100111001100110111111111100
10011110001110010010011011111101101111101100101111111111001111111110011011001110011111111100111100111100111001100110111111111100
10011110001110010010011011111101101111101100101111111111001111111110011011001110011111111100111100111100111001100110111111111100
10011110001110010010001011111101101111101100101111111111001111111110011011101110011111111100111100111100111001100110111111111100
10011110001110010010001011111101101111101100101111111111001111111110011011101110011111111100111100111100111001100110111111111100
10011110001110010010001011111101101111101100101111111111001111111110011011101110011111111100111100111100111001100110111111111100
10011110011110010010001011111101101111101100101111111111001111111110011011101110011111111100111100111100111001100110111111111100
10011110011110010010001011111101101111001100101111111111001111111110011011101110011111111100111100111100111001100110111111111100
10011110011110010010001011111101101111001100101111111111011111111110011011101110011111111100111100111100111001100110111111111100
10011110111110010010000011111101101111001100101111111111011111111110011011101110011111111100111100111100111101100110111111111100
10011110111110010010000011111101101111001100001111111111011111111110011011101110011111111100111100111100111101100110111111111100
10011110111110010010000011111101101111001100001111111111011111111110011011101110011111111100111100111100111101100110111111111100
10011110111110010010000011111101101111001110001111111111011111111110011011101110011111111100111001111100111101100110111111111100
10011110111110010010000011111101101111001110001111111111011111111110011011101110011111111100111001111100111101100110111111111100
10011110111110010010000011111101101111001110001111111111011111111110011011101110011111111100111001111100111101100110111111111100
10011110111110010010000011111101101111011110001111111111011111111110011011101110011111111101111001111100111101100110111111111100
10011110111110010010000011111101101111011110001111111111011111111110011011101110011101111001111001111100111101100110111001111100
10011110111110010010000011111101101111011110001111111111011111111110011011101110011101111001111001111100111101100110111001111100
10011110011110010010000011111101101111011110001111111111011111111110011011101110011000111001111001111000111101100110110001111100
10011110011110010010000011111101101111011110001111111111011110111110011011101110011000111001111001111000111101100110110001111100
11011110011110010010000011111101101111011110001111111111011110111110011011101110011000111001111001111000111101100110110001111100
11011110011110000010000011111101101111011110001111011110011110011110011011101110011000111001111001111000111101100110110000111000
11011110011110000010000011111101101111011110001111011110011100011110011011101110011000111001111001111000111101100110110000111000
11011110011110000010000011111101101111011110001111011110011100011110011011101110011000111001111001111001111101100110110000111000
11011110011110000010000011111101101111011110001111001110011100011110011011101110011000111001111001111001111101100110110000111001
11011110011110000010000011111101101111011110001111001110011100011110011011101110011000111001111001111001111100100110110000111001
11011110011110000010000011111101101111011110001111001110011100011110011011101110011000111001111001111001111100100110110000111001
11011110011110000010000011111101001111011110001111001110011100011110011011101110011000111001110001111001111100100110110000111001
11011110011110000010000011111100001111011110001111001110011100011110011011101110011000111001110001111001111100100110110000111001
11011110011110000010000011111100001111011110001111001110011100011110011011101110011000111001110001111001111100100110110000111001
11011110001110000010000011111100001111011110001111001110111110011111011011101110011110111001110001111001111100100110110000111001
11011110001110000010000011111100001111011110001111001110111110011111011011101110011110111001110001110001111100100110110000111001
11011111001110000010000011111100001111011110001111001110111111111111011011101110011111111001110001110001111100100110110001111001
11011111001110000010000011111110001110011110001111011110111111111111011011101110011111110001110001110001111100100110110001111001
11011111001110000010000011111110001110011110001111011110111111111111011011101110011111110001110001110001111100100110110001111001
11011111001110000010000011111110001110011110001111111110111111111111011011101110011111110011110011110001111100100110111001111001
11011111001110000010000011111110001110011110001111111110111111111111011011101111011111110011110011110001111100100110111111111001
11011111001110000010000011111110001110011110001111111110111111111111011011101111011111110011110011110001111100100110111111111001
11011111001110000010000011111110001110011110101111111110111111111111011011101111011111110011110011110001111100100110111111111001
11011111001110000010000011111110001110011110101111111110111111111111011011101111011111110011110011110001111100100110111111110001
10011111001110000010000011111110001110011100101111111110111111111111011011101111011111110011110011110001111100100110111111110001
10011111001110000010000011111110001110011100101111111110111111111111011011101111011111110011110011110011111100100110111111110001
10011111000110010010000011111110001110011100100111111110111111111111001011101111011111110011110011110011111100100110111111110011
10011111000110010010000011111110001110011100100111111110111111111111001011101111011111110011110011110011111100100110111111110011
10011111000110010010000011111110001110011100100111111110111111111111001011101111011111110011110011110011111100100110111111110011
10011111100110010010000011111110001110011100100111111110111111111111001011101111011111110011100011110011111100100110111111110011
10011111100110010010000011111110001110011100100111111110111111111111001011101111011111110011100011110011111100100110111111110011
10011111100110110010000011111110001110111101100111111110111111111111001011101111011111110111100011110011111100100110111111110011
10011111100110110010000011111110001110111101100111111110111111111111001011101111011111110111100011110011111100100110111111110011
10011111100110110010000011111110001110111101100111111110111111111111001011101111011111110111100011110011111100100110111111110011
10011111100110110010000011111111001110111101100111111110111111111111001011101111011111110111100011110011111100100110111111110011
10011111100110110010000011111111001110111101100111111110111111111111001011101111011111110111100011110011111100100110111111110011
10011111100110110010000011111111001110111101100111111110111111111111001011101111011111100111100011110011111100100110111111110011
10011111100110110010010011111111001110111101100111111110111111111111001011101111011111100111100011110011111100100110111111110011
10011111100110110010010011111111001110111101100111111110111111111111001011101111011111100111100011110011111100100110111111110011
10011111100110110010010011111111001110111101100111111110111111111111001011101111011111100111100011110011111100100110111111110011
10011111100110110010010011111111001110111101100111111110111111111111001011101111011111100111100011110011111100100110111111110011
10011111100110110010010011111111001110111101100111111110111111111111011011001111011111100111100011110011111100100110111111110011
10011111100110110010010011111111001110111101100111111110111111111111011011001111011111100111100011100011111100100110111111110011
10011111100110110010010011111111011110111101100111111110111111111111011011001111011111100111100011100011111100100110111111110011
10011111100110110010010011111111011110111101100111111110111111111111011011001111011111100111100011100011111100110110111111110011
10011111100110110010010011111111011110111100100111111110111111111111011011001111011111100111100011100011111100110110111111110011
10011111100110110010010011111111011110111100100111111110111111111111011011001111011111100111100011100011111100110110111111110011
10011111100110110010010011111111011110111100100111111110111111111111011011001111011111100111100011100011111100110110111111110011
10011110100110010010010011111111011110111100100111111110111111111111011001001111011111100111100011100011111100110110111111110011
10011110100110010010010011111111011110111100100111111110111111111111011001001111011111100111100011100011111101110110111111110011
10011110100110010010110011111111011110111100100111111110111111111111011001011111011111100111100001100001111101110000111111110011
10011110100110010010110011111111011110111100100111111110111111111110011001011111011111100111100001100001111101110000111111110001
10011110100110010010110011111111011110111100100111111110111111111110011001011111011111100111100001100001111101110000111111110001
10011110000110010010110011111111011110111100101111111110111111111110011001011111011111100101100001100001111101110000111111110001
10011110000110010010110011111111011110111100101111111110111111111100011000011111011111100001100001100001111101110000111111110000
10011110000110010010110011111111011110111100101111111110111111111100011000011111011111100001100001100001111101110000111111110000
10011110000110010010110011111111011110111100101111111110111111111100011000011111011111100001100001100000111101110000111111110000
10011110000110000010110011111111011110111100101111111110111111111100011000011111011111100001100001100000111101110000111111110000
10011110000110000110110011111111011110111100101111111110111111111100011100011111011111100001100001100000111101110000111111110000
10011110000110000111111011111111011110111100001111111111111111111100011100011111011111100001100001100000111101110000111111110000
10011110000110000111111011111111011110111110001111111111111111111100011100011111011111100001100001110000111101110000111111110000
10011110000110000111111011111111111110111110001111111111111111111100011100011111011111100001100001110000111101110000111111110000
10011110000110000111111011111111111111111110001111111111111111111100011100011111111111100001100001110000111101110000111111110000
10011110000110000111111011111111111111111110001111111111111111111100011100011111111111100001100001110000111101110000111111110000
10011110000110000111111011111111111111111110001111111111111111111100011100011111111111100001100001110000111101110000111111110000
10011110001110000111111111111111111111111110001111111111111111111100111100011111111111100001100001110000111101110000111111110000
10011110001110000111111111111111111111111110001111111111111111111100111100011111111111100001100001110000111101110000111111110000
10011110001110000111111111111111111111111110001111111111111111111100111100011111111111110001100001110000111101110000111111110000
10011110001110000111111111111111111111111110001111111111111111111100111100011111111111110001100001110000111111110000111111110000
10011110001110000111111111111111111111111110001111111111111111111100111100011111111111110001100001110000111111110000111111110000
10011111001110001111111111111111111111111111011111111111111111111100111100011111111111110001100001110000111111110000111111110000
10011111001111001111111111111111111111111111111111111111111111111111111110111111111111110001100001110000111111111001111111110000
10011111001111001111111111111111111111111111111111111111111111111111111110111111111111110001100001110000111111111001111111110000
10011111001111001111111111111111111111111111111111111111111111111111111111111111111111110101110001110000111111111001111111110000
10011111001111011111111111111111111111111111111111111111111111111111111111111111111111111101110001110001111111111001111111110011
10011111001111011111111111111111111111111111111111111111111111111111111111111111111111111101110001110001111111111001111111111011
11111111111111111111111111111111111111111111111111111111111111111111111111111111111111111111111111110111111111111011111111111111
11111111111111111111111111111111111111111111111111111111111111111111111111111111111111111111111111110111111111111011111111111111