11111111111111111111111111111111111111111111111111111111111111111111111111111111111111111111111111111111111111111111111111111111
11111111111111111111111111111111111111111111111111111111111111111111111111111111111111111111111111111111111111111111111111111111
11111111111111111111111111111111111111111111111111111111111111111111111111111111111111111111111111111111111111111111111111111111
11111111111111111111111111111111111111111111111111111111111111111111111111111111111111111111111111111111111111111111111111111111
11111111111111111111111111111111111111111111111111111111111111111111111111111111111111111111111111111111111111111111111111101111
11111111111111111111111111111111111111111111111111111111111111110111111111111111100111111111111111101111101111011111111111101111
11111111111111111111111111111111111111111111111111111111111111110111111111111111100111111111111111101111101111011111111111101111
11111111111111111111111111111111111111111111111111110111111111110111111111111111100111111111101111101111101111001111111111101111
11111111111111111111111111111011111011111111111111110011111111100011111111111111100111101111101111101111101111001111111111101111
11111111111111111111111111111011111011111111111111110011111111100011111111111111100111101111101111101111101111001111111111101111
11111111111111111111111111111011110011110011111111110001111111100011111111111111100111101111101111101111101111001111111111101111
11111111111111111111111111111011110001110011111111110011111111100111111111111111100111101111101111101111101111001111111111101111
11111111111111111111111111111011110001110011111111110011111111100111111111111111000111101111101111101111101111001111111111101111
11111111111111111111111111111011110001110011111111100011111111100111111111111111000111101111101111101111101111001111111111101111
11111111111111111111111111111011110001110011111111100011111111100111111111111111000111101111101111101111101111001111111111101111
11111111111111111111111111111011110001110011111111100011111111100011111111111111000111101111101111101111001111001111111111101111
11111111111111111111111111111001110001110011111111100001111111100011111111111111000111101111101111101111001111001111111111101111
11111111111111111111111111111001110001110011111111100001111111100011111111111111000111101111101111101111001111001111111111101111
11111111111111111111111111110001110001110011111111100001111111100011111111111111000111101111101111101111001111001111111111011111
11111110111111111111111111110001110001110011111111100001111111100011111111111111000011101111101111101111001110000111111111011111
11111110111111111111111111110001111001110011111111111011111111101011111111111111011011101111101111101111001110000111111111011111
11011110111110111111111111110001111001110011111111111011111111101011111111111111011011101111101111101111001110000111111111011111
11011110111110111111111111110001111101110011111111111011111111101011111111111111011011101111101111101111001110000111111111011111
11011110111100111111111111110001111101110101111111111011111111101011111111111111011011101111101111101111001110010111111111011111
10011110111100011111011111110001111101110101111111111011111111101011111111111111011011101111101111101111001110010111111111011111
10011110111100011111011111110111111101110101111111111011111111111011111111111111011011101111101111101111001110010111111111011111
10011110111100011111111111110111111101110101111111111011111111111011101111111111011011101111101111111111001110110111111111011111
10011110111100011011111111110111111101110101111111111011111111111011101111111111011011101111101111111111001110110111111111011111
10011110111100011111111111110111111101111101111111111011111111111011101111111111011011101111101111111111001110110111111111011111
10011100111100011011111111110111111101111101111111111011111111111011101111111111011011101111101111111111001110110111111111011111
10011100111100011111111111110111111101111101111111111011111111111011101111111111011011101111101111111111001110110111111111011111
10011100111100011101111111110111111101111101111111111011111111111011101111111111011011101111111111111111001110110111111111011111
10011100111100011101111111110111111101111101111111111011111111111011101111111111011011101111111111111111001110110111111111011111
10011100111100011101111111110111111101111101111111111011111111111011101111111111011011101111111111111111001110110111111111011111
10111100111101011101111111110111111101111101111111111011111111111111101111111111011011101111111111111111001110110111111111011111
10111100111101011001111111110111111101111101111111111011111111111111101111111111011011101111111111111111001110110111111111011111
10111100111101111101111111110111111101111101111111111011111111111111101111111111011011111111111111111111101110110111111111011111
10111101111101111101111111111111111101111101111111111011111111111111101111111111011011111111111111011111101110110111111111011111
10111101111101011001111111111111111101111101111111111011111111111111101111111111011011111111111111011111101110110111111111011111
10111101111101011101111111111111111101111101111111111011111111111111101111111111011011111111111111011111101110110111111111011111
10111101111101011101111111111111111101111101111111111011111111111111101111111111011011111111011111011111101110100111111111011111
11111101111101011101111111111111111101111101111111111011111111111111101111111111011011111111011111011111101111100111111111011111
11111101111111011101111111111111111111111101111111111011111111011111101111111111011011111111011111011111101111000111111110011111
11111101111111011101011111111111111111111101111111111011111111011111101111111111011011111111011111011111101111000111111110011111
11111101111111111101011111111111111111111101111111111011111111011111101111111111011011111111011111011111101111000111111110011111
11111101111111111101011111111111111111111101111111111011111111011111101111111111011011011111011111011111101111001111111110011111
11111101111111111001011111111111111111110001111111111011111111011111101111111111011011011111011111011111101111001111111110011111
11111101111111111101011111111111111111110001111111111011111111011111101111111111011011011111011111011111101111001111111110011111
11111101111111111101011111111110111011110011111111111011111111011011101111111111011011011111011111011111101111001111111110011111
11111101111111111001011111111110111011110011111111111011111111011011101111111111011011011111011111011111101111001111111110011111
11111101111111111101011111111110111011110011111111111011111111011011101111111111011011011111011111011111101111001111111110011111
11111101111111111001011111111110111011110011111111111011111111011011101111111111011011011111011111011111101111001111111110011111
11111101111111111101011111111111111011110011111111111011111111011111101111111111011011011111011111011111101111001111111110011111
11111101111111111101111111111111111011110011111111111111111111011111101111111111011011011111011111011111101111001111111110001111
11111101111111111001111111111110111011110011110111111111111111011111101111100111011011011111011111011111101111001111000110001111
11111101111111111101111111111110111011110011110111111111111111011111101111100111011011011111011111011111101111001111000110001111
11111101111111011101111111111110111011110011110011110111100011011011101111100111011011011111011111011111101111001110000110001111
11111101111111011001011111110110111011110011100011110111100011011011101111100111011011011111011111011111101111001110000110001111
11111101111111011101011111110111111011110011100011110111100011011111111111100111011011011111011111011111101111001110000110001111
11111101111101011001011111110101111011110011100011110111100011011111111111100011011011011111011111011111101111001110000110001111
11111101111101011001011111110101111011110011100011110111100011011111111111100011011011011111011111011111101111001110000110001111
11111100111101011000011111110101111011110011100011110111100011011111111111000011011011010111011111011111101111001110000110001111
11111100111101011000011111110101111011110011100011110111100011011111111111000011011011010111011111011111101111001110000110001111
11111110111101011101011111110101111011110011100011110111100011011111111111000011011011011111011111011111101111001110000110101111
11111110111100011101011111110101111011110011100011110111100011011011111111000011011011011111011111011111101111001110000110101111
11111110111100011100011111110101111011110011100011110111100011011011111111000011011011010111011111011111101111000110000110101111
11111110111100011100011111110101111011110011110011110111100011011011111111000111011011010111011111011111101111000110000110101111
11111110111100011100011111110001111011110111110001110111100011011011111111100111011011010111010111011111101111000110000110101111
11111110111100011100011111110001111011110111110001110111100011011011111111100111011011010111010111011111101111000110000110101111
11111110111100011100011111111001111011110111110011110111101011011011111111100111011011010111010111011111101111000110000110101111
11111110111100011100011111111001111011110111110011110111101011011011111111100111011011010111010111011111101110000110000110100111
11111110111100011100011111111001111111110111111011110111111111011111111111100111011011010111010111011111101110010110001110100111
10111110111100011100011111111001111111110111111111110111111111011111111111111111011011010111010111010111101110010111001110110111
10111110111100011100011111111001111111110111111111110111111111011111010111111111011011010111010110010111101110010111001110110111
11111110111100011100011111111001111111110111111111110111111111011111010111111111011011010111010110010111101110110111111110110111
11111110111100011100011111111001111111110101111111110111111111011111000111111111011011010111010110000111101110110111111110110111
11111110011100011000011111111001111111110101111111110111111111011111000111111111011011010111000110000111101110110111111110110111
11111110011100011100011111111001111111111101111111110111111111011111000111111111011011010111000110000111101110110111111110110111
11111110011100011000011111111001111111101101111111110111111111011111000111111111011011000111000110000111101110110111111110110111
11111110011101011100011111111001111111101101111111110111111111011111000111111111011011000111000110000111101110110111111110110111
10111110011101111100011111111001111111101101111111110111111111011111000111111111011011000111000110000111101110110111111110110111
10111110011101111100011111111001111111101101111111110111111111011111000011111111011011000111000110000111101110110111111110110111
10111111011101111100011111111001111111101101111111111111111111011111000011111111011011000111000110000111101110110111111110110111
11111111011101111110011111111001111111101101111111111111111111011111000011111111011011000011000111000111101110110111111110110111
11111111011101111110011111111001111111101101111111111111111111011111000011111111011011000011000111000111101110110111111110110111
11111111011111111110011111111001111111101101111111111111111111011111000011111111011011000011000111000111101110110111111110110111
11111111011111111110011111111001110111101101111111111111111111111111000011111111011011000011000111000111101110110111111110110111
11111111011111111110011111111001110111101101111111111111111111111111000011111111011011000011000111000111101110110111111110110111
11111111011111111110011111111001110111101101111111111111111111111111100011111111011011000011000111000111101110110111111110110111
11111111011111111110011111111001110111101101111111111111111111011111100011111111011011000011000111000111101110110111111110110111
11111111011111111110011111111001110111111101111111111111111111011111100011111111011011000011000111000111101110110111111110110111
11111111111111111110011111111001110111111101111111111111111111111111100011111111011011000111000111000111101110110111111110110111
11111111111111111110011111111001110111101101111111111111111111111011100011111111011011000111000111000111101110110111111110110111
11111111111111111110011111111011110111101101111111111111111111111011100011111111011011100111100111000111101110110111111110110111
11111111111111111110011111111011110111101101111111111111111111111011100011111111011011100111110111000111101110110111111110110111
11111111111111111110011111111011110111101101111111111111111111111011100011111111011011100111110111000111101110110111111110110111
11111111111111111110011111111111110111101101111111111111111111111011110011111111011011110111110111100111101110110111111110110111
11111111111111111111011111111111110111101101111111111111111111111011110011111111011011110111110111100111101110110111111110110111
11111111111111111111011111111011110111101101111111111111111111111011110011111111011011110111110111100111101110110111111110110111
11111111111111111111011111111011110111101101111111111111111111111011110111111111011011110111110111110111101110110111111110110111
11111111111111111111011111111011110111101101111111111111111111111011110111111111011011110111110111110111101110110111111110110111
11111111111111011111011111111011110111101101111111111111111111111011110111111111011011110111110111110111101110110111111110110111
10111111011111011111011111111011110111101101111111111111111111101011110111111111011011110111110111110111101110110111111110100111
10111111011111011111011111111011110111101101111111111111111111101011110111111111011011110111110111110111101110110111111110100111
10111111011111011111011111111011110111101101111111111111111111101011111111111111011011110111110111110111101110110111111110100111
10111111011111011111011111111011111111101101111111111111111111101011111111111111010111110111110111110111101110010111111110101111
10111101011111011111011111111011111111101101111111111111111111101011111111111111010111110111110111110111101110010111111110101111
10111101011111011111011111111011111111101101111111111111111111101011111111111111010111110111110111110111101110010111111110101111
10111101011111011011011111111011111111100101111111111111111111101011111111111111000111110111110111110111101110000111111110101111
10111101011111011111011111111011111111110101111111111111111111100011111111111111000111110111110111110111101110000111111110101111
10111101011101011111011111111011111111110001111111111111111111100011111111111111000111110111110111110111101110000111111110001111
10111100011100011111011111111011110111110001111111111111111111100011111111111111000111110111110111110111101110000111111110001111
10111100011100011111011111111011110111110001111111111111111111100011111111111111000111110111110111111111101110000111111110001111
10011100011100011111011111111011111111110001111111111111111111100011111111111111100111110111110111111111101110000111111110001111
10011100011100011111011111111011111111110001111111111111111111100011111111111111100111110111110111111111101110000111111110001111
10011100011100011111011111111011111111110001111111111111111111100011111111111111100111110111110111111111101111001111111110001111
10011110011100011111011111111111111111110011111111111111111111100111111111111111100111110111111111111111101111001111111111001111
10011110011100011111011111111111111111110011111111111111111111100111111111111111100111110111111111111111101111001111111111001111
10011110011100011111011111111111111111110011111111111111111111110111111111111111100111111111111111111111101111001111111111001111
10011110011100011111011111111111111111110011111111111111111111110111111111111111100111111111111111111111101111001111111111001111
10011110011100111111011111111111111111110011111111111111111111110111111111111111100111111111111111111111101111001111111111001111
10011110011100111111011111111111111111111011111111111111111111110111111111111111100111111111111111111111101111001111111111001111
10011110011100111111011111111111111111111011111111111111111111110111111111111111100111111111111111111111101111001111111111001111
10011110111100111111111111111111111111111111111111111111111111111111111111111111111111111111111111111111111111001111111111001111
10011110111111111111111111111111111111111111111111111111111111111111111111111111111111111111111111111111111111101111111111011111
10011110111111111111111111111111111111111111111111111111111111111111111111111111111111111111111111111111111111101111111111011111
10111110111111111111111111111111111111111111111111111111111111111111111111111111111111111111111111111111111111111111111111011111
10111110111111111111111111111111111111111111111111111111111111111111111111111111111111111111111111111111111111111111111111011111