11111100000000111111111111111111
11111100000000111111111111111111
11110000000000001111111111111111
11110000000000001111111111111111
11000000000000000000111111111111
11000000000000000000111111111111
11000000000000000000000000011111
11000000000000000000000000011111
10000000000000000000000000000111
10000000000000000000000000000111
00000000000000000000000000000111
00000000000000000000000000000111
00000000000000000000000000000001
00000000000000000000000000000001
00000000000000000000000000000001
00000000000000000000000000000001
00000000000000000000000000000000
00000000000000000000000000000000
00000000000000000000000000000000
00000000000000000000000000000000
00000000000000000000000000000000
00000000000000000000000000000000
00000000000000000000000000000000
00000000000000000000000000000000
10000000000000000000000000000000
10000000000000000000000000000000
11000000000000000000000000000000
11000000000000000000000000000000
11000000000000000000000000000000
11000000000000000000000000000000
11100000000000000000000000000000
11100000000000000000000000000000