11111111111111110000000111111111
11111111111111110000000111111111
11111111111111110000000111111111
11111111110000000000000000001111
11111111110000000000000000001111
11111111110000000000000000001111
11110000000000000000000000000011
11110000000000000000000000000011
11110000000000000000000000000011
11000000000000000000000000000000
11000000000000000000000000000000
11000000000000000000000000000000
00000000000000000000000000000000
00000000000000000000000000000000
00000000000000000000000000000000
00000000000000000000000000000000
00000000000000000000000000000000
00000000000000000000000000000000
00000000000000000000000000000000
00000000000000000000000000000000
00000000000000000000000000000000
00000000000000000000000000000000
00000000000000000000000000000000
00000000000000000000000000000000
00000000000000000000000000000000
00000000000000000000000000000000
11000000000000000000000000000000
11000000000000000000000000000000
11000000000000000000000000000000
11100000000000000000000000000000
11100000000000000000000000000000
11100000000000000000000000000000