11111111111111111111100111111111
11110000001111111111000000111111
11000000011111111111000000011111
11000000111111111111100000001111
10000000111111111111100000001111
10000000111111111111100000001111
10000000011111111111000000001111
10000000011111111111000000001111
11000000001111111111000000001111
11000000001111111100000000001111
11000000000111111100000000011111
11100000000000000000000000111111
11100000000000000000000001111111
11100000000000000000000001111111
11100000000000000000000001111111
11100000000000000000000000111111
11000000000000000000000000011111
11000000001111111100000000001111
11000000011111111110000000001111
10000000111111111111000000000111
10000011111111111111100000000011
00000111111111111111110000000011
00001111111111111111110000000000
00001111111111111111110000000000
00001111111111111111111000000000
00001111111111111111111000000000
00000111111111111111110000000000
00000011111111111111110000000000
00000001111111111111100000000001
10000000111111111111000000000011
11000000111111111111000000000011
11110000011111111111000000001111