11110000000001111111000001111111
11110000000001111111000001111111
11000000000000000000000000001111
11000000000000000000000000001111
11000000000000000000000000000111
11000000000000000000000000000111
10000000000000000000000000000011
10000000000000000000000000000011
10000000000000000000000000000001
10000000000000000000000000000001
00000000000000000000000000000001
00000000000000000000000000000001
00000000000000000000000000000001
00000000000000000000000000000001
00000000000000000000000000000000
00000000000000000000000000000000
00000000000000000000000000000000
00000000000000000000000000000000
10000000000000000000000000000000
10000000000000000000000000000000
10000000000000000000000000000000
10000000000000000000000000000000
11000000000000000000000000000000
11000000000000000000000000000000
11000000000000000000000000000000
11000000000000000000000000000000
11000000000000000000000000000000
11000000000000000000000000000000
11110000000000000000000000000001
11110000000000000000000000000001
11111000000000000000000000000011
11111000000000000000000000000011