11111110011100000111111111111111
11111110011100000111111111111111
11111110011100000111111111111111
11100000000000000000000000000111
11100000000000000000000000000111
11000000000000000000000000000001
11000000000000000000000000000001
11000000000000000000000000000000
11000000000000000000000000000000
10000000000000000000000000000000
10000000000000000000000000000000
00000000000000000000000000000000
00000000000000000000000000000000
00000000000000000000000000000000
00000000000000000000000000000000
00000000000000000000000000000000
00000000000000000000000000000000
00000000000000000000000000000000
00000000000000000000000000000000
00000000000000000000000000000000
00000000000000000000000000000000
10000000000000000000000000000000
10000000000000000000000000000000
10000000000000000000000000000001
10000000000000000000000000000001
10000000000000000000000000000001
10000000000000000000000000000001
10000000000000000000000000000011
10000000000000000000000000000011
11000000000000000000000000000111
11000000000000000000000000000111
11000000000000000000000000000111