11111110001111111111111111111111
11111110001111111111111111111111
11111000000011111100000000001111
11111000000011111100000000001111
11110000000000000000000000000011
11110000000000000000000000000011
11100000000000000000000000000001
11100000000000000000000000000001
11000000000000000000000000000000
11000000000000000000000000000000
11000000000000000000000000000000
11000000000000000000000000000000
10000000000000000000000000000000
10000000000000000000000000000000
10000000000000000000000000000000
10000000000000000000000000000000
00000000000000000000000000000000
00000000000000000000000000000000
00000000000000000000000000000000
00000000000000000000000000000000
00000000000000000000000000000000
00000000000000000000000000000000
00000000000000000000000000000000
00000000000000000000000000000000
00000000000000000000000000000000
00000000000000000000000000000000
00000000000111000000000000000000
00000000000111000000000000000000
10000000001111110000000000000000
10000000001111110000000000000000
11000000011111111111000000000011
11000000011111111111000000000011