11111111111111111100000111111111
11111111111111111100000111111111
11000000000000000000000000001111
11000000000000000000000000001111
10000000000000000000000000000001
10000000000000000000000000000001
10000000000000000000000000000000
00000000000000000000000000000000
00000000000000000000000000000000
00000000000000000000000000000000
00000000000000000000000000000000
00000000000000000000000000000000
00000000000000000000000000000000
00000000000000000000000000000000
00000000000000000000000000000000
00000000000000000000000000000000
00000000000000000000000000000000
00000000000000000000000000000000
00000000000000000000000000000000
00000000000000000000000000000000
00000000000000000000000000000000
00000000000000000000000000000000
00000000000000000000000000000000
00000000000000000000000000000000
00000000000000000000000000000000
00000000000000000000000000000000
10000000000000000000000000000001
10000000000000000000000000000001
11000000000000000000000000000011
11000000000000000000000000000011
11100000000000000000000000001111
11100000000000000000000000001111