11111111000000000000000000001111
11111111000000000000000000001111
11111100000000000000000000000011
11111100000000000000000000000011
11110000000000000000000000000001
11110000000000000000000000000001
11000000000000000000000000000001
11000000000000000000000000000001
11000000000000000000000000000000
10000000000000000000000000000000
10000000000000000000000000000000
00000000000000000000000000000000
00000000000000000000000000000000
00000000000000000000000000000000
00000000000000000000000000000000
00000000000000000000000000000000
00000000000000000000000000000000
00000000000000000000000000000000
00000000000000000000000000000000
00000000000000000000000000000000
00000000000000000000000000000000
00000000000000000000000000000000
00000000000000000000000000000000
00000000000000000000000000000000
00000000000000000000000000000000
00000000000000000000000000000000
10000000000000000000000000000001
10000000000000000000000000000001
10000000000000000000000000000001
10000000000000000000000000000001
11000000000000000000000000000111
11000000000000000000000000000111