11111111111111011111111100000111
11111111111111011111111100000111
11111000000000000000000000000011
11111000000000000000000000000011
11110000000000000000000000000001
11110000000000000000000000000001
00000000000000000000000000000001
00000000000000000000000000000001
00000000000000000000000000000000
00000000000000000000000000000000
00000000000000000000000000000000
00000000000000000000000000000000
10000000000000000000000000000000
10000000000000000000000000000000
10000000000000000000000000000000
10000000000000000000000000000000
10000000000000000000000000000000
10000000000000000000000000000000
10000000000000000000000000000000
10000000000000000000000000000000
10000000000000000000000000000000
10000000000000000000000000000000
11000000000000000000000000000000
11000000000000000000000000000000
11000000000000000000000000000000
11000000000000000000000000000000
11100000000000000000000000000001
11100000000000000000000000000001
11100000000000000000000000000001
11100000000000000000000000000001
11110000000000000000000000000011
11110000000000000000000000000011