11111111111111111111000000111111
11111111111111111111000000111111
11111111000000000000000000000011
11111111000000000000000000000011
11111000000000000000000000000000
11111000000000000000000000000000
11110000000000000000000000000000
11110000000000000000000000000000
11100000000000000000000000000000
11100000000000000000000000000000
11100000000000000000000000000000
11100000000000000000000000000000
11000000000000000000000000000000
11000000000000000000000000000000
00000000000000000000000000000000
00000000000000000000000000000000
00000000000000000000000000000000
00000000000000000000000000000000
00000000000000000000000000000000
00000000000000000000000000000000
11000000000000000000000000000000
11000000000000000000000000000000
11100000000000000000000000000001
11100000000000000000000000000001
11100000000000000000000000000001
11100000000000000000000000000001
11100000000000000000000000000001
11100000000000000000000000000001
11100000000000000000000000000001
11100000000000000000000000000001
11110000000000000000000000001111
11110000000000000000000000001111