11111111111111111110001111111111
11111111111111111110001111111111
11111111111111111110001111111111
11111111111111111110001111111111
10000000000000000000000000000000
10000000000000000000000000000000
10000000000000000000000000000000
00000000000000000000000000000000
00000000000000000000000000000000
00000000000000000000000000000000
00000000000000000000000000000000
00000000000000000000000000000000
00000000000000000000000000000000
00000000000000000000000000000000
00000000000000000000000000000000
00000000000000000000000000000000
00000000000000000000000000000000
00000000000000000000000000000000
00000000000000000000000000000000
00000000000000000000000000000000
00000000000000000000000000000000
00000000000000000000000000000000
00000000000000000000000000000011
00000000000000000000000000000011
00000000000000000000000000000011
00000000000000000000000011100011
00000000000000000000000011100011
00000000000000000000000011100011
11111100000000000001111111100011
11111100000000000001111111100011
11111100000000000001111111100011
11111100000000000001111111100011