11111111111111111110000000111111
11111111111111111110000000111111
11111100000000000000000000000111
11111100000000000000000000000111
11110000000000000000000000000011
11110000000000000000000000000011
11000000000000000000000000000000
11000000000000000000000000000000
11000000000000000000000000000000
11000000000000000000000000000000
11000000000000000000000000000000
11000000000000000000000000000000
11000000000000000000000000000000
10000000000000000000000000000000
10000000000000000000000000000000
10000000000000000000000000000000
10000000000000000000000000000000
10000000000000000000000000000000
10000000000000000000000000000000
10000000000000000000000000000000
00000000000000000000000000000000
00000000000000000000000000000000
00000000000000000000000000000000
00000000000000000000000000000000
10000000000000000000000000000000
10000000000000000000000000000000
11000000000000000000000000000000
11000000000000000000000000000000
11000000000000000000000000000000
11000000000000000000000000000000
11111000000000000000000000000011
11111000000000000000000000000011