11111111111111111000001111111111
11111111111111000000000001111111
11111111111111111111110000000111
11111111111111111111111111000001
11111111111111111111111111111111
11111111111111111111111111111111
11111111111111111111111111111111
11111111111111111111111111111111
11111111111111111111111111111111
11111111111111111111111111111111
11111111111111111111111111111111
11111111111111111111111111111111
11111111111111111111111111111111
11111111111111111111111111111111
11111111111111111111111111111111
11111111111111111111111111111111
11111111111111111111111111111111
11111111111111111111111111111111
11111111111111111111111111111111
10011111111111111111111111111111
00011111111111111111111111111111
00001111111111111111111111111111
00001111111111111111111111111111
10001111111111111111111111111111
11100111111111111111111111111111
11100011111111111111111111111111
11110001111111111111111111111100
11111000001111111111111111110000
11111100000000111111111100000000
11111111000000000000000000000011
11111111111000000000000000011111
11111111111100000000000011111111