11111111111111111100000001111111
11111111111111111110000000011111
11111111111111111111100000001111
11111111111111111111110000000111
11111001111111111111111000000011
11110001111111111111111100000011
11100001111111111111111110000001
11100001111111111111111111000001
11000001111111111111111111000000
11000000111111111111111111000000
11000000111111111111111111000000
10000000111111111111111111000000
10000000111111111111111111000000
00000000111111111111111111000000
00000000111111111111111111000000
00000000111111111111111111000000
00000000111111111111111111000000
00000000111111111111111111000000
00000000111111111111111111000000
00000000111111111111111111100000
00000000111111111111111111100000
10000000111111111111111111100000
10000000111111111111111111100000
11000000111111111111111111100000
11000000011111111111111111100000
11000000011111111111111111100000
11100000001111111111111111000001
11100000000111111111111100000011
11110000000001111111110000000111
11111000000000000000000000011111
11111100000000000000000000111111
11111111000000000000000111111111