11100000000000000000000000011111
11100000000000000000000000011111
11100000000000000000000000011111
11100000000000000000000000011111
10000000000000000000000000000011
10000000000000000000000000000011
10000000000000000000000000000011
10000000000000000000000000000011
10000000000000000000000000000000
10000000000000000000000000000000
10000000000000000000000000000000
10000000000000000000000000000000
00000000000000000000000000000000
00000000000000000000000000000000
00000000000000000000000000000000
00000000000000000000000000000000
00000000000000000000000000000000
00000000000000000000000000000000
00000000000000000000000000000000
00000000000000000000000000000000
00000000000000000000000000000000
00000000000000000000000000000000
00000000000000000000000000000000
00000000000000000000000000000000
10000000000000000000000000000000
10000000000000000000000000000000
10000000000000000000000000000000
10000000000000000000000000000000
11100000000000000000000000000001
11100000000000000000000000000001
11100000000000000000000000000001
11100000000000000000000000000001