11111111111111110000000011111111
11111111111110000000000000011111
11111111111000000000000000000111
11111110000000000000000000000011
11110000000000000000000000000011
11000000000000000000000000000001
10000000000000000000000000000001
00000000000000000000000000000001
00000000000000000000000000000001
11000000000000000000000000000001
11111110000000000000000000000001
11111111111110000000000000000001
11111111111111000000000000000001
11111111111111100000000000000001
11111111111111100000000000000000
11111111111111100000000000000000
11111111111111110000000000000000
11111111111111110000000000000000
11111111111111110000000000000000
11111111111111110000000000000000
11111111111111110000000000000000
11111111111111110000000000000000
11111111111111110000000000000000
11111111111111110000000000000000
11111111111111110000000000000000
11111111111111110000000000000000
11111111111111110000000000000000
11111111111111111000000000000000
11111111111111111000000000000000
11111111111111111100000000000000
11111111111111111110000000000001
11111111111111111111000000000011