11111111111111111111100000000001
11111111111111111000000000000000
11111111111110000000000000000000
11111111111000000000000000000000
11111110000000000000000000000000
11111000000000000000000000000000
10000000000000000000000000000000
00000000000000000000000000000000
00000000000011111111000000000000
00000000001111111111000000000000
00000000111111111111000000000000
11111111111111111111000000000000
11111111111111111111000000000000
11111111111111111111000000000000
11111111111111111110000000000000
11111111111111111110000000000000
11111111111111111110000000000000
11111111111111111110000000000000
11111111111111111110000000000000
11111111111111111110000000000000
11111111111111111110000000000000
11111111111111111110000000000000
11111111111111111110000000000000
11111111111111111110000000000000
11111111111111111110000000000000
11111111111111111110000000000000
11111111111111111110000000000000
11111111111111111110000000000000
11111111111111111100000000000000
11111111111111111100000000000000
11111111111111111100000000000000
11111111111111111110000000000000