11111111111111111111110000001111
11111111111111111111100000000011
11111111111111111110000000000000
11111111111111110000000000000000
11111111111111000000000000000000
11111111110000000000000000000000
11111110000000000000000000000000
11100000000000000000000000000000
11000000000000000000000000000000
00000000000000000000000000000000
00000000000111111110000000000000
11100000011111111111000000000000
11111111111111111111000000000000
11111111111111111111000000000000
11111111111111111111000000000000
11111111111111111111000000000000
11111111111111111111000000000000
11111111111111111111000000000000
11111111111111111111000000000000
11111111111111111111000000000000
11111111111111111111000000000000
11111111111111111111000000000000
11111111111111111111000000000000
11111111111111111111000000000000
11111111111111111111000000000000
11111111111111111111000000000000
11111111111111111111000000000000
11111111111111111111000000000000
11111111111111111111000000000000
11111111111111111111000000000000
11111111111111111111100000000000
11111111111111111111100000000011