11111111111111111100000000000000
11111111111111111000000000000000
11111111111111000000000000000000
11111111110000000000000000000000
11111100000000000000000000000000
11110000000000000000000000000000
00000000000000000000000000000000
00000000000000111111000000000000
00000000000111111111000000000000
00000000111111111111000000000000
00000111111111111111000000000000
11111111111111111111000000000000
11111111111111111111000000000000
11111111111111111111000000000000
11111111111111111111000000000000
11111111111111111111000000000000
11111111111111111111000000000000
11111111111111111111000000000000
11111111111111111111000000000000
11111111111111111111000000000000
11111111111111111111000000000000
11111111111111111110000000000000
11111111111111111110000000000000
11111111111111111110000000000000
11111111111111111110000000000000
11111111111111111110000000000000
11111111111111111110000000000000
11111111111111111110000000000000
11111111111111111110000000000000
11111111111111111110000000000000
11111111111111111110000000000000
11111111111111111111000000000000