11111111111110000000000000111111
10000000000000000000000000000011
00000000000000000000000000000001
00000000000000000000000000000001
00000000000000000000000000000001
11011111111111100000000000000011
11111111111111100000000000001111
11111111111111100000000000111111
11111111111110000000000000111111
11111111111100000000000011111111
11111111111000000000000111111111
11111111110000000000000111111111
11111111100000000000000111111111
11111111100000000000000001111111
11111111100000000000000000001111
11111111100000000000000000000011
11111111111111000000000000000001
11111111111111111100000000000000
11111111111111111111110000000000
11111111111111111111111000000000
11111111111111111111111000000000
11111111111111111111111000000000
11111111111111111111111000000000
11111111111111111111111000000000
11111111111111111111110000000000
11111111111111111111100000000000
11111111111111111100000000000001
11000000000000000000000000000011
00000000000000000000000000000111
10000000000000000000000000111111
11000000000000000000000001111111
11100000000000000000000111111111