11100000000000000000111100011111
10000000000000000000000000000111
00000000000000000000000000000011
11111111111111000000000000000011
11111111111111111100000000000111
11111111111111111100000000001111
11111111111111111000000000011111
11111111111111110000000001111111
11111111111111100000000111111111
11111111111110000000001111111111
11111111111100000000011111111111
11111111111000000000111111111111
11111111100000000000111111111111
11111111100000000000011111111111
11111111100000000000000011111111
11111111111000000000000000011111
11111111111111111111000000000111
11111111111111111111110000000011
11111111111111111111111100000001
11111111111111111111111100000000
11111111111111111111111110000000
11111111111111111111111110000000
11111111111111111111111110000000
11111111111111111111111110000000
11111111111111111111111100000000
11111111111111111111111000000000
11111111111111111111110000000011
11111111111111111111100000000011
11001111111111111110000000001111
00000000000000000000000000011111
10000000000000000000000001111111
11000000000000000000001111111111