11111110000000000000000000011111
11111000000000000000000000001111
11110000000000000000000000011111
11110000000111111111111111111111
11110001111111111111111111111111
11111111111111111111111111111111
11111111111111111111111111111111
11111111111111111111111111111111
11100011111111111111111111111111
11000011111111111111111111111111
11000000111111111111111111111111
11000000000000011111111111111111
11000000000000000000000001111111
10000000000000000000000000111111
11000000001111111111100000001111
11111111111111111111110000000011
11111111111111111111111110000001
11111111111111111111111111000000
11111111111111111111111111100000
11111111111111111111111111100000
11111111111111111111111111100000
11111111111111111111111111100000
11111111111111111111111111100000
11111111111111111111111111100000
11111111111111111111111111100000
11111111111111111111111111100001
10000111111111111111111110000011
10000001111111111111111000000111
11000000001111111111100000001111
11110000000000000000000000111111
11111110000000000000000011111111
11111111100000000000001111111111