11111111111111111110000011111111
11111111111111111110000011111111
11111111111111111100000111111111
11111111111111110000011111111111
11111111111111100000111111111111
11111111111110000011111111111111
11111111111100000111111111111111
11111111110000001111111111111111
11111111000000001111111111111111
11111111000000001111111111111111
11111100000000000111111111111111
11111000000000000000111111111111
11110000000000000000000111111111
11100000000000000000000001111111
11000000000000000000000000001111
11000000001111111111000000000111
11000000111111111111110000000011
10000000111111111111111000000001
00000011111111111111111100000000
00000011111111111111111111000000
00000011111111111111111111000000
00000011111111111111111111000000
00000011111111111111111111000000
00000011111111111111111111000000
00000011111111111111111111000001
11000000111111111111111110000011
11000000011111111111111100000111
11100000001111111111110000001111
11110000000000000000000000011111
11111100000000000000000001111111
11111111000000000000000111111111
11111111110000000000011111111111