11111110000000111110000000111111
11111110000000111110000000111111
11111000000000000000000000001111
11111000000000000000000000001111
11100000000000000000000000000011
11100000000000000000000000000011
10000000000000000000000000000001
00000000000000000000000000000001
00000000000000000000000000000001
00000000000000000000000000000000
00000000000000000000000000000000
00000000000000000000000000000000
00000000000000000000000000000000
00000000000000000000000000000000
00000000000000000000000000000000
00000000000000000000000000000000
11100000000000000000000000000000
11100000000000000000000000000000
11111100000000000000000000000000
11111100000000000000000000000000
11111111111100000000000000000000
11111111111111100000000000000000
11111111111111100000000000000000
11111111111111100000000000000001
11111111111111100000000000000001
11111111111111110000000000000001
11111111111111111100000000000011
11111111111111111100000000000011
11111111111111111100000000000011
11111111111111111100000000000011
11111111111111111110000000000111
11111111111111111110000000000111