11111111111111111111111111000000
11111111111111111111111111000000
11111111111111111111111000000000
11111111111111111111111000000000
11111111111111111111000000000000
11111111111111111111000000000000
11111111111111110000000000000000
11111111111111110000000000000000
11111111111110000000000000000000
11111111111110000000000000000000
11111111110000000000000000000000
11111111110000000000000000001111
11111111110000000000000000001111
11111111110000000000000001111111
11111111110000000000000001111111
11111110000000000000000001111111
11111110000000000000000001111111
11111110000000000000001111111111
11110000000000000000001111111111
11110000000000000000001111111111
11110000000000000000001111111111
11110000000000000000001111111111
00000000000000000000001111111111
00000000000000000000001111111111
00000000000000000000001111111111
00000000000000000000001111111111
00000000000000000000001111111111
00000000000000000000001111111111
00000000000000000001111111111111
00000000000000000001111111111111
11110000000000000001111111111111
11110000000000000001111111111111