11100000000000000000000000001111
10000000000000000000000000000111
00000000000000000000000000001111
00000000000000000000000000001111
11111111111111111100000000001111
11111111111111111110000000001111
11111111111111111110000000011111
11111111111111111100000000011111
11111111111111111000000000011111
11111111111111110000000000000111
11111111111111100000000000000000
11111111111111000000011100000001
11111111111100000000111111001111
11111111111100000001111111111111
11111111111000000001111111111111
11111111110000000011111111111111
11111111100000000111111111111111
11111111000000001111111111111111
11111111000000011111111111111111
11111110000000011111111111111111
11111110000000111111111111111111
11111100000001111111111111111111
11111100000011111111111111111111
11111000000011111111111111111111
11111000000011111111111111111111
11111000000011111111111111111111
11111000000011111111111111111111
11110000000011111111111111111111
11110000000011111111111111111111
11110000000011111111111111111111
11110000000011111111111111111111
11110000000011111111111111111111