11111111111111111111000000011111
10000000000000000000000000000011
10000000000000000000000000000000
11100000000000000000000000000000
11111111111111110000000000000000
11111111111111111110000000000000
11111111111111111111100000000011
11111111111111111111110000000111
11111111111111111111110000011111
11111111111111111111110001111111
11111111111111111111000001111111
11111111111111111111000111111111
11111111111111111100001111111111
11111111111111110000011111111111
11111111111111000000111111111111
11111111111110000001111111111111
11111111111110000111111111111111
11111111111111111111111111111111
11111111111111111111111111111111
11111111111111111111111111111111
11111111111111111111111111111111
11111111111111111111111111111111
11111111111111111111111111111111
11111111111111111111111111111111
11111111111111111111111111111111
11111111111111111111111111111111
11111110001111111111111111111111
11111110000111111111111111111111
11111100000111111111111111111111
11111100000011111111111111111111
11111100000111111111111111111111
11111100001111111111111111111111