11111110000000000000000000011111
11111100000000000000000000001111
11111000000000000000000000001111
11110000000001111111000000000111
11110000000001111111100000000111
11110000000001111111110000000011
11110000000001111111110000000011
11111000000001111111110000000011
11111000000001111111100000000011
11111100000000011000000000000011
11111100000000000000000000000111
11111111000000000000000000001111
11111111000000000000000000001111
11111111000000000000000000001111
11111110000000000000000000001111
11111100000000000000000000001111
11111000000000011110000000000111
11110000000000011111000000000011
11100000000001111111100000000001
10000000001111111111110000000000
00000000011111111111111000000000
11000000011111111111111110000000
11000000011111111111111110000000
11000000001111111111111110000000
11000000000111111111111110000000
11000000000011111111111100000000
11000000000000111111111000000000
11100000000000000000000000000000
11110000000000000000000000000001
11111100000000000000000000000011
11111111000000000000000000001111
11111111110000000000000000111111