11111111111110000000001111111111
11111111110000000000000011111111
11111111000000000000000000011111
11111100000000000000000000000111
11111000000000000000000000000011
11111000000000011111110000000011
11111000000000011111111000000011
11111000000000111111111000000011
11111000000000111111111000000011
11111000000000111111110000000011
11111000000000011111100000000111
11111110000000001110000000001111
11111111000000000000000000001111
11111111000000000000000000011111
11111111000000000000000000011111
11111100000000000000000000011111
11111000000000000000000000001111
11110000000000000000000000000111
11110000000000011111110000000011
11100000000001111111111000000001
11000000000111111111111100000000
10000000001111111111111100000000
10000000011111111111111100000000
00000000011111111111111100000000
10000000001111111111111100000000
11000000000011111111111000000000
11100000000001111111110000000000
11110000000000000000000000000001
11111000000000000000000000000011
11111110000000000000000000001111
11111111000000000000000000011111
11111111110000000000000011111111