11111111111110000011111111111111
11111111000000000000000111111111
11111110000000000000000001111111
11111000000000000000000000111111
11110000000000111110000000001111
11100000001111111111110000000111
11100000001111111111110000000111
11100000011111111111110000000111
11100000011111111111110000000111
11110000011111111111110000001111
11110000001111111111100000001111
11111100000000111100000000011111
11111100000000000000000000111111
11111110000000000000000001111111
11111110000000000000000001111111
11111110000000000000000001111111
11111110000000000000000000111111
11111000000000011110000000001111
11110000000011111111100000000111
11100000000111111111110000000011
11000000011111111111111100000001
10000000111111111111111111000000
00000000111111111111111111000000
10000000111111111111111111000000
10000000111111111111111110000000
11000000111111111111111100000000
11000000111111111111111000000000
11100000001111111111100000000001
11100000000000000000000000000011
11110000000000000000000000000111
11111110000000000000000000011111
11111111000000000000000001111111