11111111111111110111111111111111
11111111111110000000000000011111
11111111111100000000000000000000
11111111110000000000000000000000
11111110000000000000000000000000
11111110000000000000000000000000
11110000000000000000000000000000
11110000000000000000000000000000
11111100000000000000000000000000
11111100000000000000000000000000
11111100000000000000000000000000
11111100000000000000000000000000
11111110000000000000000000000000
11111110000000000000000000000000
11111110000000000000000000000000
11111110000000000000000000000000
11111100000000000000000000000000
11111100000000000000000000000000
11110000000000000000000000000000
11100000000000000000000000000000
11000000000000000000000000000000
11000000000000000000000000000000
11000000000000000000000000000000
10000000000000000000000000000000
00000000000000000000000000000000
11000000000000000000000000000000
11000000000000000000000000000000
11000000000000000000000000000000
11100000000000000000000000000000
11111100000000000000000000000000
11111111110000000000000000000000
11111111111110000000000001110000