11111111111111111001111111111111
11111111110000000000000001111111
11111110000000000000000000011111
11111100000000000000000000000111
11110000000000000000000000000011
11100000000000000000000000000011
11000000000000000000000000000001
11000000000000011000000000000011
11000000000000011100000000000011
11100000000000011100000000000011
11100000000000011100000000000011
11110000000000000000000000000011
11110000000000000000000000000111
11110000000000000000000000000111
11110000000000000000000000000111
11110000000000000000000000000111
11110000000000000000000000000111
11000000000000000000000000000011
11000000000000000000000000000001
11000000000000000000000000000000
10000000000001111111100000000000
10000000000011111111110000000000
10000000000011111111111000000000
10000000000011111111111000000000
10000000000011111111110000000000
10000000000001111111100000000000
11000000000000000000000000000000
11000000000000000000000000000001
11000000000000000000000000000011
11110000000000000000000000000011
11111100000000000000000000001111
11111110000000000000000001111111