11111111111110000111111111111111
11111111110000000001111111111111
11111100000000000000000001111111
11111000000000000000000000111111
11100000000000000000000000011111
11000000000000000000000000000111
10000000000001111111000000000111
10000000000111111111000000000011
11000000000111111111000000000011
11000000000111111111000000000111
11100000000111111111000000001111
11100000000011111110000000011111
11110000000001111000000000011111
11111100000000000000000000111111
11111100000000000000000000111111
11111100000000000000000001111111
11111000000000000000000001111111
11100000000000000000000000111111
11000000000011111110000000001111
00000000000111111111000000000111
00000000011111111111100000000011
00000000111111111111111000000001
00000000111111111111111000000000
00000000111111111111111000000000
00000000111111111111111000000000
10000000011111111111110000000001
10000000000111111111000000000011
11000000000001111110000000000011
11100000000000000000000000000111
11111000000000000000000000000111
11111100000000000000000000111111
11111110000000000000000011111111