11111111110000000000000111111111
11111111000000000000000000111111
11111100000000000000000000011111
11110000000011111111000000000111
11000000001111111111111000000011
11000000111111111111111110000011
10000001111111111111111110000000
00000001111111111111111111000000
00000001111111111111111111100000
00000001111111111111111111100000
00000001111111111111111111100000
10000001111111111111111111000000
10000001111111111111111111000000
10000001111111111111111110000000
11000000111111111111111110000000
11100000001111111111110000000000
11110000000001111111000000000001
11111100000000000000000000000011
11111110000000000000000000000111
11111111100000000000000000001111
11111111111111110000000000001111
11111111111111111100000000111111
11111111111111111100000000111111
11111111111111111100000011111111
11111111111111111000000011111111
11111111111111110000000111111111
11111111111111100000011111111111
11111111111110000000011111111111
11111111111100000001111111111111
11111111111000000111111111111111
11111111100000000111111111111111
11111111100000001111111111111111