11111111111111110001111111111111
11111111000000000000000011111111
11111100000000000000000000011111
11110000000000000000000000000111
11100000000000000000000000000011
11000000000111111111100000000001
11000000011111111111111000000000
10000000111111111111111100000000
00000000111111111111111100000000
00000001111111111111111110000000
10000001111111111111111110000000
10000001111111111111111110000000
00000000111111111111111110000000
10000000111111111111111100000000
10000000001111111111110000000000
11000000000011111111100000000001
11100000000000000000000000000011
11110000000000000000000000000011
11111100000000000000000000000011
11111111000000000000000000000111
11111111111100000000000000000111
11111111111111100000000000011111
11111111111111100000000000111111
11111111111111110000000011111111
11111111111111110000000011111111
11111111111111100000000111111111
11111111111111000000011111111111
11111111111100000000111111111111
11111111111000000011111111111111
11111111100000000011111111111111
11111111000000001111111111111111
11111111000000111111111111111111