11000000000000000000000000011111
00000000000000000000000000001111
00000000000000000000000000000111
10000000000000000000000000000111
11100000000000000000000000011111
11111000000000000000001111111111
11111111000000000000011111111111
11111111000000000000111111111111
11111111100000000000111111111111
11111111110000000000111111111111
11111111110000000000111111111111
11111111110000000000011111111111
11111111110000000000011111111111
11111111110000000000011111111111
11111111110000000000011111111111
11111111110000000000001111111111
11111111110000000000001111111111
11111111110000000000001111111111
11111111110000000000001111111111
11111111110000000000001111111111
11111111110000000000001111111111
11111111110000000000001111111111
11111111110000000000001111111111
11111111110000000000001111111111
11111111110000000000001111111111
11111111110000000000001111111111
11111111110000000000000111111111
11111111100000000000000011111111
11100000000000000000000000000001
11000000000000000000000000000000
11100000000000000000000000000000
11110000000000000000000000000000