11111110000000000000000000011111
10000000000000000000000000000001
00000000000000000000000000000000
10000000000000000000000000000000
11000000000000000000000000000011
11111100000000000000000000111111
11111111110000000000011111111111
11111111111000000000011111111111
11111111111000000000011111111111
11111111111000000000011111111111
11111111111000000000011111111111
11111111111000000000011111111111
11111111111000000000011111111111
11111111111000000000011111111111
11111111111000000000011111111111
11111111111000000000011111111111
11111111111000000000011111111111
11111111111000000000011111111111
11111111111000000000011111111111
11111111111000000000011111111111
11111111111000000000011111111111
11111111111000000000011111111111
11111111111000000000011111111111
11111111111000000000011111111111
11111111111000000000001111111111
11111111111000000000001111111111
11111111110000000000000111111111
11111100000000000000000000011111
10000000000000000000000000000000
00000000000000000000000000000000
10000000000000000000000000000000
11000000000000000000000000000001