11100000111111111111111100001111
10000000001111111111111000000011
00000000000011111111111000000000
10000000000011111111111000000000
10000000000001111111111000000000
10000000000000011111111000000000
10000000000000011111111000000000
10000000000000001111111000000000
10000000000000000111111000000000
10000000000000000011111000000000
10000000000000000011111000000000
10000000000000000001110000000000
10000000000000000001110000000000
10000000000000000000000000000000
10000000000000000000000000000000
10000000000000000000000000000000
10000000000000000000000000000000
10000000000000000000000000000000
10000000000000000000000000000000
10000000001110000000000000000000
10000000001111000000000000000000
10000000001111110000000000000000
10000000001111110000000000000000
10000000001111111000000000000000
10000000001111111100000000000000
10000000001111111110000000000000
10000000001111111110000000000000
10000000001111111110000000000000
10000000001111111111000000000000
10000000001111111111110000000000
11000000011111111111110000000000
11110001111111111111111000000011