11111111111111111111111111100001
11000000001111111111111111000000
11000000000111111111111110000000
11000000000001111111111110000000
11000000000001111111111110000000
11000000000000111111111100000000
11000000000000011111111100000000
11000000000000011111111110000000
11000000000000001111111110000000
11000000000000001111111110000000
11000000000000000111111100000000
11000000000000000011111100000000
11000000000000000001111100000000
11000000000000000001111100000000
10000000000000000000111100000000
10000000001100000000011100000000
00000000001110000000011100000000
00000000001111000000000000000000
00000000011111110000000000000000
00000000011111110000000000000000
00000000011111111000000000000000
10000000011111111000000000000000
10000000011111111000000000000000
10000000011111111100000000000000
10000000011111111110000000000000
10000000011111111110000000000000
11000000011111111111000000000000
11000000011111111111100000000000
11000000011111111111100000000000
11000000011111111111110000000000
11000000011111111111111000000001
11000000011111111111111111111111