11111000011111111111111111100111
11100000001111111111111110000011
11000000000111111111111110000000
11000000000001111111111100000000
10000000000000111111111100000000
10000000000000111111111100000000
10000000000000011111111100000000
10000000000000011111111100000000
10000000000000001111111100000000
10000000000000001111111100000000
10000000000000000111111100000000
00000000000000000011111100000000
00000000000000000001111100000000
00000000000000000000111000000000
00000000000000000000000000000000
00000000000000000000000000000000
00000000000000000000000000000000
00000000001100000000000000000000
00000000011110000000000000000000
10000000011111000000000000000000
10000000011111100000000000000000
10000000011111100000000000000000
10000000011111110000000000000000
10000000011111111000000000000000
10000000011111111100000000000000
10000000011111111100000000000000
10000000011111111110000000000000
10000000011111111111000000000000
11000000011111111111100000000000
11000000011111111111100000000001
11000000111111111111110000000011
11100001111111111111111100000111