11111100111111111111111111111111
11000000000111111111111111111111
11000000000011111111111111111111
10000000000001111111111110000011
10000000000000111111111100000001
00000000000000011111111000000000
00000000000000001111110000000000
00000000000000001111100000000000
00000000000000000000000000000000
00000000000000000000000000000000
00000000000000000000000000000000
00000000000000000000000000000000
00000000000000000000000000000000
00000000000000000000000000000000
10000000000000000000000000000000
10000000000000000000000000000000
10000000000000000000000000000000
10000000000000000000000000000000
10000000000000000000000000000000
10000000000000000000000000000000
10000000000000000000000000000000
10000000000000000000000000000000
10000000000000000000000000000000
10000000000011110000000000000000
10000000000111110000000000000000
10000000001111111000000000000000
10000000001111111100000000000000
11000000011111111110000000000000
11000000011111111111000000000001
11100000111111111111000000000011
11111001111111111111100000000011
11111111111111111111111000001111