11111111111111111111111111100011
10000000111111111111111110000001
00000000001111111111111110000000
00000000001111111111111110000000
00000000000111111111111110000000
00000000000111111111111110000000
00000000000001111111111110000000
00000000000001111111111110000000
00000000000000111111111110000000
00000000000000011111111110000000
00000000000000001111111110000000
10000000000000001111111110000000
10000001110000000111111110000000
10000001110000000011111110000000
10000001111000000011111110000000
10000001111100000000111110000000
10000001111110000000111110000000
10000001111111000000011110000000
10000001111111100000001110000000
10000001111111100000001110000000
10000001111111110000000000000000
00000001111111110000000000000000
00000001111111111000000000000000
00000001111111111100000000000000
00000001111111111100000000000000
10000001111111111110000000000000
10000001111111111111000000000000
10000001111111111111100000000000
10000001111111111111110000000000
10000001111111111111110000000000
11000001111111111111111000000000
11000001111111111111111100000001