11100011111111111111111111111111
11100000011111111111111111110001
11000000000111111111111111100000
10000000000011111111111111000000
00000000000001111111111111000000
00000000000001111111111111000000
10000000000000111111111111000000
10000000000000111111111111000000
10000000000000011111111111000000
10000000000000001111111111000000
10000000000000001111111111000000
10000000000000000111111111000000
10000000000000000001111111000000
10000000000000000000111111000000
10000000000000000000011111000000
10000000000000000000001110000000
10000000001110000000000000000000
10000000011111000000000000000000
10000000011111000000000000000000
10000000011111000000000000000000
10000000011111100000000000000000
10000000111111110000000000000000
10000000111111110000000000000000
10000000111111111100000000000000
10000000111111111110000000000000
10000000111111111110000000000000
10000000111111111111000000000000
10000000111111111111000000000000
10000000111111111111100000000000
10000000111111111111100000000000
11000000111111111111110000000000
11100011111111111111111000000001