11111111011111111111111111111111
11111000001111111111111110001111
11110000000111111111111110000011
11000000000011111111111100000000
11000000000011111111111100000000
11000000000001111111111000000000
11000000000001111111111000000000
11000000000000111111111000000000
11000000000000111111111000000000
10000000000000001111111000000000
10000000000000001111111000000000
10000000000000001111111100000000
10000000000000000011111100000000
10000000000000000001111100000000
10000000000000000000111100000000
10000000000000000000000000000000
10000000000000000000000000000000
10000000000110000000000000000000
10000000000111000000000000000000
10000000001111000000000000000000
10000000001111100000000000000000
10000000011111110000000000000000
10000000011111110000000000000000
10000000011111111100000000000000
00000000011111111100000000000000
00000000011111111100000000000000
00000000011111111111000000000000
00000000011111111111000000000000
10000000011111111111100000000000
11000000011111111111111000000001
11000000111111111111111000000011
11111111111111111111111100001111