11111111111000000000001111111111
11111111000000000000000001111111
11111100000011111110000000011111
11110000001111111111110000000111
11100000111111111111111100000011
11000011111111111111111111000011
11000011111111111111111111110011
11000011111111111111111111111111
10000011111111111111111111111111
10000011111111111111111111111111
11000001111111111111111111111111
11000000011111111111111111111111
11100000000011111111111111111111
11111000000000111111111111111111
11111110000000000001111111111111
11111111100000000000000011111111
11111111111111000000000000011111
11111111111111111000000000001111
11111111111111111111110000000011
11111111111111111111111000000001
11111111111111111111111111000000
11111111111111111111111111100000
11111111111111111111111111110000
11111111111111111111111111110000
00011111111111111111111111110000
00001111111111111111111111110001
10000011111111111111111111100001
10000001111111111111111111000011
11100000001111111111111100000111
11110000000011111111110000001111
11111100000000000000000000111111
11111111000000000000000011111111