11111111100000111111111111111111
11111111100000111111111111111111
11111000000000001111111111111111
11111000000000001111111111111111
11100000000000000001111111111111
11100000000000000001111111111111
10000000000000000000000000000011
10000000000000000000000000000011
00000000000000000000000000000001
00000000000000000000000000000001
00000000000000000000000000000000
00000000000000000000000000000000
00000000000000000000000000000000
00000000000000000000000000000000
00000000000000000000000000000000
00000000000000000000000000000000
00000000000000000000000000000000
00000000000000000000000000000000
00000000000000000000000000000000
00000000000000000000000000000000
00000000000000000000000000000000
00000000000000000000000000000000
00000000000000000000000000000000
00000000000000000000000000000000
10000000000000000000000000000000
10000000000000000000000000000000
11000000000000000000000011111111
11000000000000000000000011111111
11100000000000000000011111111111
11100000000000000000011111111111
11111000000000000011111111111111
11111000000000000011111111111111