11100000000000001111111110001111
11100000000000001111111110001111
11100000000000001111111110001111
11000000000000000000000000000001
11000000000000000000000000000001
11000000000000000000000000000000
11000000000000000000000000000000
11000000000000000000000000000000
10000000000000000000000000000000
10000000000000000000000000000000
10000000000000000000000000000000
10000000000000000000000000000000
10000000000000000000000000000000
00000000000000000000000000000000
00000000000000000000000000000000
00000000000000000000000000000000
00000000000000000000000000000000
00000000000000000000000000000000
00000000000000000000000000000000
00000000000000000000000000000000
00000000000000000000000000000000
00000000000000000000000000000000
00000000000000000000000000000000
00000000000000000000000000000000
00000000000000000000000000000000
00000000000000000000000000000000
00000000000000000000000000000000
10000000000000000000000000000000
10000000000000000000000000000000
11000000000000000000000000000000
11000000000000000000000000000000
11000000000000000000000000000000