11111111111110001111000001111111
11111111111110001111000001111111
11111111111110001111000001111111
11111000000000000000000000011111
11111000000000000000000000011111
11110000000000000000000000001111
11110000000000000000000000001111
11000000000000000000000000000111
11000000000000000000000000000111
11000000000000000000000000000111
11000000000000000000000000000011
11000000000000000000000000000011
00000000000000000000000000000000
00000000000000000000000000000000
00000000000000000000000000000000
00000000000000000000000000000000
00000000000000000000000000000000
00000000000000000000000000000000
00000000000000000000000000000000
00000000000000000000000000000000
00000000000000000000000000000000
00000000000000000000000000000000
00000000000000000000000000000000
00000000000000000000000000000000
00000000000000000000000000000000
00000000000000000000000000000000
00000000000000000000000000000000
00000000000000000000000000000011
00000000000000000000000000000011
11000000000000000000000000001111
11000000000000000000000000001111
11000000000000000000000000001111