11111111111110000000000011111111
11111111111110000000000011111111
11111111111110000000000011111111
11111110000000000000000000000001
11111110000000000000000000000001
11100000000000000000000000000000
11100000000000000000000000000000
11100000000000000000000000000000
10000000000000000000000000000000
10000000000000000000000000000000
00000000000000000000000000000000
00000000000000000000000000000000
00000000000000000000000000000000
00000000000000000000000000000000
00000000000000000000000000000000
00000000000000000000000000000000
00000000000000000000000000000000
00000000000000000000000000000000
00000000000000000000000000000000
00000000000000000000000000000000
00000000000000000000000000000000
00000000000000000000000000000000
00000000000000000000000000000000
00000000000000000000000000000000
00000000000000000000000000000000
00000000000000000000000000000000
00000000000000000000000000000000
10000000000000000000000000000001
10000000000000000000000000000001
11000000000000000000000000000001
11000000000000000000000000000001
11000000000000000000000000000001