11111111111100000000000111111111
11111111100000000000000001111111
11111110000000000000000000111111
11111000000000000000000000001111
11100000000000000000000000000111
11000000000001111110000000000011
11000000000111111111100000000001
10000000000111111111111000000000
10000000011111111111111000000000
10000000011111111111111100000000
00000000011111111111111100000000
00000000111111111111111100000000
00000000111111111111111100000000
00000000111111111111111100000000
00000001111111111111111100000000
00000001111111111111111100000000
00000011111111111111111110000000
00000011111111111111111110000000
00000011111111111111111110000001
00000001111111111111111110000001
00000001111111111111111110000011
10000001111111111111111110000011
10000000111111111111111110000011
10000000111111111111111110000011
10000000011111111111111100000011
11000000011111111111111100000111
11000000001111111111111000000111
11000000000111111111100000001111
11100000000011111111000000011111
11111000000000000000000000111111
11111100000000000000000001111111
11111110000000000000000011111111