11111111111111111100000111111111
11111110001111111110000011111111
11111100000011111111000000111111
11110000000111111111100000011111
11100000001111111111111000001111
11000000011111111111111100000111
11000000111111111111111100000011
11000000111111111111111100000011
10000001111111111111111100000011
10000001111111111111111100000011
10000001111111111111111100000011
00000001111111111111111100000011
00000011111111111111111100000011
00000011111111111111111100000001
10000001111111111111111110000001
10000001111111111111111110000000
11000001111111111111111110000000
11000001111111111111111110000000
11000000111111111111111110000000
11000000111111111111111110000000
11000000111111111111111110000000
11000000111111111111111110000001
11100000111111111111111110000001
11100000111111111111111110000001
11100000011111111111111100000011
11100000011111111111111100000011
11111000001111111111111100000011
11111000000111111111110000000111
11111100000001111111110000001111
11111100000000011111100000111111
11111110000000000000000011111111
11111111100000000000000111111111