11111111110000000000000111111111
11111110000000000000000001111111
11111000000000000000000000011111
11110000000000000000000000000111
11100000000000000000000000000000
11100000000000111100000000000000
11000000000001111111100000000000
11000000000011111111111000000000
11000000000011111111111100000000
11000000000011111111111100000000
10000000000011111111111100000000
10000000000011111111111100000000
10000000000111111111111100000000
00000000000111111111111100000000
00000000001111111111111100000000
00000000001111111111111100000000
10000000001111111111111100000000
10000000001111111111111100000000
10000000001111111111111100000000
11000000001111111111111100000000
11000000001111111111111100000000
11000000000111111111111000000000
11000000000111111111111000000000
11000000000111111111111000000000
11000000000111111111100000000000
11000000000011111111000000000000
11100000000000000000000000000000
11100000000000000000000000000011
11111000000000000000000000001111
11111110000000000000000000011111
11111111100000000000000111111111
11111111111110000000001111111111