11111111111111111100000001111111
11111111111111000000000000000111
11111111111000000000000000000011
11111111000000000000000000000001
11111100000000000000000000000001
11000000000000000000000000000001
10000000000000000000000000000000
00000000000000000000000000000000
00000000000000000000000000000000
00000000011111110000000000000000
11111111111111111000000000000000
11111111111111111000000000000000
11111111111111111100000000000000
11111111111111111100000000000000
11111111111111111100000000000000
11111111111111111100000000000000
11111111111111111100000000000000
11111111111111111110000000000000
11111111111111111110000000000000
11111111111111111110000000000000
11111111111111111111000000000000
11111111111111111111000000000000
11111111111111111111000000000000
11111111111111111111000000000000
11111111111111111111000000000000
11111111111111111111000000000000
11111111111111111111000000000000
11111111111111111111000000000000
11111111111111111111100000000000
11111111111111111111110000000000
11111111111111111111110000000001
11111111111111111111111100000011