11100000000000000000000000111111
10000000000000000000000000011111
00000000000000000000000000001111
00000000000000000000000000001111
11000000000000000000000000000111
11111100000000000000000000001111
11111111110000000000000000001111
11111111110000000000000000011111
11111111110000000000000000111111
11111111110000000000000011111111
11111111100000000000000011111111
11111111000000000000000011111111
11111111000000000000000001111111
11111111000000000000000000111111
11111111000000000000000000011111
11111111000000000000000000000111
11111111110000000000000000000011
11111111111111100000000000000000
11111111111111111100000000000000
11111111111111111110000000000000
11111111111111111111000000000000
11111111111111111111000000000000
11111111111111111111000000000000
11111111111111111111000000000000
11111111111111111110000000000000
11100011111111111100000000000000
10000000011111100000000000000001
10000000000000000000000000000111
11000000000000000000000000000111
11000000000000000000000000011111
11100000000000000000000001111111
11110000000000000000011111111111