11111111111111100000111111111111
11111111111111000000111111111111
11111111111110000000111111111111
11111111111100000001111111111111
11111111111000000001111111111111
11111111111000000011111111111111
11111111110000000011111111111111
11111111100000001111111111111111
11111111000000001111111111111111
11111111000000011111111111111111
11111110000000011111111111111111
11111110000000111111111111111111
11111000000001111111111111111111
11111000000011111111111111111111
11110000000011111111111111111111
11110000000111111110000001111111
11100000001111111110000000111111
11000000001111111110000000111111
11000000011111111100000000111111
10000000011111111100000000011111
00000000001111111000000000001111
00000000000000000000000000000001
00000000000000000000000000000000
10000000000000000000000000000000
11111000000000000000000000000001
11111111111111110000000000001111
11111111111111111000000000011111
11111111111111111100000000011111
11111111111111111110000000111111
11111111111111111110000001111111
11111111111111111111000001111111
11111111111111111111000001111111