11111111111111111100000001111111
11110000000000000000000000000111
00000000000000000000000000000001
11000000000000000000000000000000
11111111110000000000000000000000
11111111111110000000000000000000
11111111111111100000000000000000
11111111111111110000000000000001
11111111111111111000000000001111
11111111111111111000000011111111
11111111111111111000011111111111
11111111111111111011111111111111
11111111111111110111111111111111
11111111111111111111111111111111
11111111111111111111111111111111
11111111110001111111111111111111
11111111110001111111111111111111
11111111111111111111111111111111
11111111111111111111111111111111
11111111111111111111111111111111
11111111111111111111111111111111
11110000011111111111111111111111
11100000001111111111111111111111
11000000001111111111111111111111
11000000011111111111111111111111
11000000111111111111111111111111
11000000111111111111111111111111
10000000111111111111111111111111
00000000111111111111111111111111
00000001111111111111111111111111
10000001111111111111111111111111
11000011111111111111111111111111