11111111111111111111110011111111
11111111111111111111110011111111
11111111111111000000000000011111
11111000000000000000000000000111
11100000000000000000000000000111
10000000000000000000000000000011
10000000000000000000000000000011
00000000000000000000000000000001
00000000000000000000000000000000
00000000000000000000000000000000
00000000000000000000000000000000
00000000000000000000000000000000
10000000000000000000000000000000
11110000000000000000000000000000
11111111000000000000000000000000
11111111000000000000000000000000
11111111111000000000000000000000
11111111111100000000000000000000
11111111111111000000000000000001
11111111111111100000000000000011
11111111111111110000000000000011
11111111111111110000000000000011
11111111111111111000000000000111
11111111111111111100000000001111
11111111111111111100000000011111
11111111111111111110000001111111
11111111111111111110000001111111
11111111111111111110000001111111
11111111111111111110000011111111
11111111111111111110000111111111
11111111111111111100000111111111
11111111111111111100000111111111