11000000000000000000000000001111
00000000000000000000000000000000
00000000000000000000000000000000
00000000000000000000000000000000
10000000000000000000000000000000
11111111111111111111000000000001
11111111111111111111000000000011
11111111111111111111000000001111
11111111111111111110000000011111
11111111111111111100000000111111
11111111111111111000000001111111
11111111111111110000000011111111
11111111111111100000000111111111
11111111111111100000001111111111
11111111111111000000001111111111
11111111111110000000011111111111
11111111111100000000111111111111
11111111111100000001111111111111
11111111111000000001111111111111
11111111110000000001111111111111
11111111110000000111111111111111
11111111110000000111111111111111
11111111000000001111111111111111
11111111000000001111111111111111
11111111000000001111111111111111
11111111000000001111111111111111
11111110000000011111111111111111
11111110000000011111111111111111
11111110000000111111111111111111
11111110000000111111111111111111
11111111000001111111111111111111
11111111000011111111111111111111