11111111111110011111111111111111
11111111100000000000001111111111
11111111000000000000000011111111
11111000000000000000000000001111
11110000000000000000000000000111
11100000000000000000000000000111
11100000000001111111000000000011
11100000000001111111000000000011
11100000000001111111000000000111
11100000000001111111000000000111
11110000000001111111000000000111
11110000000000111000000000001111
11111000000000000000000000001111
11111000000000000000000000011111
11111000000000000000000000011111
11111000000000000000000000011111
11111000000000000000000000001111
11110000000000000000000000001111
11100000000000111110000000000111
11000000000011111111100000000011
00000000001111111111111000000000
00000000011111111111111000000000
00000000011111111111111000000000
00000000011111111111111000000000
00000000011111111111111000000000
00000000000111111111110000000000
10000000000011111111100000000001
11000000000000000000000000000011
11100000000000000000000000000111
11111000000000000000000000011111
11111110000000000000000001111111
11111111100000000000000111111111