11111111110000000000000111111111
11111111000000000000000011111111
11111100000000000000000000011111
11111000000000000000000000001111
11110000000111111110000000000111
11100000001111111111100000000011
11100000011111111111110000000011
11100000011111111111111000000111
11100000001111111111111000000111
11110000000111111111111000011111
11111000000001111111100000011111
11111100000000000000000000111111
11111100000000000000000000111111
11111110000000000000000000111111
11111111000000000000000000111111
11111111000000000000000000111111
11111110000000000000000000011111
11111100000001110000000000000111
11111000011111111110000000000011
11110001111111111111110000000001
11000001111111111111111100000000
10000001111111111111111110000000
10000001111111111111111110000000
00000001111111111111111110000000
00000001111111111111111110000000
00000001111111111111111110000000
10000000011111111111111100000000
11000000001111111111111000000001
11100000000000111111100000000011
11100000000000000000000000000111
11111000000000000000000000011111
11111110000000000000000011111111