11111111111000000000011111111111
11111110000000000000000000111111
11111100000000000000000000001111
11111000000000000000000000000111
11110000000000000000000000000011
11100000000000000000000000000011
11000000000000000000000000000001
10000000000000011110000000000000
10000000000001111110000000000000
00000000000001111110000000000000
00000000000001111110000000000000
00000000000001111110000000000000
00000000000000011000000000000000
00000000000000000000000000000000
10000000000000000000000000000000
11000000000000000000000000000000
11100000000000000000000000000001
11110000000000000000000000000001
11111000000000000000000000000011
11111100000000000000000000000011
11111110000000000000000000000111
11111111100000000000000000001111
11111111100000000000000000001111
11111111111000000000000000011111
11111111111000000000000000111111
11111111111000000000000001111111
11111111111000000000000011111111
11111111111000000000000111111111
11111111111000000000011111111111
11111111111000000000111111111111
11111111111000000011111111111111
11111111111000001111111111111111