11111000000000000000000000011111
11111000000000000000000000000000
11100000000000000000000000000000
11100000000000000000000000000000
11100000000000000000000000000000
11100000000000000000000000000000
11100000000000000000000000000000
11100000000000000000000000000000
11100000000000000000000000000000
11100000000000000000000000000000
11100000000000000000000000000000
11100000000000000000000000000000
11100000000000000000000000000000
11100000000000000000000000000000
11100000000000000000000000000000
11100000000000000000000000000000
11100000000000000000000000000000
11100000000000000000000000000000
11100000000000000000000000000000
11100000000000000000000000000000
00000000000000000000000000000000
00000000000000000000000000000000
00000000000000000000000000000000
00000000000000000000000000000000
00000000000000000000000000000111
00000000000000000000000000000111
00000000000000000000000000000111
00000000000000000000000000000000
00000000000000000000000000000000
00000000000000000000000000000000
11100000000000000000000000000111
11100000000000000000000000011111