11111000011111111111111111111111
11100000000111111111111111000011
11000000000011111111111110000000
11000000000001111111111100000000
10000000000001111111111000000000
10000000000000111111111000000000
10000000000000011111111000000000
10000000000000011111111000000000
00000000000000001111111000000000
00000000000000000111111000000000
00000000000000000011111000000001
00000000000000000011111000000001
00000000000000000001111000000011
00000000000000000000000000000011
00000000000000000000000000000011
00000000000000000000000000000011
00000000000000000000000000000011
00000000011100000000000000000011
00000000011110000000000000000011
00000000111111000000000000000011
00000000111111100000000000000011
00000000111111110000000000000011
00000000111111110000000000000011
00000000111111111000000000000011
10000000111111111100000000000011
10000000111111111100000000000011
10000001111111111100000000000011
11000001111111111110000000000011
11000001111111111111000000000011
11000011111111111111100000000111
11100011111111111111111000000111
11111111111111111111111100011111