11110000111111111111111111111111
11000000001111111111111111111111
10000000000011111111111111000001
00000000000011111111111111000000
00000000000001111111111111000000
00000000000000111111111110000000
00000000000000111111111110000000
00000000000000011111111110000000
00000000000000001111111110000000
10000000000000001111111110000000
10000000000000000111111110000000
10000000000000000011111110000000
10000000000000000000111100000000
10000000000000000000000000000000
10000000000000000000000000000000
10000000000000000000000000000000
10000000000000000000000000000000
10000000000000000000000000000000
10000000001111000000000000000000
10000000001111110000000000000000
10000000001111110000000000000000
11000000011111110000000000000000
11000000011111111000000000000000
11000000011111111100000000000000
11000000111111111100000000000000
11000000111111111110000000000000
11000000111111111111000000000000
11000000111111111111000000000000
11000000111111111111100000000000
11100011111111111111110000000001
11111111111111111111111000000011
11111111111111111111111110000011