11100000111111111111111111111111
10000000001111111111111111100001
00000000000011111111111111000000
00000000000011111111111111000000
00000000000011111111111111000000
00000000000001111111111111000000
00000000000000111111111111000000
00000000000000111111111111000000
00000000000000011111111111000000
00000000000000001111111111000000
10000000000000000111111111000000
10000000000000000111111111000000
10000000000000000011111111000000
10000000000000000011111111000000
10000000000000000001111111000000
10000000111100000001111110000000
10000001111110000000111110000000
10000001111110000000000000000000
10000001111111000000000000000000
10000001111111100000000000000000
10000001111111110000000000000000
10000001111111111000000000000000
10000001111111111000000000000000
10000001111111111100000000000000
10000001111111111100000000000000
10000001111111111110000000000000
10000001111111111111000000000000
10000001111111111111000000000000
10000011111111111111100000000000
10000011111111111111110000000000
10000011111111111111111000000000
11000111111111111111111100000000