11110000011111111111111111111111
11000000000111111111111110000001
10000000000001111111111100000000
10000000000001111111111000000000
10000000000000111111111000000000
10000000000000011111111000000000
10000000000000001111111000000000
10000000000000001111111000000000
00000000000000000111111000000000
00000000000000000011110000000000
00000000000000000000000000000000
00000000000000000000000000000000
00000000000000000000000000000000
00000000000000000000000000000000
00000000000000000000000000000000
00000000000000000000000000000000
00000000000000000000000000000000
00000000000000000000000000000000
00000000000000000000000000000000
00000000000000000000000000000000
00000000000000000000000000000000
00000000000000000000000000000000
00000000000111000000000000000000
00000000001111110000000000000000
00000000001111110000000000000000
00000000011111111000000000000000
00000000011111111000000000000000
00000000011111111110000000000000
00000000011111111110000000000000
00000000011111111110000000000000
10000000111111111111000000000000
11000001111111111111100000000001