11110001111111111111111111111111
11000000011111111111111110000111
11000000001111111111111000000011
10000000000011111111111000000001
00000000000011111111111000000001
00000000000001111111111000000001
00000000000001111111110000000000
00000000000000111111110000000000
00000000000000011111110000000000
00000000000000011111110000000000
00000000000000000111000000000000
00000000000000000000000000000000
00000000000000000000000000000000
00000000000000000000000000000000
00000000000000000000000000000000
00000000000000000000000000000000
00000000000000000000000000000000
00000000000000000000000000000000
00000000000000000000000000000000
00000000000000000000000000000000
00000000000000000000000000000000
00000000000000000000000000000000
00000000000000000000000000000000
00000000000111000000000000000000
00000000001111000000000000000000
00000000001111100000000000000000
10000000001111111000000000000000
11000000011111111000000000000000
11000000011111111110000000000000
11000000111111111111000000000001
11100001111111111111110000000011
11110111111111111111111100000111