11111111111001111111111111111111
11111111111001111111111111111111
11111000000000000000011111111111
11111000000000000000011111111111
11110000000000000000000000011111
11110000000000000000000000011111
11100000000000000000000000000111
11000000000000000000000000000011
11000000000000000000000000000011
11000000000000000000000000000001
11000000000000000000000000000001
10000000000000000000000000000000
00000000000000000000000000000000
00000000000000000000000000000000
00000000000000000000000000000000
00000000000000000000000000000000
00000000000000000000000000000000
00000000000000000000000000000000
00000000000000000000000000000000
00000000000000000000000000000000
00000000000000000000000000000000
00000000000000000000000000000000
00000000000000000000000000000000
00000000000000000000000000000001
00000000000000000000000000000001
00000000000000000000000000000011
10000000000000000000000000011111
10000000000000000000000000011111
10000000000000000000000011111111
10000000000000000000000011111111
11000000000000000011111111111111
11000000000000000011111111111111