11111100000000001111111111111111
11111100000000001111111111111111
11111100000000001111111111111111
11110000000000000000000000001111
11110000000000000000000000001111
11100000000000000000000000000001
11100000000000000000000000000001
11100000000000000000000000000001
10000000000000000000000000000000
10000000000000000000000000000000
00000000000000000000000000000000
00000000000000000000000000000000
00000000000000000000000000000000
00000000000000000000000000000000
00000000000000000000000000000000
00000000000000000000000000000000
00000000000000000000000000000000
00000000000000000000000000000000
00000000000000000000000000000000
00000000000000000000000000000000
00000000000000000000000000000000
00000000000000000000000000000000
10000000000000000000000000000000
10000000000000000000000000000000
10000000000000000000000000000001
10000000000000000000000000000001
10000000000000000000000000000001
11000000000000000000000000000011
11000000000000000000000000000011
11110000000000000000000000001111
11110000000000000000000000001111
11110000000000000000000000001111