11110000000000000011111111111111
11100000000000000000000000000011
11000000000000000000000000000001
10000000000000000000000000000001
10000000000000000000000000000000
00000000000000000000000000000000
00000000000000000000000000000000
00000000000000000000000000000000
00000000000000000000000000000000
10000000000000000000000000000001
11000000000000000000001111111111
11111100001111111111111111111111
11111111111111111111111111111111
11111111111111111111111111111111
11111111111111111111111111111111
11111111111111111111111111111111
11111111111111111111111111111111
11111111111111111111111111111111
11111111111111111111111111111111
11111111111111111111111111111111
11111111111111111111111111111111
11111111111111111111111111111111
11111111111111111111111111111111
11111111111111111111111111111111
11111111111111111111111111111111
11111111111111111111111111111111
11111111111111111111111111111111
11111101111111111111111111111111
11111100111111111111111111111111
11111100111111111111111111111111
11111000111111111111111111111111
11111000111111111111111111111111