11100111111100000000111111111111
11100111111100000000111111111111
11100111111100000000111111111111
10000000000000000000000000001111
10000000000000000000000000001111
00000000000000000000000000000011
00000000000000000000000000000011
00000000000000000000000000000001
00000000000000000000000000000001
00000000000000000000000000000001
00000000000000000000000000000000
00000000000000000000000000000000
00000000000000000000000000000000
00000000000000000000000000000000
00000000000000000000000000000000
00000000000000000000000000000000
00000000000000000000000000000000
00000000000000000000000000000000
00000000000000000000000000000000
00000000000000000000000000000000
00000000000000000000000000000000
00000000000000000000000000000000
10000000000000000000000000000000
10000000000000000000000000000000
10000000000000000000000000000000
10000000000000000000000000000000
10000000000000000000000000000000
11000000000000000000000000000000
11000000000000000000000000000000
11110000000000000000000000000000
11110000000000000000000000000000
11110000000000000000000000000000