11111111111111111111111100000011
11111111111111110000000000000011
11000000000000000000000000000001
10000000000000000000000000000000
00000000000000000000000000000000
00000000000000000000000000000000
00000000000000000000000000000000
00000000000000000000000000000000
10000000000000000000000000000000
10000000000000000000000000000000
10000000000000000000000000000000
10000000000000000000000000000000
10000000000000000000000000000000
11000000000000000000000000000000
11000000000000000000000000000000
11110000000000111111110000000001
11111111111111111111111100000011
11111111111111111111111110011111
11111111111111111111111111111111
11111111111111111111111111111111
11111111111111111111111111111111
11111111111111111111111111111111
11111111111111111111111111111111
11111111111111111111111111100111
11111111111111111111111111100011
11111111111111111111111111100011
11111111111111111111111111100001
11111111111111111111111111100001
11111111111111111111111111100000
11111111111111111111111111110000
11111111111111111111111111110000
11111111111111111111111111111100