11111000000000000000000000011111
11111000000000000000000000011111
11111000000000000000000000011111
11110000000000000000000000001111
11110000000000000000000000001111
11000000000000000000000000000001
11000000000000000000000000000001
10000000000000000000000000000000
10000000000000000000000000000000
10000000000000000000000000000000
10000000000000000000000000000000
00000000000000000000000000000000
00000000000000000000000000000000
00000000000000000000000000000000
00000000000000000000000000000000
00000000000000000000000000000000
00000000000000000000000000000000
00000000000000000000000000000000
00000000000000000000000000000000
00000000000000000000000000000000
00000000000000000000000000000000
10000000000000000000000000000000
10000000000000000000000000000000
10000000000000000000000000000000
10000000000000000000000000000000
11000000000000000000000000000001
11000000000000000000000000000001
11000000000000000000000000000001
11000000000000000000000000000001
11100000000000000000000000000111
11100000000000000000000000000111
11100000000000000000000000000111