11111111000000000000000000000011
11111111000000000000000000000011
11111111000000000000000000000011
11000000000000000000000000000000
11000000000000000000000000000000
11000000000000000000000000000000
00000000000000000000000000000000
00000000000000000000000000000000
00000000000000000000000000000000
00000000000000000000000000000000
00000000000000000000000000000000
00000000000000000000000000000000
00000000000000000000000000000000
00000000000000000000000000000000
00000000000000000000000000000000
00000000000000000000000000000000
00000000000000000000000000000000
10000000000000000000000000000000
10000000000000000000000000000000
10000000000000000000000000000000
10000000000000000000000000000001
10000000000000000000000000000001
10000000000000000000000000000001
10000000000000011111111111110011
10000000000000011111111111110011
10000000000000011111111111110011
11000000000001111111111111111111
11000000000001111111111111111111
11000000000001111111111111111111
11100000000111111111111111111111
11100000000111111111111111111111
11100000000111111111111111111111