11111000000000000000000000000011
11111000000000000000000000000011
11111000000000000000000000000011
11111000000000000000000000000011
11000000000000000000000000000000
11000000000000000000000000000000
11000000000000000000000000000000
11000000000000000000000000000000
00000000000000000000000000000000
00000000000000000000000000000000
00000000000000000000000000000000
00000000000000000000000000000000
00000000000000000000000000000000
00000000000000000000000000000000
00000000000000000000000000000000
00000000000000000000000000000000
00000000000000000000000000000000
00000000000000000000000000000000
00000000000000000000000000000000
00000000000000000000000000000000
00000000000000000000000000000111
00000000000000000000000000000111
00000000000000000000000000000111
00000000000000000000000000000111
11000000000000000000000001111111
11000000000000000000000001111111
11000000000000000000000001111111
11000000000000000000000001111111
11000000000000000000001111111111
11000000000000000000001111111111
11000000000000000000001111111111
11000000000000000000001111111111