11111111100000001111111111111111
11111111100000001111111111111111
11111110000000000000000000000001
11111110000000000000000000000001
11111000000000000000000000000001
11111000000000000000000000000001
11100000000000000000000000000001
11100000000000000000000000000001
11000000000000000000000000000000
11000000000000000000000000000000
10000000000000000000000000000000
10000000000000000000000000000000
00000000000000000000000000000000
00000000000000000000000000000000
00000000000000000000000000000000
00000000000000000000000000000000
00000000000000000000000000000000
00000000000000000000000000000000
00000000000000000000000000000000
00000000000000000000000000000000
00000000000000000000000000000000
00000000000000000000000000000000
00000000000000000000000000000000
00000000000000000000000000000000
00000000000000000000000000000000
00000000000000000000000000000000
10000000000000000000000000000000
10000000000000000000000000000000
10000000000000000000000000000001
10000000000000000000000000000001
11000000000011111111000000000011
11000000000011111111000000000011