11111100001111001111110011111111
11111100001111001111110011111111
10000000000000000000000000001111
10000000000000000000000000001111
00000000000000000000000000000111
00000000000000000000000000000111
00000000000000000000000000000011
00000000000000000000000000000011
00000000000000000000000000000011
00000000000000000000000000000011
00000000000000000000000000000000
00000000000000000000000000000000
10000000000000000000000000000000
10000000000000000000000000000000
10000000000000000000000000000000
10000000000000000000000000000000
11000000000000000000000000000000
11000000000000000000000000000000
11000000000000000000000000000000
11000000000000000000000000000000
11000000000000000000000000000000
11000000000000000000000000000000
11100000000000000000000000000000
11100000000000000000000000000000
11110000000000000000000000000000
11110000000000000000000000000000
11110000000000000000000000000000
11110000000000000000000000000000
11111100000000000000000000000000
11111100000000000000000000000000
11111111000000000000000000000011
11111111000000000000000000000011