11111111111111111111111110001111
11111111111111111111111110001111
11111001111111111110000000000001
11111001111111111110000000000001
11110000000000000000000000000001
11100000000000000000000000000000
11100000000000000000000000000000
11000000000000000000000000000000
10000000000000000000000000000000
10000000000000000000000000000000
10000000000000000000000000000000
10000000000000000000000000000000
00000000000000000000000000000000
00000000000000000000000000000000
00000000000000000000000000000000
00000000000000000000000000000000
00000000000000000000000000000000
00000000000000000000000000000000
00000000000000000000000000000000
00000000000000000000000000000000
00000000000000000000000000000000
00000000000000000000000000000000
00000000000000000000000000000000
00000000000000000000000000000000
10000000000000000000000000000001
11000000000000000000000000000001
11000000000000000000000000000001
11100000000000000000000000000001
11110000000000000000000000000001
11110000000000000000000000000001
11111100000000000000000000000001
11111100000000000000000000000001