11111111111111100001111111111111
11111111100000000000000111111111
11111110000000000000000001111111
11111100000000000000000000111111
11111000000000000000000000001111
11111000000111111111100000000111
11110000011111111111111000000111
11000000011111111111111100000011
11000000011111111111111100000011
11000000011111111111111100000011
10000000011111111111111100000011
10000000111111111111111100000001
10000000111111111111111100000000
10000000111111111111111100000000
10000000111111111111111100000000
10000000111111111111111100000000
00000000111111111111111100000000
00000000111111111111111100000000
00000000111111111111111100000000
00000000111111111111111100000000
00000000011111111111111100000001
11000000011111111111111100000011
11100000111111111111111100000111
11100000111111111111111000000111
11100000011111111111111000000111
11110000011111111111111000000111
11110000000011111111111000001111
11110000000001111111000000001111
11111000000000000000000000001111
11111100000000000000000000111111
11111111100000000000000001111111
11111111111100000000000111111111