11110000000000000000000011111111
11100000000001110000000000111111
11100000001111111100000000011111
11100000011111111110000000001111
11000000011111111111000000001111
11000000011111111111100000001111
10000000011111111111111000001111
10000000111111111111111000011111
10000001111111111111111100011111
10000001111111111111111100001111
10000011111111111111111100000111
00000011111111111111111000000011
00000011111111111111111000000011
10000011111111111111111000000001
10000001111111111111111000000001
10000001111111111111111000000001
10000001111111111111111000000001
10000001111111111111111000000000
10000001111111111111111000000000
10000000111111111111111000000000
10000000111111111111111000000000
11000000011111111111111000000111
11000000011111111111111000001111
11000000111111111111111000001111
11000000111111111111110000001111
11100000111111111111100000001111
11100000001111111111000000001111
11100000000000000000000000011111
11110000000000000000000000011111
11111000000000000000000000011111
11111110000000000000000000111111
11111111100000000000111111111111