11111111111111110000000111111111
11111111111000000000000000111111
11111111100000000000000000001111
11111111000000000000000000000011
11111111111111111110000000000011
11110001111111111111110000000000
11100001111111111111111000000000
11100011111111111111111100000000
11000011111111111111111110000000
11000011111111111111111110000000
10000011111111111111111110000000
00000001111111111111111110000000
00000011111111111111111110000000
00000011111111111111111110000000
00000011111111111111111110000000
00000011111111111111111111000000
00000011111111111111111111000000
00000011111111111111111111000000
00000011111111111111111110000000
00000011111111111111111110000000
00000001111111111111111110000000
00000001111111111111111110000000
10000000111111111111111110000000
10000000011111111111111110000001
10000000011111111111111110000011
10000000000111111111111100000011
11000000000011111111111000000111
11000000000000111111110000001111
11110000000000000000000000011111
11111000000000000000000000111111
11111110000000000000000011111111
11111111110000000000001111111111