11111111111110000000000001111111
11111111111000000000000000011111
11111111110000000000000000001111
11111111100000000000000000000111
11111111000000011111111000000111
11111111000001111111111100000011
11111110000001111111111110000011
11111110000001111111111110000001
11111110000001111111111110000001
11111100000001111111111110000000
11111100000011111111111111000000
11111100000011111111111111000000
11111100000011111111111111000000
11111100000011111111111111000000
11111100000011111111111111000000
11111100000011111111111111000000
11111100000011111111111111000000
11111100000011111111111110000000
00011000000011111111111110000000
00011100000011111111111110000000
11111100000011111111111110000000
11111100000011111111111110000000
11111100000011111111111110000000
11111100000011111111111110000001
11111100000011111111111100000001
11111110000001111111111100000001
11111110000001111111111100000011
11111110000000111111111000000111
11111111000000000000000000000111
11111111100000000000000000001111
11111111110000000000000000011111
11111111111000000000000000111111