11111111111100000000000000111111
11111111110000000000000000001111
11111100000000000000000000000111
11111000000001111111111000000011
11110000000111111111111100000011
11110000011111111111111111000011
11100000111111111111111111000001
11100000111111111111111111100000
11000000111111111111111111100000
11000001111111111111111111100000
10000011111111111111111111100000
10000011111111111111111111110000
10000011111111111111111111110000
10000011111111111111111111110000
10000011111111111111111111110000
10000011111111111111111111100000
10000011111111111111111111100000
00000011111111111111111111100000
00000011111111111111111111100000
00000011111111111111111111100000
00000011111111111111111111100000
00000011111111111111111111100000
00000011111111111111111111000000
00000011111111111111111111000000
10000011111111111111111111000000
10000011111111111111111110000000
11000001111111111111111100000000
11000000111111111111111000000001
11100000011111111111100000000011
11110000000000000000000000000011
11111100000000000000000000001111
11111111000000000000000000111111