11111111111111111100000000000001
11111111111111100000000000000000
11111111111000000000000000000000
11111111100000000000000000000000
11111000000000000000000000000000
11100000000000000000000000000000
10000000000000000000000000000000
10000000000000000000000000000000
00000000000011111100000000000000
00000000111111111110000000000000
11000011111111111110000000000000
11111111111111111111000000000000
11111111111111111111000000000000
11111111111111111111000000000000
11111111111111111111000000000000
11111111111111111111000000000000
11111111111111111111000000000000
11111111111111111111000000000000
11111111111111111111000000000000
11111111111111111111000000000000
11111111111111111110000000000000
11111111111111111110000000000000
11111111111111111110000000000000
11111111111111111110000000000000
11111111111111111110000000000000
11111111111111111110000000000000
11111111111111111110000000000000
11111111111111111110000000000000
11111111111111111110000000000000
11111111111111111110000000000000
11111111111111111111000000000000
11111111111111111111110000000000