11111111111111111111110000111111
11111111111111111110000000011111
11111111111111000000000000000011
11111111111000000000000000000001
11111111000000000000000000000001
11111000000000000000000000000000
11100000000000000000000000000000
11000000000000000000000000000000
10000000000000000000000000000000
10000000000000000000000000000000
11000000000000000000000000000000
11111000001111000000000000000000
11111111111111100000000000000000
11111111111111110000000000000000
11111111111111110000000000000000
11111111111111111000000000000000
11111111111111111000000000000000
11111111111111111000000000000000
11111111111111111000000000000000
11111111111111111000000000000000
11111111111111111000000000000000
11111111111111111000000000000000
11111111111111111000000000000001
11111111111111110000000000000001
11111111111111110000000000000001
11111111111111110000000000000001
11111111111111110000000000000001
11111111111111111000000000000001
11111111111111111000000000000001
11111111111111111000000000000011
11111111111111111100000000000111
11111111111111111110000000001111