11111111111111111111100000111111
11111111111111111000000000000001
11111111111100000000000000000000
11111111110000000000000000000000
11111110000000000000000000000000
11111000000000000000000000000000
11100000000000000000000000000000
10000000000000000000000000000000
00000000001111111100000000000000
11111111111111111110000000000000
11111111111111111111000000000001
11111111111111111111000000000001
11111111111111111111000000000001
11111111111111111111000000000001
11111111111111111111000000000001
11111111111111111111000000000001
11111111111111111111000000000000
11111111111111111111000000000000
11111111111111111111000000000000
11111111111111111111100000000000
11111111111111111111100000000000
11111111111111111111100000000000
11111111111111111111100000000000
11111111111111111111100000000000
11111111111111111111000000000000
11111111111111111111000000000000
11111111111111111111000000000000
11111111111111111111100000000000
11111111111111111111100000000001
11111111111111111111100000000001
11111111111111111111100000000011
11111111111111111111110000000111