11111111111111111110000111111111
11111111111111111000000000011111
11111111111111000000000000000111
11111111110000000000000000000001
11111111000000000000000000000000
11111100000000000000000000000000
11111000000000000000000000000000
11110000000000000000000000000000
10000000000000000000000000000000
10000000000000000000000000000000
11111111111111000000000000000000
11111111111111110000000000000000
11111111111111111000000000000000
11111111111111111100000000000000
11111111111111111100000000000000
11111111111111111100000000000000
11111111111111111100000000000000
11111111111111111100000000000000
11111111111111111100000000000000
11111111111111111100000000000000
11111111111111111100000000000000
11111111111111111100000000000000
11111111111111111100000000000000
11111111111111111100000000000000
11111111111111111100000000000000
11111111111111111100000000000000
11111111111111111100000000000000
11111111111111111100000000000000
11111111111111111100000000000000
11111111111111111100000000000000
11111111111111111110000000000000
11111111111111111111110000000011