11111111111111111111000000001111
11111111111111100000000000000011
11111111111110000000000000000000
11111111100000000000000000000000
11111110000000000000000000000000
11110000000000000000000000000000
11000000000000000000000000000000
00000000000000000000000000000000
00000000000011111100000000000000
11000000111111111100000000000000
11111111111111111110000000000000
11111111111111111110000000000000
11111111111111111110000000000000
11111111111111111110000000000000
11111111111111111110000000000000
11111111111111111110000000000000
11111111111111111110000000000000
11111111111111111110000000000000
11111111111111111110000000000000
11111111111111111110000000000000
11111111111111111110000000000000
11111111111111111110000000000000
11111111111111111110000000000000
11111111111111111110000000000000
11111111111111111110000000000000
11111111111111111110000000000000
11111111111111111111000000000000
11111111111111111111000000000000
11111111111111111111000000000000
11111111111111111111000000000000
11111111111111111111000000000000
11111111111111111111100000000000