11111111111111111100000000000111
11111111111111000000000000000011
11111111111000000000000000000000
11111111100000000000000000000000
11111110000000000000000000000000
11111000000000000000000000000000
11110000000000000000000000000000
11000000000000000000000000000000
11000000000000000000000000000000
00000000000011111000000000000000
00000000000111111100000000000000
11001111111111111100000000000000
11111111111111111100000000000000
11111111111111111100000000000000
11111111111111111100000000000000
11111111111111111100000000000000
11111111111111111110000000000000
11111111111111111110000000000000
11111111111111111100000000000000
11111111111111111100000000000000
11111111111111111100000000000000
11111111111111111100000000000000
11111111111111111100000000000000
11111111111111111100000000000000
11111111111111111110000000000000
11111111111111111110000000000000
11111111111111111110000000000000
11111111111111111110000000000000
11111111111111111110000000000000
11111111111111111110000000000000
11111111111111111110000000000000
11111111111111111110000000000000