11111111111111111110000000001111
11111111111111111000000000000001
11111111111111000000000000000001
11111111110000000000000000000000
11111100000000000000000000000000
11111000000000000000000000000000
11100000000000000000000000000000
00000000000000000000000000000000
00000000000000000000000000000000
00000000000000000000000000000000
00000000000011111000000000000000
10000000011111111100000000000000
11000111111111111100000000000000
11111111111111111100000000000000
11111111111111111100000000000000
11111111111111111100000000000000
11111111111111111110000000000000
11111111111111111110000000000000
11111111111111111110000000000000
11111111111111111110000000000000
11111111111111111110000000000000
11111111111111111110000000000000
11111111111111111110000000000000
11111111111111111110000000000000
11111111111111111100000000000000
11111111111111111100000000000000
11111111111111111100000000000000
11111111111111111100000000000000
11111111111111111100000000000000
11111111111111111110000000000000
11111111111111111110000000000000
11111111111111111111110000000000