11111111111111111111111111000011
11111111111111110000000000000000
11111111111110000000000000000000
11111111100000000000000000000000
11111110000000000000000000000000
11111000000000000000000000000000
11100000000000000000000000000000
10000000000000000000000000000000
00000000000001111100000000000000
00000000000111111100000000000000
10000001111111111100000000000000
11111111111111111100000000000000
11111111111111111100000000000000
11111111111111111110000000000000
11111111111111111110000000000000
11111111111111111110000000000000
11111111111111111110000000000000
11111111111111111100000000000000
11111111111111111100000000000000
11111111111111111100000000000000
11111111111111111100000000000000
11111111111111111100000000000000
11111111111111111100000000000000
11111111111111111100000000000000
11111111111111111100000000000000
11111111111111111100000000000000
11111111111111111100000000000000
11111111111111111100000000000000
11111111111111111100000000000000
11111111111111111100000000000000
11111111111111111100000000000001
11111111111111111100000000000011