11111111111111111110000000000000
11111111111111100000000000000000
11111111111100000000000000000000
11111111100000000000000000000000
11111100000000000000000000000001
11110000000000000000000000000001
11000000000000000000000000000001
10000000000000000000000000000001
10000000000001111110000000000000
10000000000011111110000000000000
10000000001111111110000000000000
10001111111111111110000000000000
11111111111111111110000000000000
11111111111111111110000000000000
11111111111111111110000000000000
11111111111111111110000000000000
11111111111111111110000000000000
11111111111111111110000000000000
11111111111111111110000000000000
11111111111111111110000000000000
11111111111111111110000000000000
11111111111111111110000000000000
11111111111111111110000000000000
11111111111111111110000000000000
11111111111111111110000000000000
11111111111111111110000000000000
11111111111111111110000000000000
11111111111111111110000000000000
11111111111111111110000000000000
11111111111111111110000000000000
11111111111111111110000000000001
11111111111111111110000000000011