11111111111111111111110000001111
11111111111111100000000000000000
11111111111110000000000000000000
11111111110000000000000000000000
11111111000000000000000000000000
11110000000000000000000000000000
11000000000000000000000000000000
11000000000000000000000000000000
11000000000000111110000000000000
11000000000011111110000000000000
00000000011111111110000000000000
00000001111111111110000000000000
11111111111111111110000000000000
11111111111111111110000000000000
11111111111111111110000000000000
11111111111111111110000000000000
11111111111111111110000000000000
11111111111111111110000000000000
11111111111111111110000000000000
11111111111111111110000000000000
11111111111111111110000000000000
11111111111111111110000000000000
11111111111111111110000000000000
11111111111111111110000000000000
11111111111111111110000000000000
11111111111111111110000000000000
11111111111111111110000000000000
11111111111111111110000000000000
11111111111111111110000000000000
11111111111111111110000000000000
11111111111111111110000000000000
11111111111111111110000000000000