11111111111111111111000000111111
11111111111111111000000000000111
11111111111111000000000000000000
11111111111000000000000000000001
11111111000000000000000000000001
11111100000000000000000000000001
11110000000000000000000000000001
10000000000000000000000000000001
10000000000000111000000000000001
00000000001111111100000000000001
11000001111111111110000000000001
11111111111111111110000000000001
11111111111111111110000000000000
11111111111111111100000000000000
11111111111111111100000000000000
11111111111111111100000000000000
11111111111111111100000000000000
11111111111111111100000000000000
11111111111111111100000000000000
11111111111111111110000000000000
11111111111111111110000000000000
11111111111111111110000000000000
11111111111111111110000000000000
11111111111111111110000000000000
11111111111111111110000000000000
11111111111111111110000000000000
11111111111111111110000000000000
11111111111111111110000000000000
11111111111111111110000000000000
11111111111111111110000000000000
11111111111111111111000000000001
11111111111111111111100000000111