11111111111111111110011111111111
11111111111111111100000000111111
11111111111111111111000000000111
11111111111111111111110000000011
11111111111111111111110000000000
11111111111111111111111100000000
11111111111111111111111100000000
11111111111111111111111100000000
11111111111111111111111100000000
11111111111111111111111100000000
11111111111111111111111100000000
11111111111111111111110000000000
11111111111111111111110000000000
11111111111111111111100000000011
11111111111111111110000000000111
11111111111111110000000000011111
11111111111111100000000111111111
11111111111110000000011111111111
11111111111000001111111111111111
11111110000000111111111111111111
11111100000001111111111111111111
11111000000111111111111111111111
11100000001111111111111111111111
11000000001111111111111111111111
10000000001111111111111111111111
10000000001111111111111111111111
00000000001111111111111111111111
00000000000011111111111111111111
00000000000001111111111111111111
00000000000000000011111111111111
10000000000000000000011111111111
11100000000000000000001111111111