11111111111111100000001111111111
11111111111111100000001111111111
11111111111111000000001111111111
11111111111110000000011111111111
11111111111110000000111111111111
11111111111100000001111111111111
11111111111000000001111111111111
11111111110000000011111111111111
11111111110000000111111111111111
11111111100000000111111111111111
11111111000000001111111111111111
11111111000000011111111111111111
11111110000000111111111111111111
11111000000000111111111111111111
11111000000001111110000000111111
11111000000011111110000000011111
11110000000011111110000000011111
11100000000011111110000000111111
11100000000111111110000000111111
11000000000111111110000000011111
00000000000000000000000000000001
00000000000000000000000000000000
00000000000000000000000000000000
10000000000000000000000000000000
11000000000000000000000000000000
11111111111111111100000000111111
11111111111111111100000000111111
11111111111111111100000000111111
11111111111111111100000000111111
11111111111111111100000000111111
11111111111111111110000000111111
11111111111111111111000000111111