11111111111111000000001111111111
11111111111110000000000111111111
11111111111110000000011111111111
11111111111110000000111111111111
11111111111110000000111111111111
11111111111100000000111111111111
11111111111000000000111111111111
11111111111000000000111111111111
11111111100000000011111111111111
11111111100000000111111111111111
11111111100000000111111111111111
11111110000000001111111111111111
11111110000000011111111111111111
11111100000000111110000001111111
11111000000001111110000001111111
11111000000001111100000000111111
11100000000011111100000000011111
11100000000111111100000000011111
11000000001111111100000000011111
11000000001111110000000000011111
11000000000000000000000000000111
10000000000000000000000000000000
00000000000000000000000000000000
10000000000000000000000000000000
11111100000000000000000000000001
11111111111111110000000000111111
11111111111111111100000000111111
11111111111111111100000000111111
11111111111111111100000000111111
11111111111111111100000000011111
11111111111111111100000000111111
11111111111111111100000111111111