11111111111100000000011101111111
11111100000000000000000000001111
11110000000000000000000000000111
11110000000000000000000000001111
11110000000000000000000000011111
11110000000000000000011111111111
11110000000111111111111111111111
11110000000111111111111111111111
11110000000111111111111111111111
11100000000111111111111111111111
11100000000001111111111111111111
11100000000000000000000011111111
11100000000000000000000001111111
11100000000000000000000000001111
11100000000000000000000000000111
11100000000000000000000000000011
11100000001111111111000000000011
11110000111111111111100000000000
11111111111111111111110000000000
11111111111111111111111100000000
11111111111111111111111100000000
11111111111111111111111100000000
11111111111111111111111100000001
10000001111111111111111100000001
00000000011111111111111100000011
00000000001111111111110000000111
10000000000001111111000000000111
11000000000000000000000000001111
11100000000000000000000000001111
11110000000000000000000000111111
11111100000000000000000011111111
11111111000000000000011111111111