11100001111111111111111111111111
11000000000000000000000000000001
11000000000000000000000000000000
11000000000000000000000000000001
10000000000000000000000000011111
10000000000111111111111111111111
10000000000111111111111111111111
10000000000111111111111111111111
00000000000111111111111111111111
00000000000111111111111111111111
00000000000000001111111111111111
00000000000000000000111111111111
00000000000000000000000111111111
00000000000000000000000000111111
11000000000000000000000000000111
11111111111111111100000000000011
11111111111111111111100000000001
11111111111111111111100000000000
11111111111111111111110000000000
11111111111111111111110000000000
11111111111111111111110000000000
11111111111111111111100000000000
11111111111111111111100000000000
11111111111111111111100000000000
11111111111111111111100000000001
11111111111111111100000000000011
11111111111111110000000000000111
11111111111100000000000000111111
11100000000000000000000001111111
10000000000000000000000111111111
00000000000000000000111111111111
00000000000000000111111111111111