11111111000000000000000000001111
11111100000000000000000000000111
11111000000000000000000000000111
11110000000000000000000000001111
11110000000000000111111111111111
11110000000011111111111111111111
11110000001111111111111111111111
11110000001111111111111111111111
11100000001111111111111111111111
11100000001111111111111111111111
11100000001111000000011111111111
11000000000000000000000011111111
11000000000000000000000000011111
11000000000000000000000000001111
11000000000000111000000000000111
10000000001111111111100000000011
11100000111111111111111000000000
11111111111111111111111000000000
11111111111111111111111100000000
11111111111111111111111110000000
11111111111111111111111110000000
11111111111111111111111110000000
11111111111111111111111110000000
11000001111111111111111100000000
00000000111111111111111100000000
00000000011111111111111000000000
11000000001111111111100000000011
11000000000011111111000000000111
11110000000000000000000000001111
11111000000000000000000000011111
11111110000000000000000011111111
11111111111000000000011111111111