11111110000000000000000000000011
11111000000000000000000000000000
11100000000000000000000000000000
11110000000000000000000000011111
11110000000111111111111111111111
11100000011111111111111111111111
11100000111111111111111111111111
11100000111111111111111111111111
11000000111111111111111111111111
11000000111111111111111111111111
11000000000000001111111111111111
11000000000000000000011111111111
11100000000000000000000001111111
11100000000000000000000000111111
11111111111111110000000000000111
11111111111111111111100000000011
11111111111111111111111100000001
11111111111111111111111110000000
11111111111111111111111111000000
11111111111111111111111111100000
11111111111111111111111111100000
11111111111111111111111111000000
11111111111111111111111111000000
11111111111111111111111100000000
11111111111111111111111100000000
11111111111111111111100000000001
11111111111111111110000000000111
11111111111111100000000000000111
11111111111100000000000000111111
11100000000000000000000011111111
00000000000000000000111111111111
00000000000000111111111111111111