10000000000000000000000000000011
00000000000000000000000000000000
11000000000000000000000000000000
11111111111111111111110000000000
11111111111111111111111100000001
11111111111111111111111111000011
11111111111111111111111111111111
11111111111111111111111111111111
11111111111111111111111111111111
11111111111111111111111111111111
11111111111111111111111111111111
11111111111111111111111111111111
11111111111111111111111111111111
11111111111111111111111111111111
11111111111111111111111111111111
11111111111111111111111111111111
11111111111111111111111111111111
11111111111111111111111111111111
11111111111111111100111111111111
11111111111111111000111111111111
11111111111111110001111111111111
11111111111111100011111111111111
11111111111111000011111111111111
11111111111110000011111111111111
11111111111100000111111111111111
11111111111100001111111111111111
11111111111000001111111111111111
11111111110000001111111111111111
11111111110000011111111111111111
11111111100000111111111111111111
11111111000000111111111111111111
11111111000011111111111111111111