11100000001111110000111111100111
00000000000000000000000000000000
10000000000000000000000000000000
11111111111111111111111000000000
11111111111111111111111100000001
11111111111111111111111100000011
11111111111111111111111000000011
11111111111111111111110000000111
11111111111111111111110000001111
11111111111111111111000000011111
11111111111111111110000000111111
11111111111111111100000001111111
11111111111111110000000011111111
11111111111111110000001111111111
11111111111111000000011111111111
11111111111111000000111111111111
11111111111100000011111111111111
11111111111100000011111111111111
11111111111000000111111111111111
11111111110000001111111111111111
11111111100000011111111111111111
11111111100000111111111111111111
11111111000000111111111111111111
11111111000001111111111111111111
11111111000001111111111111111111
11111111000001111111111111111111
11111111000001111111111111111111
11111111000001111111111111111111
11111111000001111111111111111111
11111111000001111111111111111111
11111111000011111111111111111111
11111111000011111111111111111111