11000000011111111111111111111111
11000000011111111111111111111111
11000000011111111111111111111111
11000000011111111111111111111111
11000000011111111111111111111111
11000000011111111111111111111111
10000000000000000011111000011111
10000000000000000011111000011111
10000000000000000011111000011111
10000000000000000011111000011111
10000000000000000011111000011111
00000000000000000000000000000000
00000000000000000000000000000000
00000000000000000000000000000000
00000000000000000000000000000000
00000000000000000000000000000000
00000000000000000000000000000000
00000000000000000000000000000000
00000000000000000000000000000000
00000000000000000000000000000000
00000000000000000000000000000000
00000000000000000000000000000000
00000000000000000000000000000000
00000000000000000000000000000000
00000000000000000000000000000000
00000000000000000000000000000000
10000000000000000000000000000000
10000000000000000000000000000000
10000000000000000000000000000000
10000000000000000000000000000000
10000000000000000000000000000000
10000000000000000000000000000000