11111111000000000000001111111111
11111110000000000000000011111111
11111100000000000000000000111111
11110000000000000000000000001111
11100000000000000000000000001111
11100000000000111100000000000111
11100000000001111100000000000111
11100000000001111100000000000111
11100000000001111000000000000111
11110000000001110000000000001111
11110000000000000000000000001111
11110000000000000000000000011111
11111000000000000000000000111111
11111000000000000000000000111111
11111000000000000000000000111111
11111000000000000000000000011111
11110000000000000000000000001111
11110000000000000000000000000111
11100000000000011100000000000011
11000000000011111111000000000011
11000000000111111111110000000001
10000000001111111111110000000000
10000000001111111111110000000000
10000000001111111111110000000000
10000000001111111111110000000000
11000000000111111111000000000000
11000000000011111110000000000000
11100000000000000000000000000011
11110000000000000000000000000011
11111000000000000000000000001111
11111110000000000000000000111111
11111111000000000000000111111111