11111111100000000000000001111111
11111110000000000000000000011111
11111110000011111111100000000111
11111000001111111111111000000011
11111000011111111111111000000001
11111000011111111111111100000001
11110000011111111111111100000001
11110000011111111111111100000011
11111000001111111111111100000111
11111000000111111111111000000111
11111000000001111111111000011111
11111100000000000000000000011111
11111110000000000000000000011111
11111110000000000000000000011111
11111110000000000000000000011111
11111100000000000000000000011111
11111100000000000000000000001111
11111000000111111111100000000111
11110000011111111111111000000011
11100000111111111111111110000001
11100001111111111111111111000000
11000011111111111111111111110000
10000011111111111111111111110000
00000011111111111111111111110000
00000011111111111111111111110000
00000011111111111111111111100000
00000001111111111111111111000000
10000000111111111111111111000000
11100000011111111111111100000001
11100000000011111111100000000111
11111000000000000000000000001111
11111100000000000000000000111111