11111111111111110000111111111111
11111111111111110000000111111111
11111111111111111100000000111111
11110000111111111111000000001111
11110000111111111111100000001111
11110000111111111111100000001111
11100000111111111111110000001111
11100000011111111111110000001111
11110000000111111111110000001111
11110000000011111111110000011111
11110000000001111111110000111111
11111000000000000000000001111111
11111000000000000000000001111111
11111100000000000000000001111111
11111100000000000000000000111111
11111100000000000000000000011111
11111100000000000000000000001111
11111000000000000000000000000111
11110000111111111110000000000011
11000001111111111111100000000001
11000011111111111111110000000001
10000011111111111111111100000000
00000011111111111111111110000000
00000011111111111111111110000000
00000001111111111111111111000000
00000001111111111111111111000000
10000000111111111111111111000000
10000000001111111111111110000001
11000000000001111111111000000011
11000000000000001111110000001111
11110000000000000000000000111111
11111100000000000000000011111111