11111111000000000000000011111111
11111110000000000000000000111111
11111000000000000000000000001111
11110000000000000000000000000111
11110000000011111111100000000011
11110000001111111111110000000011
11110000001111111111110000000111
11110000001111111111111000001111
11110000000111111111111000001111
11110000000011111111111000001111
11111000000001111111110000111111
11111100000000000000000000111111
11111110000000000000000000111111
11111110000000000000000000111111
11111110000000000000000000111111
11111110000000000000000000011111
11111000000000000000000000001111
11110000000001111111100000000111
11100000001111111111111000000001
11000000011111111111111100000000
10000000111111111111111110000000
00000001111111111111111110000000
00000001111111111111111110000000
00000001111111111111111110000000
00000001111111111111111110000000
00000000111111111111111110000000
10000000001111111111111110000000
10000000000111111111111100000001
11100000000000111111110000000011
11110000000000000000000000000111
11111100000000000000000000001111
11111111000000000000001111111111