11111111111110000000001111111111
11111111110000000000000001111111
11111110000000000000000000011111
11111100000000000000000000001111
11111000000000000000000000000111
11111000000001111111100000000011
11110000000011111111100000000011
11110000000011111111100000000011
11110000000011111111100000000011
11110000000011111111000000000011
11111000000000111110000000000111
11111100000000000000000000001111
11111110000000000000000000001111
11111110000000000000000000011111
11111110000000000000000000011111
11111110000000000000000000011111
11111100000000000000000000001111
11111000000000000000000000001111
11110000000000111111000000000111
11100000000011111111000000000011
11000000000111111111110000000011
11000000011111111111111000000001
10000000111111111111111000000000
10000000111111111111111000000000
10000000111111111111111000000000
00000000011111111111110000000000
10000000001111111111000000000000
11000000000000000000000000000000
11100000000000000000000000000011
11110000000000000000000000001111
11111100000000000000000000111111
11111111110000000000001111111111