11111111111100000001111111111111
11111111000000000000000001111111
11111100000000000000000000111111
11111000000000000000000000001111
11110000000001111110000000001111
11110000000011111111000000001111
11110000000111111111100000001111
11110000000111111111100000000111
11110000000111111111100000001111
11111000000011111111000000001111
11111000000000000000000000011111
11111100000000000000000000011111
11111100000000000000000000111111
11111110000000000000000000111111
11111110000000000000000000111111
11111110000000000000000000111111
11111100000000000000000000111111
11111000000000000000000000001111
11110000000011111111100000001111
11000000000111111111110000000011
10000000001111111111110000000001
00000000001111111111111000000000
00000000011111111111111000000000
00000000011111111111111000000000
00000000001111111111110000000000
00000000001111111111110000000000
00000000000111111111110000000001
11000000000011111111000000000011
11100000000000000000000000001111
11111000000000000000000000011111
11111100000000000000000000111111
11111110000000000000000001111111