11111111111000000000001111111111
11111111000000000000000011111111
11111100000000000000000000111111
11111000000000000000000000011111
11110000000000000000000000001111
11100000000000000000000000000111
11100000000000000000000000000011
11100000000000000000000000000011
11100000000000000000000000000011
11100000000000000000000000000011
11100000000000000000000000000111
11110000000000000000000000000111
11110000000000000000000000000111
11111000000000000000000000001111
11111000000000000000000000001111
11110000000000000000000000000111
11100000000000000000000000000111
11000000000000000000000000000011
10000000000000000000000000000011
10000000000000000000000000000001
10000000000000000000000000000000
00000000000000011110000000000000
00000000000000011110000000000000
10000000000000011110000000000000
10000000000000000000000000000000
11000000000000000000000000000000
11100000000000000000000000000001
11100000000000000000000000000011
11110000000000000000000000000111
11111100000000000000000000001111
11111110000000000000000001111111
11111111110000000000000011111111