11111111000000000000001111111111
11111100000000000000000011111111
11111000000000000000000000111111
11110000000000000000000000001111
11100000000000000000000000000111
11100000000111111100000000000011
11100000000111111111100000000011
11100000000111111111100000000011
11100000000111111111100000000011
11100000000111111111000000000111
11110000000011111100000000001111
11110000000000000000000000011111
11111000000000000000000000111111
11111100000000000000000000111111
11111100000000000000000000111111
11111100000000000000000000111111
11110000000000000000000000011111
11100000000000000000000000000111
11000000000011111110000000000011
10000000001111111111110000000001
10000000011111111111110000000001
00000000111111111111111000000000
00000000111111111111111000000000
00000000111111111111111000000000
00000000111111111111111000000000
00000000111111111111110000000000
00000000011111111111110000000000
00000000000001111100000000000001
11000000000000000000000000000011
11000000000000000000000000000011
11110000000000000000000000011111
11111100000000000000000011111111