11111111111111101111111111111111
11111111110000000000001111111111
11111100000000000000000000111111
11111000000000000000000000011111
11110000000000000000000000000111
11100000000000000000000000000011
11000000000011111111000000000001
10000000000011111111100000000001
00000000000111111111110000000000
00000000000111111111110000000000
00000000001111111111111000000000
00000000011111111111111000000000
00000000011111111111111000000000
10000000001111111111111000000000
10000000000111111111100000000000
11000000000001111111000000000000
11100000000000000000000000000001
11100000000000000000000000000001
11111000000000000000000000000011
11111110000000000000000000000011
11111111110000000000000000000111
11111111111110000000000000001111
11111111111110000000000000011111
11111111111110000000000000111111
11111111111110000000000001111111
11111111111100000000000011111111
11111111110000000000000111111111
11111111100000000000001111111111
11111111000000000000111111111111
11111110000000000000111111111111
11111110000000000011111111111111
11111111000000001111111111111111