11111111111000000000001111111111
11111111000000000000000001111111
11111000000000000000000000011111
11110000000000000000000000001111
11000000000000111110000000000011
10000000001111111111110000000001
10000000011111111111110000000000
10000000111111111111111000000000
00000000111111111111111000000000
00000000111111111111111100000000
00000000111111111111111100000000
10000000111111111111111100000000
10000000011111111111111100000000
10000000001111111111111000000000
11000000000011111111110000000000
11100000000000111111100000000001
11110000000000000000000000000001
11111000000000000000000000000011
11111110000000000000000000000111
11111111110000000000000000001111
11111111111111000000000000011111
11111111111111111000000000011111
11111111111111111000000001111111
11111111111111110000000001111111
11111111111111000000000011111111
11111111111110000000001111111111
11111111111100000000011111111111
11111111111000000000111111111111
11111111110000000001111111111111
11111111000000000111111111111111
11111110000000001111111111111111
11111110000000011111111111111111