11111111111111000001111111111111
11111111100000000000000011111111
11111110000000000000000001111111
11111000000000000000000000011111
11110000000000000000000000001111
11100000000000000000000000001111
11000000000001111110000000000011
10000000000011111111100000000011
10000000001111111111110000000001
10000000001111111111110000000000
00000000001111111111110000000000
00000000001111111111110000000000
00000000001111111111110000000000
00000000000111111111110000000000
10000000000011111111100000000000
11000000000001111100000000000000
11000000000000000000000000000000
11100000000000000000000000000000
11110000000000000000000000000000
11111000000000000000000000000000
11111110000000000000000000000000
11111111100000000000000000000001
11111111111111111111000000000001
11111111111111111111000000000011
11100000001111111111000000000011
11100000000011111110000000000011
11100000000000000000000000000111
11100000000000000000000000001111
11110000000000000000000000011111
11111000000000000000000000111111
11111110000000000000000011111111
11111111100000000000001111111111