11111111111110000000000111111111
11111111100000000000000001111111
11111110000000000000000000011111
11111000000000000000000000000111
11110000000111111111110000000111
11100000001111111111111100000011
11000000111111111111111110000011
11000001111111111111111111000011
10000001111111111111111111100001
00000001111111111111111111100000
00000011111111111111111111100000
10000011111111111111111111000000
10000011111111111111111110000000
11000011111111111111111110000000
11000001111111111111111000000000
11100000111111111111100000000001
11110000000001111000000000000001
11111000000000000000000000000011
11111111000000000000000000000011
11111111110000000000000000000111
11111111111111110000000000011111
11111111111111111100000000011111
11111111111111111100000001111111
11111111111111111000000011111111
11111111111111110000000111111111
11111111111111100000001111111111
11111111111110000000011111111111
11111111111100000000111111111111
11111111111000000011111111111111
11111111100000000111111111111111
11111111000000011111111111111111
11111111000001111111111111111111