11100000000000000000000000001111
10000000000000000000000000000011
00000000000000000000000000000011
10000000000000000000000000000011
11111111000000000000001111111111
11111111110000000000001111111111
11111111111000000000011111111111
11111111111000000000011111111111
11111111111000000000011111111111
11111111110000000000001111111111
11111111110000000000001111111111
11111111110000000000001111111111
11111111110000000000001111111111
11111111110000000000001111111111
11111111110000000000001111111111
11111111110000000000001111111111
11111111110000000000001111111111
11111111110000000000001111111111
11111111111000000000001111111111
11111111111000000000001111111111
11111111111000000000001111111111
11111111111000000000001111111111
11111111111000000000001111111111
11111111111000000000001111111111
11111111111000000000001111111111
11111111111000000000001111111111
11111111110000000000001111111111
11111111110000000000000111111111
11111110000000000000000000001111
00000000000000000000000000000000
00000000000000000000000000000000
10000000000000000000000000000000