11100001111111111111111111111111
10000000011111111111111111110000
00000000001111111111111111110000
00000000001111111111111111110000
00000000000111111111111111110000
00000000000011111111111111110000
00000000000011111111111111110000
00000000000001111111111111110000
00000000000000111111111111110000
00000000000000011111111111110000
00000000000000011111111111110000
00000000000000001111111111110000
00000000000000000111111111110000
00000000111000000011111111110000
00000001111100000001111111100000
00000001111110000000111111100000
00000001111111000000011111100000
00000001111111100000011111100000
00000001111111110000001111000000
00000001111111110000000000000000
00000001111111111000000000000000
00000001111111111100000000000000
00000011111111111110000000000000
00000011111111111111000000000000
00000011111111111111100000000000
00000011111111111111100000000000
00000011111111111111110000000000
00000011111111111111111000000000
00000011111111111111111000000000
00000011111111111111111100000000
10000011111111111111111111000001
11000111111111111111111111100001