10000000111111111111111100000111
00000000001111111111111100000000
00000000000111111111111100000000
00000000000011111111111100000000
00000000000011111111111100000000
00000000000001111111111100000000
00000000000000111111111100000000
00000000000000111111111100000000
00000000000000011111111100000000
00000000000000001111111100000000
00000000000000000111111100000000
00000000000000000111111100000000
00000000000000000011111100000000
00000000000000000001111100000000
00000000111000000001111100000000
00000000111100000000111100000000
00000000111110000000011100000000
00000000111110000000000000000000
00000000111111000000000000000000
00000000111111100000000000000000
00000000111111100000000000000000
00000000111111111000000000000000
00000000111111111100000000000000
00000000111111111100000000000000
00000000111111111100000000000000
00000000111111111110000000000000
00000000111111111111000000000000
00000000111111111111100000000000
00000000111111111111110000000000
00000000111111111111110000000000
10000000111111111111111000000000
11100011111111111111111100000111