11110001111111111111111111000011
10000000011111111111111110000001
00000000000111111111111110000000
00000000000111111111111110000000
00000000000011111111111110000000
00000000000001111111111110000000
00000000000000111111111110000000
00000000000000111111111110000000
00000000000000011111111111000000
10000000000000001111111111000000
10000000000000000111111111000000
10000000000000000111111111000000
11000000000000000011111111000000
11000000111000000011111111000000
11000000111100000001111111000000
10000000111110000000111111000000
10000001111111000000011111000000
11000001111111100000001111000000
11000001111111110000000000000000
11000001111111110000000000000000
11000001111111111000000000000000
11000001111111111000000000000000
11000001111111111110000000000000
11000001111111111110000000000000
11000001111111111111000000000000
11000001111111111111100000000000
11000001111111111111100000000000
11000001111111111111110000000000
11000001111111111111111100000000
11100001111111111111111110000000
11100001111111111111111111000000
11110001111111111111111111110011