11111000111111111111111111111111
11100000001111111111111111000011
11000000000111111111111100000001
11000000000011111111111100000000
11000000000001111111111100000000
10000000000000111111111100000000
10000000000000111111111100000000
10000000000000111111111100000000
10000000000000011111111100000000
10000000000000000111111100000000
10000000000000000111111100000000
10000000000000000011111100000000
10000000000000000001111100000000
10000000000000000001111100000000
10000000000000000000111100000000
10000000000000000000000000000000
10000000000000000000000000000000
10000000000000000000000000000000
10000000001110000000000000000000
10000000001111000000000000000000
10000000001111100000000000000000
00000000011111111000000000000000
00000000011111111000000000000000
00000000111111111100000000000000
00000000111111111110000000000000
00000000111111111111000000000000
00000000111111111111000000000000
00000000111111111111000000000000
10000000111111111111100000000000
11000000111111111111110000000000
11100001111111111111110000000001
11110011111111111111111100000011