11000011111111111111111111000011
11000000111111111111111110000001
10000000011111111111111110000001
10000000001111111111111110000001
00000000000111111111111110000001
00000000000011111111111110000001
00000000000011111111111110000011
00000000000001111111111110000011
10000000000000111111111110000011
10000000000000111111111110000011
10000000000000001111111110000011
10000000000000001111111110000011
10000001100000000111111110000001
10000001110000000111111110000000
00000001111000000011111110000000
00000001111100000001111110000000
00000001111110000000111110000000
00000001111110000000111110000000
10000001111111000000001110000000
10000001111111100000000110000000
10000001111111100000000000000000
10000001111111110000000000000000
10000001111111111000000000000000
10000001111111111100000000000000
10000001111111111110000000000000
10000001111111111110000000000000
10000001111111111111000000000001
10000001111111111111000000000001
10000001111111111111100000000001
11000001111111111111110000000001
11000001111111111111111000000001
11100001111111111111111110000011